BidCostStat	2.5
2021-10-21
11868	407197-141296-0-0	ichip-ru.turbopages.org	0.000008	1	0	0
11858	789056-261539-0-0	mix.tj	0.000008	1	0	0
12507	56789164-384326-0-0	pricecoins-ru.turbopages.org	0.000008	1	0	0
14051	15740-2946679910-0-Bubble^20Shooter^20Legend	com.linkdesks.ibubble	0.000534	1	0	0
11858	33263340-551203-0-0	infotime.co	0.000072	1	0	0
12507	36472703-407939-0-0	cameralabs-org.turbopages.org	0.000008	1	0	0
14057	36195-472385-0-0	novos.mk.ru	0.000072	1	0	0
13156	1-com.suwarni.carsaddonmcpe-Appodeal^20SSP-Cars^20Addo	com.suwarni.carsaddonmcpe	0.000468	1	0	0
12368	0-216200-0-0	tass.ru	0.000072	1	0	0
11857	36493473-331129-0-0	primpress.ru	0.000007	1	0	0
11904	3918140-987759-0-0	sims3pack.ru	0.000008	1	0	0
12507	4392349-245277-0-0	sovets24-ru.turbopages.org	0.000008	1	0	0
12507	91624402-825518-0-0	fedpress-ru.turbopages.org	0.000008	1	0	0
12507	7392844-260713-0-0	wiseeconomist-ru.turbopages.org	0.000008	1	0	0
12507	1180293-56287-0-0	www.kaluga-poisk.ru	0.000007	1	0	0
12512	7632479-149423-0-0	rueconomics.ru	0.000072	1	0	0
12367	0-187544-0-0	russian.rt.com	0.000072	1	0	0
13156	33-com.easybrain.nonogram.color-easybrain-Nonogram	com.easybrain.nonogram.color	0.000534	1	0	0
11868	7295714-188279-0-0	russian.rt.com	0.000072	1	0	0
11865	65101275-579344-0-0	doctorpiter.ru	0.000072	1	0	0
13812	2735233274-394342564-0-0	www.soccer.ru	0.000984	1	0	0
11858	61934491-415282-0-0	usman.superjob.ru	0.000008	1	0	0
11857	1560494-403965-0-0	quto-ru.turbopages.org	0.000008	1	0	0
11904	571882-179755-0-0	ru.armeniasputnik.am	0.000008	1	0	0
14051	15740-4180342981-0-Dungeon^20Crusher:^20Soul^20Hunters	com.towardsmars.dungeoncrusher	0.000534	1	0	0
11909	91778991-1212099-0-0	xn----etbgmjbfo6amkv.turbopages.org	0.000008	1	0	0
12507	1322075-70350-0-0	fb-ru.turbopages.org	0.000004	1	0	0
12512	498578-26254-0-0	www.kp.ru	0.000008	1	0	0
12507	7346122-146902-0-0	ivanovonews-ru.turbopages.org	0.000002	1	0	0
11865	22777386-190210-0-0	dekorin.me	0.000008	1	0	0
11865	30570339-681433-0-0	www.26-2.ru	0.000008	1	0	0
13156	24682-142183-Mintegral-Topface^20Android	com.topface.topface	0.000534	1	0	0
8589	4055354604-3072706320-0-0	otvet.mail.ru	0.000984	1	0	0
11868	498578-26254-0-0	www.kp.ru	0.000008	1	0	0
12507	1085061-547807-0-0	be5-biz.turbopages.org	0.000008	1	0	0
13680	40621-605301-0-0	www.graycell.ru	0.000007	1	0	0
9864	0-187544-0-0	m.7days.ru	0.000036	1	0	0
11860	5706550-281826-0-0	ren.tv	0.000004	1	0	0
14051	15740-888558689-0-Дурак^20Новый	com.eapoker.durak.international	0.000429	1	0	0
11857	90345299-637118-0-0	medinfo-yar.ru	0.000008	1	0	0
11865	7378703-147144-0-0	eadaily.com	0.000008	1	0	0
11868	63507557-427344-0-0	primechaniya.ru	0.000072	1	0	0
14051	3228644433-1342245803-0-0	www.cbsnews.com	0.000534	1	0	0
14051	15740-1632689916-0-Standoff^202	com.axlebolt.standoff2	0.000534	1	0	0
11858	6746465-142629-0-0	hh.ru	0.000008	2	0	0
11904	395247-2681-0-0	resurs.agroserver.ru	0.000008	1	0	0
11860	88404192-1298766-0-0	hammer-shop.ru	0.000008	1	0	0
11858	54586168-343710-0-0	master4dom.ru	0.000008	1	0	0
12512	90990729-649730-0-0	razvitie-vospitanie.ru	0.000008	1	0	0
11868	65101275-579437-0-0	www.parents.ru	0.000008	1	0	0
14146	36195-472385-0-0	www.mk.ru	0.000072	1	0	0
11909	66475862-459160-0-0	gorod55-ru.turbopages.org	0.000001	1	0	0
11858	32402134-217631-0-0	wooordhunt.ru	0.000008	1	0	0
11857	92519834-1268160-0-0	mp3uk.net	0.000008	1	0	0
14051	41b3cb8776bb080007be6e0c435825c6-1036741813-0-Box^20	com.cucumber.secsim	0.000534	1	0	0
11909	3598907-324656-0-0	7days-ru.turbopages.org	0.000007	1	0	0
12507	897669-56459-0-0	pikabu.ru	0.000008	1	0	0
14144	4055354604-3072706320-0-0	business--gazeta-ru.turbopages.org	0.000984	1	0	0
13001	01e8712362743fe5e30d5358197295c3-9b851fe7a054d922a	com.involtapp.psyans	0.000534	1	0	0
11865	84005314-570598-0-0	wayempire.com	0.000008	1	0	0
11858	9444236-880882-0-0	pro-sni.ru	0.000001	1	0	0
12507	33460637-231594-0-0	expert-dacha.pro	0.000006	1	0	0
9012	34951-104560-0-0	www.baby.ru	0.000061	1	0	0
11858	5092531-223754-0-0	ura.news	0.000004	1	0	0
14051	15737-1017125893-0-0	net.elvista.burkozel	0.000534	1	0	0
11865	56945766-385418-0-0	worldcrisis.ru	0.000005	1	0	0
14051	15740-4072493856-0-Alice's^20Resort^20-^20Word^20Puzzle^20Ga	com.wordgame.puzzle.resort.story	0.000525	1	0	0
11858	4738310-132240-0-0	zx-pk.ru	0.000008	1	0	0
8623	43092-604456-0-0	com.starmakerinteractive.starmaker	0.000447	1	0	0
11857	1560494-349859-0-0	motor-ru.turbopages.org	0.000008	1	0	0
11858	61678927-1206244-0-0	bookzip.avivas.online	0.000008	1	0	0
12509	55707270-734570-0-0	yandex.ru	0.000984	1	0	0
12507	91083793-1238392-0-0	jobeka.com	0.000008	1	0	0
12507	2281756-276835-0-0	hozpedia-ru.turbopages.org	0.000008	1	0	0
13156	14228-130787-Mintegral-Bait^20Car	com.srgstudios.legitgta	0.000534	1	0	0
11868	38661274-281904-0-0	tengrinews.kz	0.000008	1	0	0
10717	26694-78045-0-0	www.eg.ru	0.000063	1	0	0
11909	38782814-264671-0-0	zaggo-ru.turbopages.org	0.000006	1	0	0
11868	31562430-208468-0-0	yakapitalist.ru	0.000008	1	0	0
14051	15740-502032148-0-Drive^20Ahead!^20-^20Fun^20Car^20Battles	com.dodreams.driveahead	0.000216	1	0	0
11865	727457-202406-0-0	moscow-airports.com	0.000008	1	0	0
11857	509629-196263-0-0	rg-ru.turbopages.org	0.000007	1	0	0
11864	5952805-140101-0-0	autodmir.ru	0.000008	1	0	0
11858	400056-135766-0-0	forums-su.com	0.000008	2	0	0
11904	87276007-592219-0-0	www.mk.ru	0.000072	1	0	0
14051	15740-4115833356-0-Muscle^20Rush	com.muscle.rush	0.000355	1	0	0
11865	2285717-101027-0-0	ffclub.ru	0.000007	1	0	0
12507	65443695-449419-0-0	www.ok-magazine.ru	0.000008	1	0	0
11904	6078256-142910-0-0	www.infoniac.ru	0.000008	1	0	0
12507	1180293-536323-0-0	vologda--poisk-ru.turbopages.org	0.000008	1	0	0
11860	5706550-281826-0-0	ren.tv	0.000003	1	0	0
12507	43067710-276947-0-0	carpedia-club.turbopages.org	0.000005	1	0	0
14051	15740-779109399-0-Jacky's^20Farm:^20Match-3^20Adventure	com.integragames.jackyfarm	0.000534	1	0	0
11857	38661274-637001-0-0	knigkindom.ru	0.000001	1	0	0
14123	12864-3331303032313934315f3332333235-0-0	kodik.info	0.000082	1	0	0
12507	1624597-68828-0-0	ptzgovorit-ru.turbopages.org	0.000008	1	0	0
11864	6438395-149027-0-0	tv.mail.ru	0.000003	1	0	0
14051	15740-3679500241-0-Makeover^20Master:^20Home^20Design	com.digitalkingdom.makeover	0.000534	1	0	0
12507	1412746-989956-0-0	www.litmir.me	0.000008	1	0	0
11858	31023497-255643-0-0	zachestnyibiznes.ru	0.000008	1	0	0
11865	91778991-698595-0-0	proffstroygroup.ru	0.000008	1	0	0
12507	7821208-151947-0-0	enisey-tv.turbopages.org	0.000008	1	0	0
14051	15737-3128405066-0-0	1091150912	0.000251	1	0	0
13156	10714-144400-Mintegral-Fat^202^20Fit!	com.anotherplaceproductions.fat2fit	0.000534	1	0	0
11868	91463377-674118-0-0	obigrayka.com	0.000008	1	0	0
11864	941157-244057-0-0	ussurmedia.ru	0.000008	1	0	0
12512	18218482-186487-0-0	pogoda7.ru	0.000008	1	0	0
11868	66475862-459160-0-0	novostivolgograda-ru.turbopages.org	0.000008	1	0	0
12507	504193-28011-0-0	zr-ru.turbopages.org	0.000006	1	0	0
14051	3274576156-4190608258-0-0	villains.fandom.com	0.000534	1	0	0
11909	38661274-737529-0-0	knigger.com	0.000008	1	0	0
12509	1483327-354805-0-0	dentamed.club	0.000008	1	0	0
13156	5f85607474b5ca080f5c9122-60894e2e29611f08675f05a2-	com.solitaire.klondike.patience.ocean.aquarium	0.000534	1	0	0
11905	2112549-91685-0-0	mirtesen.sputnik.ru	0.000072	1	0	0
12507	1243968-57852-0-0	zaks-ru.turbopages.org	0.000008	1	0	0
11858	5092531-223754-0-0	ura.news	0.000008	1	0	0
11858	51898059-974103-0-0	gisher.org	0.000072	1	0	0
12513	93918555-993875-0-0	www.intex-press.by	0.000008	1	0	0
12507	56364423-381774-0-0	rifey-ru.turbopages.org	0.000008	1	0	0
13156	25008-146828-Mintegral-Racing^20in^20Car^202020	com.unrealgames.racingincar2020	0.000534	1	0	0
13156	22284-131116-Mintegral-Tile^20Fun^20-^20Classic^20Triple^20&	com.mintgames.triplecrush.tile.fun	0.000534	1	0	0
11909	91463377-674118-0-0	obigrayka.com	0.000008	1	0	0
11865	3281497-136716-0-0	m.sport-express.ru	0.000072	1	0	0
11909	24063418-242868-0-0	stroy-podskazka.ru	0.000008	1	0	0
11904	2390032-356923-0-0	www.msn.com	0.000007	1	0	0
12507	49979845-325019-0-0	tourism.interfax.ru	0.000072	1	0	0
11865	93547635-1266850-0-0	examenpdd.com	0.000008	1	0	0
11909	1694625-291940-0-0	audioskazki-online.ru	0.000008	1	0	0
11909	65443695-449419-0-0	www.ok-magazine.ru	0.000008	1	0	0
11857	56291972-380221-0-0	moskvichmag-ru.turbopages.org	0.000008	1	0	0
11858	517577-13335-0-0	avto-russia.ru	0.000001	1	0	0
14051	15740-3349271510-0-Cats^20&^20Dogs^203D	com.defaultcompany.catndog	0.000534	1	0	0
12803	0-187544-0-0	tj.sputniknews.ru	0.000534	1	0	0
11909	6509802-145530-0-0	autotopik-ru.turbopages.org	0.000003	1	0	0
11857	36493473-331594-0-0	konkurent.ru	0.000002	1	0	0
12507	80316613-550035-0-0	kurskcity-ru.turbopages.org	0.000008	1	0	0
14051	15740-2083222112-0-Читай^20бесплатно	ru.litres.android.readfree	0.000534	1	0	0
11909	6438395-457268-0-0	youla.ru	0.000003	1	0	0
12803	0-187544-0-0	plomnew.ru	0.000534	1	0	0
11909	61657907-412959-0-0	m.spletnik.ru	0.000004	1	0	0
11865	6734741-142545-0-0	www.drive2.ru	0.000008	1	0	0
14051	15740-427259027-0-Top^207^20-^20family^20word^20game	games.elia.word7	0.000534	1	0	0
12507	38661274-725920-0-0	doramiru.com	0.000008	1	0	0
12507	91167071-993033-0-0	szitcom.ru	0.000008	1	0	0
11857	1560494-348649-0-0	eda-ru.turbopages.org	0.000008	1	0	0
11858	7687782-154016-0-0	yasno.anews.com	0.000008	1	0	0
12507	8381155-722011-0-0	mag-103-by.turbopages.org	0.000008	1	0	0
11858	93056858-757385-0-0	synapsenet.ru	0.000008	1	0	0
11909	90720690-643887-0-0	mir-knig.com	0.000007	1	0	0
14051	15740-881324510-0-Makeover^20Master:^20Happy^20Tile^20&^20Ho	com.digitalkingdom.makeover	0.000534	1	0	0
12507	931235-747347-0-0	my-calend.ru	0.000008	1	0	0
11858	2412782-189903-0-0	www.avito.ru	0.000008	2	0	0
11864	87276007-592220-0-0	www.avtovzglyad.ru	0.000008	1	0	0
11865	422004-1823-0-0	lada-forum.ru	0.000008	1	0	0
11909	54815740-345947-0-0	gubdaily.ru	0.000008	1	0	0
11904	8054248-216855-0-0	ir-center.ru	0.000006	1	0	0
13812	3209468965-3564685578-0-0	autonews.blog	0.00078	1	0	0
12507	26809064-635417-0-0	kslift.ru	0.000008	1	0	0
12507	7132534-584636-0-0	remont--book-com.turbopages.org	0.000008	1	0	0
11865	897669-56459-0-0	pikabu.ru	0.000006	1	0	0
11864	6438395-142108-0-0	e.mail.ru	0.000522	1	0	0
9012	33854-593382-0-0	teleprogramma.pro	0.000061	1	0	0
13156	18550-152184-Mintegral-456:^20Survival^20game	com.yolostudio.squidsurvival	0.000224	1	0	0
14056	0-188086-0-0	lenta.ru	0.000984	1	0	0
11858	33263340-551203-0-0	infotime.co	0.000008	1	0	0
11858	22684436-260651-0-0	expert-kachestva.ru	0.000008	1	0	0
11909	414045-48539-0-0	www.car72.ru	0.000008	1	0	0
11864	448817-45172-0-0	gotovim-doma.ru	0.000008	1	0	0
11857	52410336-333642-0-0	blamper.ru	0.000984	1	0	0
12507	68936322-471820-0-0	des-life.ru	0.000002	1	0	0
9866	0-214326-0-0	deita.ru	0.000984	1	0	0
11868	92386429-746409-0-0	telik.top	0.000001	1	0	0
12507	5809954-579050-0-0	gipernn-ru.turbopages.org	0.000008	1	0	0
12512	5601425-267201-0-0	penzanews.ru	0.000008	1	0	0
12507	1282729-200339-0-0	vokrugsmeha.info	0.000008	1	0	0
13156	3323-25404-Maxim-Russian^20Rider^20Online	com.twoheadedshark.rronline	0.000534	1	0	0
12507	36882225-457382-0-0	magya-online.ru	0.000008	1	0	0
14051	15740-545346573-0-0	com.block.puzzle.game.hippo.mi	0.000403	1	0	0
12507	1180293-244437-0-0	cher--poisk-ru.turbopages.org	0.000008	1	0	0
14051	15740-3095911990-0-Tiles^20Hop:^20EDM^20Rush!	com.amanotes.beathopper	0.000439	1	0	0
11865	91411553-671414-0-0	intrigue.dating	0.000003	1	0	0
13156	23821-146685-Mintegral-Tower^20War^20-^20Tactical^20Conque	games.vaveda.militaryoverturn	0.000534	1	0	0
11858	1073961-59722-0-0	cmet4uk.ru	0.000008	1	0	0
12507	2412782-419506-0-0	www.avito.ru	0.000002	1	0	0
14051	15740-2865289628-0-Helicopter^20Escape^203D	com.rescue.agent	0.000534	1	0	0
8623	43670-607913-0-0	www.pinoyeplans.com	0.000447	1	0	0
11909	36867070-255603-0-0	proshoper.ru	0.000008	1	0	0
11858	93135130-991614-0-0	100pasyansov.ru	0.000008	1	0	0
13812	1472938742-179548551-0-0	vip.zogonka.org	0.000984	1	0	0
8623	42565-628369-0-0	mysekret.ru	0.000447	1	0	0
11904	24063418-242868-0-0	stroy-podskazka.ru	0.000008	2	0	0
12507	33530085-232061-0-0	samara.cian.ru	0.000007	1	0	0
12507	91774418-709813-0-0	vmyatynnet-ru.turbopages.org	0.000008	1	0	0
9012	42617-606792-0-0	rossaprimavera.ru	0.000061	1	0	0
11865	92147898-728451-0-0	taxi-mytishchi.ru	0.000008	1	0	0
14051	15740-2280331865-0-Zombeast:^20Survival^20Zombie^20Shoot	com.akpublish.zombie	0.000405	1	0	0
11858	31446184-207680-0-0	www.kdelo.ru	0.000008	1	0	0
11864	24109265-241001-0-0	dekoriko.ru	0.000008	1	0	0
14051	15740-2784098115-0-Pop^20It^20Step	com.mysterytag.popitstep	0.000534	1	0	0
11858	4482718-129934-0-0	multipovarenok.ru	0.000008	1	0	0
14051	15740-346185847-0-Highrise	com.pz.life.android	0.000534	1	0	0
12507	36493473-331594-0-0	konkurent.ru	0.000008	3	0	0
12507	91841474-703076-0-0	nevnov-ru.turbopages.org	0.000005	1	0	0
14051	1304178442-62068351-0-0	gorobzor.ru	0.000534	1	0	0
11857	1848013-444350-0-0	privet--rostov-ru.turbopages.org	0.000008	1	0	0
14051	3274576156-4190608258-0-0	www.doviz.com	0.000534	1	0	0
11904	68133542-467211-0-0	www.osnmedia.ru	0.000008	1	0	0
11865	3156890-186890-0-0	rubankom.com	0.000006	1	0	0
14051	15740-3639685097-0-Galaxiga:^20Classic^20Arcade^20Shoote	com.os.space.force.galaxy.alien	0.000534	1	0	0
9035	40621-491126-0-0	zetserial.online	0.000007	3	0	0
11858	459492-13449-0-0	nachfin.info	0.000008	1	0	0
12803	0-187544-0-0	my-books.me	0.000534	1	0	0
11865	460445-136553-0-0	xn--b1algemdcsb.xn--p1ai	0.000008	1	0	0
11909	90720690-643887-0-0	mir-knig.com	0.000002	2	0	0
14051	15740-321535163-0-Fruit^20Diary^20-^20Match^203^20Games^20With	com.bigcool.puzzle.fruitgenies	0.000534	1	0	0
12507	60975921-652486-0-0	www.chitalnya.ru	0.000008	1	0	0
11864	65101275-576079-0-0	161.ru	0.000008	1	0	0
11909	61657907-412959-0-0	m.spletnik.ru	0.000007	1	0	0
12507	64297897-441824-0-0	spasibovsem.ru	0.000072	1	0	0
13156	54369b56c26ee42e0d4cd8f8-5a82686beb7b8656dc235c1d-	com.oppanagames.musclecarsimulator	0.000534	1	0	0
14055	0-187544-0-0	www.vesti.ru	0.000072	1	0	0
8623	43724-609637-0-0	chessmoba.us	0.000447	1	0	0
13156	23821-145585-Mintegral-I’m^20Bob	com.playstrom.bob	0.000534	2	0	0
12507	1815196-94023-0-0	poncy.ru	0.000008	1	0	0
8623	43670-607913-0-0	ru.armeniasputnik.am	0.000447	1	0	0
11904	48821797-320410-0-0	novoanninskiy.gde.ru	0.000008	1	0	0
11857	36859922-255561-0-0	medside-ru.turbopages.org	0.000008	1	0	0
14051	15740-1141255670-0-Cartoon^20City^202:Farm^20to^20Town.Bui	com.foranj.cityship	0.000534	1	0	0
12507	775467-266410-0-0	expertland.ru	0.000008	1	0	0
11857	11393977-175920-0-0	newslab.ru	0.000008	1	0	0
14051	2730780382-2823144702-0-0	www.beesona.ru	0.000534	1	0	0
11858	6746465-142629-0-0	tyumen.hh.ru	0.000008	1	0	0
11905	92147898-728470-0-0	xn--80aaajgt0aotg.xn--p1ai	0.000004	1	0	0
11865	30570339-653854-0-0	moevideo.biz	0.000001	1	0	0
11904	5599278-138742-0-0	www.atorus.ru	0.000006	1	0	0
11865	1898749-480594-0-0	zarabotkivseti.ru	0.000008	1	0	0
11909	54388252-1333397-0-0	history-doc.ru	0.000008	1	0	0
11858	91182978-657403-0-0	power-on.tech	0.000008	1	0	0
14051	15740-315507080-0-MORTAL^20KOMBAT:^20The^20Ultimate^20Figh	com.wb.goog.mkx	0.000251	1	0	0
12507	36493473-331129-0-0	primpress.ru	0.000008	1	0	0
11858	51452342-496695-0-0	4d-8k5.daily-inform.ru	0.000072	1	0	0
12507	25702679-191501-0-0	mos.proshoper.ru	0.000008	1	0	0
11860	2390032-357673-0-0	www.msn.com	0.000008	1	0	0
11868	2412782-419507-0-0	m.avito.ru	0.000005	1	0	0
8623	42565-623501-0-0	letsplayers.ru	0.000447	1	0	0
9866	0-216200-0-0	m.7days.ru	0.000063	1	0	0
14051	15740-2482373752-0-Hole.io	io.voodoo.holeio	0.000534	1	0	0
9864	0-216200-0-0	m.7days.ru	0.000049	1	0	0
11865	78111199-540489-0-0	okna-dom.net	0.000008	1	0	0
13812	2496167606-1665148963-0-0	abnews.ru	0.000984	1	0	0
11857	41724942-336240-0-0	libking.ru	0.000008	1	0	0
13812	3829364372-943993342-0-0	abnews.ru	0.000984	1	0	0
12509	89976696-630193-0-0	overclockers.ru	0.000072	1	0	0
11864	474272-104724-0-0	perevozka24.ru	0.000008	2	0	0
14051	15740-1365256082-0-Idle^20Ants^20-^20Simulator^20Game	com.idleants.game	0.000407	1	0	0
12509	65949452-515704-0-0	teleprogramma.pro	0.000069	1	0	0
12507	1780942-265504-0-0	ondom2.com	0.000008	1	0	0
12507	3156890-188322-0-0	shpilki.net	0.000008	1	0	0
11909	3832586-125716-0-0	fonwall.ru	0.000008	1	0	0
12507	84512616-582315-0-0	litfest.ru	0.000008	1	0	0
11858	93683367-979907-0-0	aktnews.ru	0.000008	1	0	0
12512	48622-49220-0-0	forum.prihoz.ru	0.000008	1	0	0
12507	3598907-329895-0-0	ntv-ru.turbopages.org	0.000006	1	0	0
11868	92386429-746409-0-0	telik.top	0.000007	1	0	0
11905	31647610-208963-0-0	autorating.ru	0.000004	1	0	0
11909	3598907-324656-0-0	7days.ru	0.000072	1	0	0
14080	0-187544-0-0	doramy.top	0.000072	1	0	0
14051	15740-684772461-0-Restaurant^20Renovation	com.zymobile.restaurant	0.000534	1	0	0
12507	849352-1324251-0-0	kotelservice.ru	0.000008	1	0	0
11868	73147933-495963-0-0	makeword.ru	0.000008	1	0	0
11865	1067046-152606-0-0	rutaxist.ru	0.000008	1	0	0
12507	7394051-400077-0-0	revmatolog-net.turbopages.org	0.000008	1	0	0
12507	456103-357463-0-0	sarov.info	0.000008	1	0	0
12507	1399964-1311574-0-0	pythonru.com	0.000005	1	0	0
14051	2730780382-2555700654-0-0	gorobzor.ru	0.000289	1	0	0
11904	2288323-135696-0-0	optom-plus.ru	0.000008	1	0	0
14051	15740-810582881-0-Prison^20Break:^20Stickman^20Adventure	com.megajoy.prisonbreak68	0.000534	1	0	0
12512	448817-45172-0-0	gotovim-doma.ru	0.000008	1	0	0
11858	974947-49517-0-0	www.9111.ru	0.000008	1	0	0
14051	15740-3697727110-0-Solitaire	com.solitaire.klondike.patience.ocean.aquarium	0.000534	1	0	0
9866	0-187544-0-0	24smi.org	0.000072	1	0	0
11858	65101275-575584-0-0	www.e1.ru	0.000008	1	0	0
12507	36143836-272894-0-0	car-ru.turbopages.org	0.000008	1	0	0
11864	6438395-147024-0-0	lady.mail.ru	0.000003	1	0	0
12507	93918555-994495-0-0	bobruisk.ru	0.000008	1	0	0
11865	6557105-490701-0-0	www.m24.ru	0.000008	1	0	0
8589	4207218221-1610703926-0-0	76.ru	0.000984	1	0	0
11865	3451193-1249760-0-0	mir-knigi.net	0.000008	1	0	0
11858	35200580-246767-0-0	bazarpnz.ru	0.000008	1	0	0
14051	15737-1017125893-0-0	com.lemonsquad.simulatorbs	0.00012	1	0	0
12507	7664547-442805-0-0	m--strana-ru.turbopages.org	0.000984	1	0	0
11904	3913557-212328-0-0	kak-pravilno.net	0.000008	1	0	0
14051	15740-3882263198-0-Jellipop^20Match-Decorate^20your^20dr	com.jellyblast.cmcm	0.000185	1	0	0
12507	72896180-498580-0-0	www.babyplan.ru	0.000072	1	0	0
14123	12864-3331303032313934315f3332333235-0-0	video.turkcinemka.ru	0.000534	1	0	0
14051	15740-2354982574-0-Race^20Master^203D^20-^20Car^20Racing	com.easygames.race	0.000534	1	0	0
12507	2268602-268597-0-0	androidinsider-ru.turbopages.org	0.000008	1	0	0
13156	23821-138603-Mintegral-Sushi^20Roll^203D^20-^20Cooking^20ASM	com.jtsniper.game	0.000302	1	0	0
11857	39420173-263935-0-0	e-news.su	0.000005	1	0	0
12803	0-187544-0-0	en.shrinkplus.com	0.000534	1	0	0
11905	19652095-989223-0-0	namenu.ru	0.000007	1	0	0
12507	73647856-528283-0-0	samaraonline24-ru.turbopages.org	0.000008	1	0	0
8623	42565-625459-0-0	urok.1sept.ru	0.000025	1	0	0
14051	15740-2118258159-0-Solitaire^20Collection	com.cardgame.collection.fishdom	0.000534	1	0	0
12507	41021040-458652-0-0	molitvy.guru	0.000004	1	0	0
11904	75879660-522085-0-0	calcsoft.ru	0.000008	1	0	0
12507	39416916-263597-0-0	www.lipetskmedia.ru	0.000008	1	0	0
12509	6746465-142629-0-0	penza.hh.ru	0.000008	1	0	0
11864	6438395-147024-0-0	lady.mail.ru	0.000984	1	0	0
8623	43651-607034-0-0	com.nexters.herowars	0.000322	1	0	0
11865	37341346-257912-0-0	ozornik.net	0.000008	1	0	0
11868	503611-30324-0-0	tula.blizko.ru	0.000008	1	0	0
11858	5905298-139817-0-0	glav.su	0.000008	2	0	0
12507	93736421-989340-0-0	kylinariya.ru	0.000006	1	0	0
14051	15740-1031912408-0-Romance^20Club^20-^20Stories^20I^20Play	com.yourstoryinteractive.sails.pirate.adventure	0.000534	1	0	0
13156	14228-149781-Mintegral-Grow^20Animals	com.vgf.animalcell	0.000534	1	0	0
11858	478574-219390-0-0	roomester.ru	0.000072	1	0	0
12507	2397454-141070-0-0	tveda-ru.turbopages.org	0.000008	1	0	0
11857	61554-32340-0-0	novate-ru.turbopages.org	0.000002	1	0	0
11909	54815740-345947-0-0	gubdaily.ru	0.000029	1	0	0
14051	15740-3864635262-0-Pocket^20Little^20Pony	com.exotikavg.pocketpony2	0.000534	1	0	0
11864	423405-25809-0-0	www.audit-it.ru	0.000004	1	0	0
11909	76348590-527241-0-0	coronavirus-monitor.info	0.000008	1	0	0
14051	15740-4264441709-0-Poker^20Arena:^20texas^20holdem^20game	air.ru.mail.games.pokerarena	0.000534	1	0	0
13156	10714-146177-Mintegral-Captain^20TNT	com.feelnside.explodeme	0.000534	1	0	0
14051	15740-3157571500-0-Human^20Vehicle	com.nepix.humanvehicle	0.000534	1	0	0
13156	25070-149157-Mintegral-Insect^20Evolution	1581414874	0.000534	1	0	0
9864	0-216200-0-0	m.7days.ru	0.000072	1	0	0
11909	2412782-167916-0-0	www.domofond.ru	0.000008	1	0	0
12803	0-187544-0-0	free-news.su	0.000534	1	0	0
11857	7687782-448212-0-0	profile.ru	0.000004	1	0	0
12507	92651734-741400-0-0	forums.kuban.ru	0.000008	1	0	0
11905	1426764-126740-0-0	files.stroyinf.ru	0.000008	1	0	0
12507	897808-247369-0-0	udm-aif-ru.turbopages.org	0.000006	1	0	0
11857	902346-341916-0-0	xn----7sbb5adknde1cb0dyd.xn--p1ai	0.000003	1	0	0
14051	15740-669339932-0-Family^20Farm^20Seaside	com.funplus.familyfarm	0.000534	1	0	0
12507	14477514-740793-0-0	sib-fm.turbopages.org	0.000008	1	0	0
12507	66439706-455742-0-0	etopolezno-com.turbopages.org	0.000008	1	0	0
11909	51020038-328213-0-0	tvsamara.ru	0.000008	1	0	0
14051	3228644433-1342245803-0-0	colorscheme.ru	0.000534	1	0	0
11864	1250271-565421-0-0	peterburg2.ru	0.000008	1	0	0
12509	33530085-232061-0-0	surgut.cian.ru	0.000007	1	0	0
12507	60950072-408241-0-0	shazoo.ru	0.000008	1	0	0
11865	5024298-136264-0-0	spravkainform.ru	0.000008	1	0	0
14051	15740-1703960928-0-Cradle^20of^20Empire:^20Match^203^20in^20a^20	com.awem.cradleofempires.andr	0.000534	1	0	0
8623	42565-629623-0-0	popcake.tv	0.000447	1	0	0
11857	1560494-348687-0-0	ksuis-livejournal-com.turbopages.org	0.000008	1	0	0
11909	985920-49912-0-0	www.vidal.ru	0.000008	1	0	0
13156	18802-138562-Mintegral-Idle^20Ants^20-^20Simulator^20Game	com.idleants.game	0.000534	1	0	0
14051	15740-645752271-0-Space^20Cats^20Pop:^20Bubble^20Shooter	com.madovergames.spacecatspop	0.000534	1	0	0
11864	6438395-248298-0-0	youla.ru	0.000004	1	0	0
13156	23821-144409-Mintegral-Sling^20Fight^203D	com.malvo.foodfight	0.000534	1	0	0
12507	407197-91828-0-0	burdastyle.ru	0.000008	2	0	0
11858	41724942-336240-0-0	libking.ru	0.000008	1	0	0
11909	87276007-592219-0-0	www.mk.ru	0.000008	2	0	0
11868	65101275-579344-0-0	doctorpiter.ru	0.000008	1	0	0
14051	15740-1654557716-0-imo^20HD^20-^20Video^20Calls^20and^20Chats	com.imo.android.imoimhd	0.000464	1	0	0
12513	18373836-575903-0-0	royallib.com	0.000002	1	0	0
12507	38189721-260200-0-0	esttat-ru.turbopages.org	0.000008	1	0	0
14051	4044630472-2923542780-0-0	www.storyberries.com	0.000534	1	0	0
12507	2745-45551-0-0	forumhouse-ru.turbopages.org	0.000003	1	0	0
12507	19379947-187075-0-0	cpykami-ru.turbopages.org	0.000008	1	0	0
11857	1560494-348687-0-0	tsa--tsa-livejournal-com.turbopages.org	0.000007	1	0	0
14056	0-216200-0-0	doctorpiter.ru	0.000072	2	0	0
13156	14228-145098-Mintegral-Doll^20Designer	com.kfe.toymaker	0.000534	1	0	0
11858	87276007-592219-0-0	www.mk.ru	0.000072	1	0	0
12507	92453275-732287-0-0	11novosti.ru	0.000008	5	0	0
11909	7773941-1225613-0-0	sportidieta.ru	0.000008	2	0	0
11868	2011141-506616-0-0	www.gismeteo.by	0.000008	1	0	0
11864	6438395-147025-0-0	my.mail.ru	0.000008	3	0	0
11868	71813031-545728-0-0	www.gismeteo.ru	0.000003	1	0	0
14051	15737-1017125893-0-0	com.cg.fanofguns	0.000534	1	0	0
14056	0-216200-0-0	clck.lentainform.com	0.000072	1	0	0
11857	51468706-330066-0-0	m.vz.ru	0.000008	16	0	0
12507	37565282-944973-0-0	blizko-by.turbopages.org	0.000008	1	0	0
11905	931235-747347-0-0	my-calend.ru	0.000008	1	0	0
14051	15740-686981195-0-Solitaire^20Collection	com.queensgame.collection	0.000534	2	0	0
12507	2103170-497885-0-0	dni24-com.turbopages.org	0.000001	1	0	0
11865	49608361-418964-0-0	1000.menu	0.000007	1	0	0
11909	2112549-91685-0-0	hahatushki.mirtesen.ru	0.000008	1	0	0
11868	1560494-485869-0-0	lenta.ru	0.000008	1	0	0
12507	53682371-384421-0-0	postroika-biz.turbopages.org	0.000008	2	0	0
11865	94982353-1293285-0-0	alimero.ru	0.000008	1	0	0
11909	93836300-1210014-0-0	www.bolshoyvopros.ru	0.000008	9	0	0
12512	5764493-278531-0-0	kineshemec.ru	0.000008	1	0	0
12507	5092531-241790-0-0	ura-news.turbopages.org	0.000008	2	0	0
12507	1801033-247350-0-0	mangalib.me	0.000008	3	0	0
12507	2922637-449415-0-0	tvseriya.net	0.000008	1	0	0
12507	4044501-123077-0-0	glasnarod-ru.turbopages.org	0.000008	2	0	0
12507	49608361-418964-0-0	1000.menu	0.000008	5	0	0
11904	31870683-210075-0-0	poisk-ru.ru	0.000008	1	0	0
12507	65101275-447169-0-0	ngs-ru.turbopages.org	0.000008	4	0	0
14051	15740-602641472-0-Cover^20Strike^20Ops^20-^20Free^20Gun^20Fire	com.freegames.counter.terrorist.gun.games	0.000534	2	0	0
8623	43092-604415-0-0	www.chaptercheats.com	0.00031	1	0	0
11865	32164720-214578-0-0	www.politnavigator.net	0.000008	1	0	0
11904	61554-32340-0-0	novate.ru	0.000008	1	0	0
14051	15740-3827897198-0-Likee^20Lite^20-^20Let^20You^20Shine	video.like.lite	0.000534	11	0	0
11857	35380507-248499-0-0	krutimotor.ru	0.000008	2	0	0
11864	6557105-250544-0-0	www.interfax.ru	0.000072	1	0	0
14051	15740-4095529491-0-2048^20Cube^20Winner—Aim^20To^20Win^20D	com.merge.cube.winner	0.000534	1	0	0
12512	2360974-104335-0-0	novgaz-rzn.ru	0.000004	1	0	0
11857	974947-49517-0-0	9111-ru.turbopages.org	0.000008	3	0	0
11864	65101275-577857-0-0	72.ru	0.000008	7	0	0
11909	1718328-141569-0-0	cont.ws	0.000008	1	0	0
11864	65101275-576513-0-0	v1.ru	0.000008	2	0	0
11858	65101275-578374-0-0	www.nn.ru	0.000003	1	0	0
11860	2390032-357688-0-0	www.msn.com	0.000008	6	0	0
11868	371996-604547-0-0	lapkins.ru	0.000008	2	0	0
14051	15740-1363322264-0-Dalgona^20Candy^20Challenge	1588222235	0.000534	1	0	0
12507	36165690-250765-0-0	hi--fi-ru.turbopages.org	0.000008	1	0	0
11857	1913085-81261-0-0	montecarlo.ru	0.000008	1	0	0
11904	7640986-1314994-0-0	nardgammon.com	0.000008	1	0	0
12507	2141267-557204-0-0	hochu-v-biznes.ru	0.000008	1	0	0
10208	817-3880-0-0	animenime.ru	0.000072	1	0	0
12509	30477641-200831-0-0	www.trud.com	0.000008	1	0	0
11858	65101275-575584-0-0	www.e1.ru	0.000006	1	0	0
12507	93016036-755726-0-0	lafoy-ru.turbopages.org	0.000008	1	0	0
11860	2112549-91685-0-0	kaleidoscopelive.mirtesen.ru	0.000004	1	0	0
12513	3293020-125354-0-0	www.goodhouse.ru	0.000008	2	0	0
11858	70390261-666407-0-0	womjoi.ru	0.000008	1	0	0
14051	15740-1411257059-0-2048^20Cube^20Winner—Aim^20To^20Win^20D	com.merge.cube.winner	0.000534	1	0	0
12507	54367139-341551-0-0	live24.ru	0.000008	1	0	0
12507	9891754-233315-0-0	countryscanner-ru.turbopages.org	0.000008	1	0	0
12507	1322075-479443-0-0	syl-ru.turbopages.org	0.000008	2	0	0
12507	915412-108160-0-0	1prime-ru.turbopages.org	0.000008	1	0	0
9869	0-214326-0-0	www.kaluga-poisk.ru	0.000984	1	0	0
11909	55175018-349834-0-0	vseprokukhnyu.ru	0.000008	1	0	0
13156	23821-145038-Mintegral-Hyper^20Evolution	com.evolution.hyper	0.000534	5	0	0
11865	36625339-633843-0-0	vovsem.expert	0.000008	1	0	0
11864	93836300-1210014-0-0	www.bolshoyvopros.ru	0.000008	1	0	0
13156	14228-131709-Mintegral-Girl^20Next^20Door	com.wixot.neighborhoodwatch	0.000534	1	0	0
11858	591741-52012-0-0	roads.ru	0.000008	1	0	0
12507	1937559-987038-0-0	asutpp-ru.turbopages.org	0.000008	1	0	0
13156	23016-137918-Mintegral-Tetris®	com.n3twork.tetris	0.000534	1	0	0
12507	5092531-241790-0-0	ura-news.turbopages.org	0.000005	1	0	0
11909	87276007-592219-0-0	www.mk.ru	0.000007	1	0	0
11860	1647838-69256-0-0	www.shkolazhizni.ru	0.000008	3	0	0
11858	41724942-336240-0-0	libking.ru	0.000005	1	0	0
14051	15737-1017125893-0-0	com.craft.addon.mod.gun	0.000534	1	0	0
11858	65101275-579344-0-0	doctorpiter.ru	0.000072	1	0	0
11868	8562776-752125-0-0	www.mk.ru	0.000072	2	0	0
11865	9598552-175106-0-0	www.forbes.ru	0.000072	1	0	0
11909	4140396-623836-0-0	m.newkaliningrad.ru	0.000004	1	0	0
11791	15-26-0-0	travelask.ru	0.000072	1	0	0
11909	49905584-324706-0-0	sport24-ru.turbopages.org	0.000008	4	0	0
12512	51898059-1212039-0-0	doramy.top	0.000072	5	0	0
11858	39769321-506418-0-0	old.autopiter.ru	0.000008	4	0	0
11905	1852631-90024-0-0	fanfics.me	0.000008	1	0	0
11909	6438395-353890-0-0	tv.mail.ru	0.000008	2	0	0
12507	93379862-1308094-0-0	banki-loans.turbopages.org	0.000006	1	0	0
11858	1006591-50518-0-0	www.amic.ru	0.000002	1	0	0
14056	0-187544-0-0	alexs-mobs-bestiary.fandom.com	0.000053	1	0	0
11864	65101275-578759-0-0	www.marieclaire.ru	0.000008	3	0	0
11909	6734741-154950-0-0	www.drive2.ru	0.000008	1	0	0
14051	15740-2721428101-0-Bubble^20Shooter^20and^20Friends	com.sukhavati.gotoplaying.bubble.bubbleshooter.mint	0.000534	2	0	0
14056	0-216200-0-0	ren.tv	0.000072	3	0	0
13156	23821-145594-Mintegral-DOP:^20Draw^20One^20Part	com.playstrom.drawonepart	0.000534	1	0	0
9866	0-187544-0-0	jut.su	0.000072	1	0	0
11858	2412782-419506-0-0	www.avito.ru	0.000007	3	0	0
11857	40828790-268371-0-0	uksusinfo.ru	0.000008	1	0	0
11909	650894-137154-0-0	www.reviewdetector.ru	0.000008	2	0	0
11865	92651734-741400-0-0	forums.kuban.ru	0.000008	1	0	0
11865	91778783-1241164-0-0	kardiokbr.ru	0.000008	1	0	0
13156	17219-147301-Mintegral-2048^20Cube^20Winner—Aim^20To^20W	com.merge.cube.winner	0.000534	2	0	0
12512	3770863-111361-0-0	izhevsk.1000bankov.ru	0.000006	1	0	0
11868	88121411-603877-0-0	glavnoe.net	0.000072	2	0	0
11858	544535-243374-0-0	urexpert.online	0.000008	1	0	0
12507	1322075-70350-0-0	fb-ru.turbopages.org	0.000008	2	0	0
14051	15737-1017125893-0-0	net.elvista.kozel	0.000534	3	0	0
12507	31023497-255643-0-0	zachestnyibiznes-ru.turbopages.org	0.000008	1	0	0
14051	15740-2503450502-0-Car^20Simulator^202	com.oppanagames.car.simulator	0.000534	4	0	0
11909	65101275-578824-0-0	www.ellegirl.ru	0.000008	1	0	0
12507	88546469-708736-0-0	www.kleo.ru	0.000072	2	0	0
13677	41487-568997-0-0	www.kommersant.ru	0.000061	5	0	0
12512	87276007-592219-0-0	www.mk.ru	0.000008	3	0	0
12507	48356093-295022-0-0	mr--build-ru.turbopages.org	0.000008	2	0	0
12507	8381155-722011-0-0	apteka-103-by.turbopages.org	0.000008	5	0	0
11857	57648680-392466-0-0	onrealt.ru	0.000008	2	0	0
14051	15740-1421273338-0-2048^20Cube^20Winner—Aim^20To^20Win^20D	com.merge.cube.winner	0.000534	1	0	0
11865	88351087-745818-0-0	www.amur.life	0.000008	3	0	0
13814	4044630472-2923542780-0-0	www.w3schools.com	0.00045	1	0	0
11865	30570339-681440-0-0	www.kdelo.ru	0.000008	1	0	0
12507	91841474-703076-0-0	nevnov-ru.turbopages.org	0.000008	1	0	0
12512	73928495-503244-0-0	46tv.ru	0.000008	3	0	0
11868	863030-290501-0-0	vgae.ru	0.000008	1	0	0
11864	64796655-445288-0-0	www.onlinetambov.ru	0.000008	1	0	0
13156	17899-147671-Mintegral-Ninja^20Hands^20-^20AND	com.ysocorp.ninjahands	0.000534	1	0	0
14146	42666-622170-0-0	profile.ru	0.000072	1	0	0
11864	18373836-455813-0-0	top-mods.ru	0.000008	1	0	0
11857	728568-69138-0-0	pozdravok.ru	0.000008	2	0	0
11909	43061655-276631-0-0	m.vz.ru	0.000002	1	0	0
11865	3281497-136716-0-0	m.sport-express.ru	0.000008	1	0	0
14051	15740-3349564090-0-ASMR^20Tippy^20Toe	com.krakerstudio.iheelgood	0.000534	1	0	0
11858	63175383-469902-0-0	yamahastarclub.ru	0.000008	1	0	0
12803	0-187544-0-0	7days.ru	0.000534	1	0	0
12507	504193-28011-0-0	zr-ru.turbopages.org	0.000008	2	0	0
11857	36493473-331129-0-0	primpress.ru	0.000072	3	0	0
11909	7891262-185366-0-0	goodlooker.ru	0.000008	1	0	0
11857	9407232-493914-0-0	monitor-net-ru.turbopages.org	0.000001	1	0	0
11858	65101275-577857-0-0	72.ru	0.000008	1	0	0
11868	65101275-578839-0-0	www.psychologies.ru	0.000072	1	0	0
12507	93999566-1322102-0-0	delo-consult.ru	0.000008	1	0	0
11868	1637865-732347-0-0	a110.agorov.org	0.000008	1	0	0
14051	15740-2790621291-0-My^20Home^20-^20Design^20Dreams	com.spacegame.homedesign	0.000534	2	0	0
14051	15737-1017125893-0-0	com.zealandteam.russian.village.simulator	0.000407	1	0	0
12507	91622640-695321-0-0	vseprorebenka.ru	0.000008	1	0	0
11858	92166450-719239-0-0	www.highexpert.ru	0.000008	1	0	0
12507	407197-158840-0-0	lisa.ru	0.000002	1	0	0
11858	2412782-419506-0-0	www.avito.ru	0.000002	2	0	0
12507	52946227-335165-0-0	business--gazeta-ru.turbopages.org	0.000008	2	0	0
11908	5314155-136380-0-0	dni.ru	0.000008	1	0	0
12367	0-187544-0-0	jut.su	0.000072	1	0	0
13156	23821-142925-Mintegral-Fork^20N^20Sausage	com.kadka.forknsausage	0.000534	3	0	0
12512	33530085-232061-0-0	perm.cian.ru	0.000008	1	0	0
11860	5706550-281826-0-0	ren.tv	0.000002	1	0	0
12513	18373836-575903-0-0	royallib.com	0.000008	2	0	0
12507	51468706-330066-0-0	vz-ru.turbopages.org	0.000008	3	0	0
11909	7378703-147144-0-0	eadaily.com	0.000008	1	0	0
12507	476196-292318-0-0	onlayn-radio.ru	0.000008	2	0	0
11868	30477641-200831-0-0	www.trud.com	0.000008	1	0	0
14051	aa2e59ae3e1b2aeb490e1fb747bcb28f-997564438-0-Nonog	com.easybrain.nonogram	0.000534	1	0	0
12507	8562776-751411-0-0	dni.ru	0.000008	1	0	0
11865	94346353-1232639-0-0	nauka.club	0.000072	1	0	0
12367	0-187544-0-0	teleprogramma.pro	0.000072	1	0	0
12507	18373836-382816-0-0	bigpicture.ru	0.0000