BidCostStat	2.5
2021-09-29
14051	15740-3370573714-0-Towerlands^20-^20strategy^20of^20tower^20	mobi.blackbears.towerlands	0.00059	1	0	0
11858	75381992-755155-0-0	tmbkras.vsite.biz	0.000008	1	0	0
12507	65101275-575586-0-0	ngs.ru	0.000008	1	0	0
11857	36493473-331129-0-0	primpress.ru	0.000072	1	0	0
12512	448817-45172-0-0	gotovim-doma.ru	0.000008	1	0	0
14051	15737-1017125893-0-0	com.easygames.race	0.00059	1	0	0
11858	36696875-256711-0-0	itsecforu.ru	0.000008	1	0	0
11864	448817-45172-0-0	gotovim-doma.ru	0.000008	1	0	0
12507	40949638-342976-0-0	karta-mts-dengi.ru	0.000008	1	0	0
11909	37786383-259198-0-0	www.bolshoyvopros.ru	0.000008	1	0	0
12176	8083-0	com.gma.water.sort.puzzle	0.00059	1	0	0
10208	6d4e33980ff0d340926898fa68e2f0cf-ac0cfa0dfcc0909ac	turkcinema.org	0.000072	1	0	0
11791	6f74b1d4b2ed506a17af3512d3fe8687-bd7d3463c663a2c35	skam.online	0.000072	1	0	0
12507	7132534-943475-0-0	kuhnidizajn-ru.turbopages.org	0.000008	1	0	0
14051	15740-509354377-0-Merge^20Villa	merge.villa	0.00059	1	0	0
11857	8381155-721620-0-0	bankiros-ru.turbopages.org	0.000008	1	0	0
12507	8381155-721620-0-0	bankiros-ru.turbopages.org	0.000008	1	0	0
14051	15737-1984886339-0-0	com.mobirix.swipebrick2	0.00059	1	0	0
14051	1582074554-2017759102-0-0	airekat.ru	0.00059	1	0	0
11777	15740-2dvs6dbqx8-0-Solitaire	com.spacegame.basic5	0.000493	1	0	0
11777	15740-toyenpk9kb-0-Mr^20Ninja^20-^20Slicey^20Puzzles	com.lionstudios.mrninja	0.000493	1	0	0
11858	46431776-287922-0-0	wh.reactor.cc	0.000008	1	0	0
11857	24099038-190786-0-0	m.progorod33.ru	0.000008	1	0	0
11777	15740-1698097-0-imo^20video^20calls^20and^20chat	336435697	0.000493	1	0	0
11904	8157577-352414-0-0	love.ru	0.000008	1	0	0
11865	74587991-510918-0-0	kuztoday.ru	0.000008	1	0	0
11858	32105859-414009-0-0	exchange-assets.com	0.000008	1	0	0
12507	8381155-722011-0-0	apteka-103-by.turbopages.org	0.000008	1	0	0
12507	58546149-395934-0-0	mir-knig.com	0.000008	1	0	0
14051	15740-3554307514-0-Match^20Hit	com.combo.matcher	0.00059	1	0	0
13677	40517-576712-0-0	www.playground.ru	0.000007	1	0	0
12507	88522591-609547-0-0	sadsezon.com	0.000008	1	0	0
8623	43092-604431-0-0	com.mobirix.multiplywar	0.000494	1	0	0
13001	1beee90e506de5fc1e24fa033f213af5-3195d9a498f8f9e0c	1251790681	0.00059	1	0	0
12512	7295714-188279-0-0	russian.rt.com	0.000072	1	0	0
12509	38661274-281904-0-0	tengrinews.kz	0.000008	1	0	0
11864	75322848-538725-0-0	sterlegrad.ru	0.000008	1	0	0
11909	70822726-484107-0-0	www.riatomsk.ru	0.000008	1	0	0
11858	1216716-384205-0-0	zakupki-kontur.ru	0.000008	2	0	0
11858	902346-59644-0-0	biysk24.ru	0.000008	1	0	0
14051	15740-3108274876-0-Ice^20Scream^201:^20Horror^20Neighborho	com.keplerians.icescream	0.00059	1	0	0
9012	43092-604454-0-0	terraria.fandom.com	0.000061	1	0	0
14051	15740-3487531673-0-Crush^20Them^20All	com.godzilab.idlerpg	0.00059	2	0	0
12507	407197-158840-0-0	lisa.ru	0.000008	1	0	0
13252	8851-0	www.healthline.com	0.000008	1	0	0
12176	8083-0	com.openmygame.games.android.wordsearchsea	0.00059	1	0	0
14051	15740-2966922265-0-CodyCross:^20Crossword^20Puzzles	com.fanatee.cody	0.00059	1	0	0
9012	36392-475082-0-0	teleprogramma.pro	0.000061	2	0	0
13001	01e8712362743fe5e30d5358197295c3-617aad66c569154c8	ru.krackdigger.diary_two	0.00059	1	0	0
11777	15740-uu1smcamtb-0-FreeCell^20Solitaire^20-^20Classic^20Ca	freecell.solitaire.free.cardgame.king.spades.klondike.no.ads.pro.patience	0.000493	1	0	0
13001	92def3eea420956ed2db499f7664a603-92def3eea420956ed	www.euroki.org	0.000738	0	1	0
11857	87936520-601046-0-0	love.mail.ru	0.000008	4	0	0
11857	7687782-448212-0-0	profile.ru	0.000072	1	0	0
14051	15740-155010580-0-Beat.ly^20-^20Music^20Video^20Maker^20with	vinkle.video.editor	0.00059	1	0	0
14051	15740-3601073374-0-Gold^20and^20Goblins:^20Idle^20Miner	com.redcell.goldandgoblins	0.00059	2	0	0
12507	1532269-141463-0-0	kedem.ru	0.000008	1	0	0
11777	15740-bjynhoaw7u-0-Cell^20Expansion^20Wars	com.mobirix.multiplywar	0.000493	1	0	0
12509	65101275-446897-0-0	www.vokrugsveta.ru	0.000008	1	0	0
8623	43724-609637-0-0	lightstories.site	0.000494	1	0	0
11860	45615057-284719-0-0	ulan.mk.ru	0.000008	1	0	0
11909	65101275-578374-0-0	m.nn.ru	0.000008	1	0	0
11899	14819-577877-0-nversia.ru	nversia.ru	0.000072	1	0	0
12507	7687782-448212-0-0	profile.ru	0.000008	10	0	0
11868	93998579-1205222-0-0	deal.by	0.000008	1	0	0
11777	15740-vh51uomtgd-0-Idle^20Coal^20Mining^20Inc	dovi.coalmining.inc	0.000493	1	0	0
14051	15740-1014703583-0-Knife^20Hit	com.ketchapp.knifehit	0.00059	2	0	0
14051	15740-2899560393-0-Rider	com.ketchapp.rider	0.00059	1	0	0
11865	94992061-1279309-0-0	news102.ru	0.000008	1	0	0
12176	15672-0	ren.tv	0.00059	1	0	0
12176	15497-0	ctc.ru	0.00059	1	0	0
13001	0096b26d4303e9fe33c1fb6cbd4c87d0-c1e1a1791fe4317eb	video.like.lite	0.00059	1	0	0
11868	71813031-545728-0-0	www.gismeteo.ru	0.000008	4	0	0
11864	75381992-755155-0-0	tmbkras.vsite.biz	0.000008	1	0	0
12507	46942132-289585-0-0	ucrazy.ru	0.000008	1	0	0
13001	fa690b06b57e11662924ee737fd4c906-d6fa8431c1bf7d612	com.imo.android.imoimbeta	0.00059	1	0	0
13001	01e8712362743fe5e30d5358197295c3-843a47456fc79dfeb	ru.watchmyph.analogilekarstv	0.00059	2	0	0
13249	12517-0	www.ntv.ru	0.000008	2	0	0
11904	87276007-592219-0-0	www.mk.ru	0.000008	2	0	0
11865	30570339-731199-0-0	ufanotes.ru	0.000008	1	0	0
13266	3110-0	www.windguru.cz	0.000008	2	0	0
10208	b2ebca6eba370ba3ec81c0c930b1fa58-74ef8f6271052b3d1	filmplace.ru	0.000072	1	0	0
12176	18537-0	nulls.gg	0.00059	9	0	0
14051	15740-2020055906-0-Standoff^202	com.axlebolt.standoff2	0.00059	1	0	0
12507	69436445-474720-0-0	peopletalk-ru.turbopages.org	0.000008	1	0	0
11909	61657907-412959-0-0	m.spletnik.ru	0.000008	1	0	0
14051	15740-3241898902-0-Pyramid^20Solitaire^20-^20Classic^20Fre	pyramid.solitaire.classic.saga.tripeaks.egypt.free.cardgame	0.00059	1	0	0
11909	799371-41196-0-0	www.sport.ru	0.000072	1	0	0
12507	8017182-191022-0-0	start-luck.ru	0.000008	1	0	0
13001	ba445a848a4f48539a14d3bcb2b3ec28-958e255d322386e6b	tsargrad.tv	0.000738	0	1	0
11865	54770757-601836-0-0	cam-stone.ru	0.000008	1	0	0
11777	15740-uyrl7lzet7-0-CodyCross:^20Crossword^20Puzzles	com.fanatee.cody	0.000493	1	0	0
11904	64173066-440960-0-0	radiokp.ru	0.000008	1	0	0
13001	50ff0082d4d82844ce9cb41a82130bff-50ff0082d4d82844c	www.inpearls.ru	0.00059	1	0	0
13001	a54af2aecfc3dba3ec7c68be51e8036b-eb3f20cf5f01a5a34	studme.org	0.00059	1	0	0
11865	2412782-167915-0-0	www.domofond.ru	0.000008	1	0	0
14051	15740-1633756225-0-Spider^20Solitaire^20-^20Best^20Classic	spider.solitaire.card.games.free.no.ads.klondike.solitare.patience.king	0.00059	1	0	0
12507	16951930-184419-0-0	kitchendecorium.ru	0.000072	1	0	0
11865	93905134-1247034-0-0	burtinsd.ml	0.000008	1	0	0
11865	91778881-1242464-0-0	trickme.ru	0.000008	2	0	0
14051	3092114878-385645003-0-0	blesstheharts.fox-fan.tv	0.000653	1	1	0
11868	88763329-612801-0-0	lampoid.ru	0.000008	1	0	0
14051	fa690b06b57e11662924ee737fd4c906-3092241729-0-imo^20	com.imo.android.imoimhd	0.00059	3	0	0
14051	15740-2896239144-0-Nox^20Cleaner^20-^20Booster,^20Optimize	com.noxgroup.app.cleaner	0.00059	1	0	0
11858	69436445-474720-0-0	peopletalk.ru	0.000008	1	0	0
12509	6746465-142629-0-0	hh.ru	0.000008	2	0	0
14051	15740-1163484843-0-Russian^20scanwords	com.tomato.scanword.collection	0.00059	1	0	0
12176	15497-0	domashniy.ru	0.00059	1	0	0
11904	34351736-600815-0-0	tlt.ru	0.000008	1	0	0
8623	43724-609637-0-0	com.mobirix.swipebrick2	0.000494	3	0	0
14051	15740-2864254290-0-WEBTOON	com.naver.linewebtoon	0.00059	1	0	0
12509	65949452-542792-0-0	radiokp.ru	0.000008	2	0	0
11909	65101275-575584-0-0	www.e1.ru	0.000008	2	0	0
8623	40684-490244-0-0	car.ru	0.000494	2	0	0
11858	40879015-269713-0-0	cenyavto.com	0.000008	1	0	0
14051	fa690b06b57e11662924ee737fd4c906-1887377298-0-imo^20	336435697	0.00059	2	0	0
8623	43092-604454-0-0	www.hardreset.info	0.000494	1	0	0
13001	bbd584c292eaabaf3ba44c6cf7a32963-bbd584c292eaabaf3	xn--80atdza.xn--80adxhks	0.00059	1	0	0
11865	69816178-613435-0-0	plitkahoff.ru	0.000008	1	0	0
14051	15740-473289358-0-Stickman^20Ragdoll^20Fighter	com.stickman.fighter	0.00059	1	0	0
11909	33551756-232294-0-0	news.allcrimea.net	0.000008	1	0	0
12509	94975327-1284554-0-0	vortexnews.ru	0.000008	4	0	0
9012	36195-472385-0-0	www.mk.ru	0.000061	1	0	0
14123	16291-34558-0-0	-	0.00059	2	0	0
11858	369305-1038-0-0	3dnews.ru	0.000008	2	0	0
12176	8083-0	com.openmygame.games.android.wordpizza	0.00059	2	0	0
11777	15740-1670567-0-imo^20HD-Free^20Video^20Calls^20and^20Chats	com.imo.android.imoimhd	0.000493	4	0	0
12507	2011141-839801-0-0	www.gismeteo.kz	0.000008	1	0	0
14051	15745-675959213-0-imo^20HD-Free^20Video^20Calls^20and^20Chat	com.imo.android.imoimhd	0.00059	1	0	0
13251	12422-0	sms24.me	0.000008	1	0	0
8623	43092-604454-0-0	adme.ru	0.000494	5	0	0
11865	89739637-1206574-0-0	clinica-opora.ru	0.000008	1	0	0
12509	65949452-1215721-0-0	www.tourprom.ru	0.000008	1	0	0
11865	91778783-1241170-0-0	bookinfa.ru	0.000008	2	0	0
11868	65101275-447181-0-0	m.pogoda.ngs.ru	0.000008	1	0	0
11858	1560494-660797-0-0	mail.rambler.ru	0.000008	1	0	0
11865	71733942-489960-0-0	page.maple4.ru	0.000008	1	0	0
12416	0-4099-0-0	-	0.00059	1	0	0
11868	92386429-746409-0-0	telik.top	0.000008	3	0	0
13252	20843-0	brl.mk.ru	0.000072	1	0	0
11864	6438395-142108-0-0	e.mail.ru	0.000008	65	0	0
11777	15740-1966629-0-FNF^20New^20Music^20Battle^20-^20Funkin^20Frid	com.hypercat.fnf	0.000493	1	0	0
13001	92def3eea420956ed2db499f7664a603-92def3eea420956ed	www.euroki.org	0.00059	10	0	0
13266	3110-0	windguru.cz	0.000008	1	0	0
11857	1560494-348687-0-0	colonelcassad-livejournal-com.turbopages.org	0.000008	1	0	0
11857	5092869-134625-0-0	echo-msk-ru.turbopages.org	0.000008	1	0	0
14051	15740-3831214322-0-Flipboard	flipboard.boxer.app	0.00059	1	0	0
11909	930360-287353-0-0	otzyvru-com.turbopages.org	0.000008	1	0	0
12507	1322075-70350-0-0	fb-ru.turbopages.org	0.000008	2	0	0
14051	bf13a57b5b933c842544d8061a2921c7-1330568511-0-0	ru.watchmyph.analogilekarstv	0.000493	1	0	0
11904	5510286-138138-0-0	razlozhi.ru	0.000008	2	0	0
11865	16906968-209742-0-0	housechief.ru	0.000008	1	0	0
8623	43092-604415-0-0	content.overwolf.com	0.000494	2	0	0
8623	42565-625098-0-0	wotexpress.info	0.000494	2	0	0
11858	407197-196583-0-0	www.ivd.ru	0.000008	2	0	0
10009	6d4e33980ff0d340926898fa68e2f0cf-ac0cfa0dfcc0909ac	animeonline.cc	0.000072	1	0	0
11858	1386626-586344-0-0	findanime.net	0.000072	1	0	0
11857	92519834-1268160-0-0	mp3uk.net	0.000008	1	0	0
12507	7687782-448212-0-0	profile.ru	0.000072	3	0	0
14051	15740-2073899577-0-Toss^20Diamond^20Hoop	com.basketball.diamond.hoop	0.00059	1	0	0
12507	1600226-68252-0-0	belgorod.bezformata.com	0.000008	1	0	0
14051	15737-1017125893-0-0	com.find.out.hidden.objects	0.00059	1	0	0
11864	42813817-276165-0-0	www.znak.com	0.000008	2	0	0
11777	15740-sd6vwnahjy-0-Spin^20the^20Bottle:^20Kiss,^20Chat^20and	com.ciliz.spinthebottle	0.000493	1	0	0
14051	15737-3128405066-0-0	ru.watchmyph.analogilekarstv	0.00059	1	0	0
11858	73147933-495963-0-0	makeword.ru	0.000008	1	0	0
12507	92945426-752689-0-0	sibdepo-ru.turbopages.org	0.000008	1	0	0
11909	35356443-247336-0-0	kanjiname.ru	0.000008	1	0	0
12507	3293020-129405-0-0	www.cosmo.ru	0.000008	1	0	0
13001	9dd1b722196cd71206e0870e212c35a9-9dd1b722196cd7120	obrazovaka.ru	0.00059	10	0	0
14051	15740-326059779-0-TapTap^20Match^20-^20Connect^20Tiles	com.pingvigames.taptap_match_connect_pairs	0.00059	1	0	0
12507	94830797-1269914-0-0	22stroidom.ru	0.000008	1	0	0
14051	15740-3696143310-0-App^20EU	com.ice.sirenhead	0.00059	1	0	0
14051	15740-3570621527-0-Construction^20Set^20-^20Satisfying^20C	com.constructor.games	0.00059	2	0	0
13001	5f30f52d1a3d99ef3607be462cc2867d-5f30f52d1a3d99ef3	www.topnews.ru	0.00059	4	0	0
12507	91624402-706089-0-0	blitz.plus	0.000008	5	0	0
11868	1412746-1258509-0-0	www.litmir.me	0.000008	1	0	0
12507	5872841-1268335-0-0	mangabook.org	0.000008	1	0	0
11864	575797-189704-0-0	kaluganews.ru	0.000008	1	0	0
11858	65101275-575584-0-0	www.e1.ru	0.000008	1	0	0
11865	54817670-425063-0-0	wisely.su	0.000008	1	0	0
9866	0-216200-0-0	ecoportal.info	0.000072	1	0	0
12176	18537-0	pozd.org	0.00059	1	0	0
11858	1322075-70350-0-0	fb.ru	0.000008	1	0	0
11904	1094031-288124-0-0	tochka-mira.ru	0.000008	1	0	0
11857	92519834-1268275-0-0	mp3iq.net	0.000008	1	0	0
14051	15740-2151087430-0-CallApp:^20Caller^20ID,^20Call^20Blocke	com.callapp.contacts	0.00059	1	0	0
14056	0-216200-0-0	clck.lentainform.com	0.000072	1	0	0
14051	2807743741-2184324946-0-0	travelask.ru	0.00059	1	0	0
13252	1-0	360tv.ru	0.000072	1	0	0
12507	92453275-732287-0-0	11novosti.ru	0.000008	2	0	0
9866	0-216200-0-0	360tv.ru	0.000072	1	0	0
14051	2703287992-827381246-0-0	infokras.ru	0.00059	2	0	0
11857	471383-17418-0-0	www.bmwclub.ru	0.000008	1	0	0
14051	2807743741-2184324946-0-0	lightstories.site	0.00059	2	0	0
12507	93736421-989340-0-0	kylinariya-ru.turbopages.org	0.000008	1	0	0
11865	43300894-277958-0-0	batareykaa.ru	0.000008	1	0	0
14051	666789525-1015652666-0-0	politica-news.site	0.000913	2	2	0
14056	0-216200-0-0	teleprogramma.pro	0.000072	5	0	0
11904	1331917-530344-0-0	detalissimo.ru	0.000008	1	0	0
11857	1560494-348664-0-0	lenta-ru.turbopages.org	0.000008	1	0	0
12507	1955115-430451-0-0	www.poisklekarstv.com	0.000008	1	0	0
12507	6734741-154950-0-0	drive2-ru.turbopages.org	0.000008	3	0	0
13252	6598-0	myshows.me	0.000008	1	0	0
12507	8379705-159020-0-0	smart-lab.ru	0.000008	2	0	0
14051	15737-3128405066-0-0	com.sun_dev.ng_salatii	0.00059	1	0	0
13257	1-0	elektro.guru	0.000072	1	0	0
12507	570920-38708-0-0	vtomske.ru	0.000072	1	0	0
11777	15740-1i0mcathvf-0-Chess^20-^20play^20&^20learn	com.chess	0.000493	1	0	0
12176	15497-0	howto-news.info	0.00059	1	0	0
11857	775153-334670-0-0	credits.ru	0.000008	1	0	0
11909	56663774-602227-0-0	m.7days.ru	0.000072	1	0	0
12507	86269387-1261276-0-0	instanavigation.com	0.000008	1	0	0
12176	8083-0	com.marulgames.wordsurf	0.00059	2	0	0
11865	2412782-419506-0-0	www.avito.ru	0.000008	32	0	0
11909	1960522-271063-0-0	role-me.ru	0.000008	1	0	0
11909	8091115-188506-0-0	fish-haus.ru	0.000008	1	0	0
11857	1325561-608221-0-0	toloka.listbb.ru	0.000008	1	0	0
11777	15740-3k3kcpdxym-0-Lumber^20Inc	com.lumber.inc	0.000493	2	0	0
14051	15740-2205094875-0-Popstar^20Union-Free^20Star^20Crossed	com.rrpopstar.union	0.00059	1	0	0
14051	3274576156-4190608258-0-0	workinghard.ru	0.000493	1	0	0
14051	3c1012fa5deecb8a8145d87ad1b3854b-2768679500-0-Idle	com.fluffyfairygames.idleminertycoon	0.00059	1	0	0
13001	01e8712362743fe5e30d5358197295c3-9b851fe7a054d922a	com.involtapp.psyans	0.00059	1	0	0
14051	15737-1017125893-0-0	com.cloudycastlegames.wordline	0.00059	1	0	0
11777	15740-91pmqqiv8c-0-Wattpad^20-^20Read^20&^20Write^20Stories	wp.wattpad	0.000493	2	0	0
12416	0-4099-0-0	-	0.000922	1	1	0
11905	45814791-835174-0-0	medic-help.ru	0.000008	1	0	0
14051	868417772-3681442188-0-0	popular-worth.xyz	0.00059	1	0	0
14051	15740-2411811871-0-imo^20HD-Free^20Video^20Calls^20and^20Cha	com.imo.android.imoimhd	0.000493	1	0	0
14058	41316-586119-0-0	m.7days.ru	0.000072	1	0	0
11905	2112549-91685-0-0	mojastrana.mirtesen.ru	0.000008	1	0	0
11858	18373836-466126-0-0	mychinaexpert.ru	0.000008	1	0	0
14051	fa690b06b57e11662924ee737fd4c906-2851514478-0-Like	video.like.lite	0.00059	1	0	0
14051	15740-3882684206-0-Criminal^20case:^20save^20the^20world!	com.prettysimple.worldeditionandroid	0.00059	1	0	0
11909	790055-17782-0-0	obzor.city	0.000072	1	0	0
12507	45746419-284959-0-0	schlock.ru	0.000072	1	0	0
11858	91624402-821997-0-0	fedpress.ru	0.000008	1	0	0
11865	2195036-337347-0-0	sad24.ru	0.000008	1	0	0
14051	fa690b06b57e11662924ee737fd4c906-817186772-0-Count	com.sevenbulls.counterattackshooter	0.00059	1	0	0
11909	1381191-61633-0-0	www.predskazanie.ru	0.000008	2	0	0
11791	21fee56a7508a045067e16181bb7cc2c-e4a26f930c0db018d	animeonline.cc	0.000072	2	0	0
11909	87276007-592219-0-0	www.mk.ru	0.000072	1	0	0
14051	15740-815029490-0-Imposter^20Smashers^20-^20Fun^20io^20games	com.casual.impostor.smasher	0.00059	1	0	0
11865	476196-292318-0-0	onlayn-radio.ru	0.000008	1	0	0
11868	93683367-979907-0-0	aktnews.ru	0.000008	2	0	0
14051	15740-1810602353-0-Idle^20Coal^20Mining^20Inc	dovi.coalmining.inc	0.00059	2	0	0
11857	5092531-223754-0-0	m.ura.news	0.000008	2	0	0
11909	8017182-191022-0-0	start-luck.ru	0.000008	1	0	0
9012	41316-586119-0-0	m.7days.ru	0.000061	4	0	0
14051	fa690b06b57e11662924ee737fd4c906-325838387-0-Match	com.loop.match3d	0.00059	2	0	0
12507	59767463-727863-0-0	book-online.com.ua	0.000008	1	0	0
14051	2730780382-2374386640-0-0	bryansktoday.ru	0.00059	1	0	0
11858	1426764-126740-0-0	files.stroyinf.ru	0.000008	2	0	0
11864	6438395-147023-0-0	news.mail.ru	0.000008	4	0	0
12282	101783-306c8395629f984a652f78-echo.msk.ru-0	echo.msk.ru	0.000568	7	0	0
11865	54817670-345976-0-0	wsesw.ru	0.000008	1	0	0
11860	71813031-490450-0-0	www.gismeteo.ru	0.000008	2	0	0
11865	835165-326890-0-0	creditvsbervbanke.ru	0.000008	1	0	0
14056	0-216200-0-0	ren.tv	0.000072	2	0	0
13266	18537-0	tvrf.city	0.000008	2	0	0
11904	67572452-463347-0-0	track24.ru	0.000008	3	0	0
11909	434286-67013-0-0	astroscope.ru	0.000008	1	0	0
11909	6438395-353926-0-0	dom.mail.ru	0.000008	1	0	0
11904	4624495-130614-0-0	www.vazhno.ru	0.000008	2	0	0
14051	3772740480-4117916259-0-0	nezoterika.website	0.00059	1	0	0
8623	43092-604415-0-0	content.overwolf.com	0.000413	1	0	0
11905	2112549-91685-0-0	u-f.mirtesen.ru	0.000008	1	0	0
12507	39209784-262892-0-0	stuki--druki-com.turbopages.org	0.000008	1	0	0
14051	15740-1567259338-0-Match^203D^20-^20Matching^20Puzzle^20Game	com.loop.match3d	0.00059	1	0	0
9864	0-216200-0-0	ren.tv	0.000072	2	0	0
11905	10322213-277627-0-0	100realt.ru	0.000008	1	0	0
13680	42917-612242-0-0	www.om1.ru	0.000061	1	0	0
11857	65101275-446888-0-0	www.ellegirl.ru	0.000008	2	0	0
10049	3938cf97ea84e2a9485f979e908bda87-be42ed724014c720b	www.yaplakal.com	0.000008	3	0	0
11858	2412782-419506-0-0	www.avito.ru	0.000008	33	0	0
9864	0-216200-0-0	ecoportal.info	0.000072	1	0	0
14051	3c1012fa5deecb8a8145d87ad1b3854b-1842807239-0-Accu	com.accuweather.android	0.00059	1	0	0
12176	18537-0	mama66.ru	0.00059	1	0	0
8623	43724-609637-0-0	therumdiary.ru	0.000494	1	0	0
11909	93664287-972090-0-0	m.biblus.in	0.000008	1	0	0
11904	87276007-592219-0-0	www.mk.ru	0.000072	1	0	0
12507	88121411-603878-0-0	radarmedia.net	0.000072	1	0	0
11865	54770757-346146-0-0	c.gnt24.ru	0.000008	2	0	0
14051	15740-3411920146-0-Mysteries^20of^20the^20Past	1223379536	0.00059	1	0	0
12176	8083-0	com.marulgames.wordsurf	0.000493	1	0	0
8623	43724-609637-0-0	zarplatto.ru	0.000494	1	0	0
14051	2730780382-2042320474-0-0	fightnews.info	0.00059	1	0	0
8623	43724-609637-0-0	kachalka-24.ru	0.000494	1	0	0
14051	2129643511-4263437918-0-0	beautiful.mcdir.me	0.000653	1	1	0
14051	15740-3264739627-0-Clockmaker:^20Match^20Three^20in^20Row	929195587	0.00059	2	0	0
13251	18537-0	tvrf.city	0.000008	1	0	0
11909	36493473-331129-0-0	primpress.ru	0.000072	2	0	0
12416	0-13386-0-0	blumpkintube.com	0.000922	1	1	1
12507	6078414-140849-0-0	irkutsk.bankturov.ru	0.000008	1	0	0
14051	4044630472-2923542780-0-0	context.reverso.net	0.00059	3	0	0
11909	3293020-129405-0-0	cosmo-ru.turbopages.org	0.000008	2	0	0
12507	93599099-944073-0-0	deti-online.com	0.000072	1	0	0
11858	87276007-592219-0-0	spb.mk.ru	0.000072	1	0	0
12507	1765214-489243-0-0	www.kontrolnaya-rabota.ru	0.000008	1	0	0
14051	15740-3594565363-0-Merge^20Villa	merge.villa	0.00059	1	0	0
14051	15740-3284666933-0-Slot^20Rush^20-^20Spin^20for^20huuuge^20win	com.fill.funnybag.slot	0.00059	1	0	0
11865	18373836-466126-0-0	mychinaexpert.ru	0.000008	1	0	0
14051	15740-1654557716-0-imo^20HD-Free^20Video^20Calls^20and^20Cha	com.imo.android.imoimhd	0.00059	9	0	0
13252	3932-0	www.spravkaforme.com	0.000008	3	0	0
14051	15740-3827897198-0-Likee^20Lite^20-^20Let^20You^20Shine	video.like.lite	0.00059	6	0	0
14051	15740-723629083-0-Cat^20Paradise	com.merge.cat.paradise	0.00059	1	0	0
8669	3938cf97ea84e2a9485f979e908bda87-6dd7f7a279120d51b	www.playground.ru	0.000008	8	0	0
14051	3503391003-4169995728-0-0	as102.online-stars.org	0.000653	1	1	0
12507	8240866-155688-0-0	www.belnovosti.by	0.000008	4	0	0
14051	4151240828-1348163411-0-0	business-observer.tech	0.000731	0	1	0
14051	15740-264645982-0-0	com.imo.android.imoimbeta	0.000493	1	0	0
12507	78925847-636653-0-0	list-vk.com	0.000008	1	0	0
12507	509629-486824-0-0	rg-ru.turbopages.org	0.000008	1	0	0
14056	0-216200-0-0	nauka.club	0.000072	1	0	0
12176	15497-0	www.gorodche.ru	0.00059	1	0	0
11858	1124250-54642-0-0	krsk.au.ru	0.000008	4	0	0
11909	58642449-401886-0-0	khazin.ru	0.000008	1	0	0
11904	464493-111364-0-0	www.mamba.ru	0.000008	3	0	0
11909	2112549-91685-0-0	ha-ha.mirtesen.ru	0.000008	1	0	0
13001	2dadce2b1c38e63b36b292a5fd9c8ae1-2dadce2b1c38e63b3	sochi24.tv	0.00059	6	0	0
14051	15740-4230263815-0-Gem^20Number	com.gem.number.glnumber	0.00059	1	0	0
12507	91623033-683453-0-0	saint-petersburg.irr.ru	0.000008	1	0	0
12507	37959355-644392-0-0	krovgid.com	0.000008	1	0	0
13252	12373-0	www.kp.by	0.000072	1	0	0
14051	fa690b06b57e11662924ee737fd4c906-2465437248-0-imo^20	com.imo.android.imoimbeta	0.00059	21	0	0
11865	34887135-244725-0-0	delaypol.com	0.000008	1	0	0
13266	13701-0	ru.glosbe.com	0.000008	1	0	0
12509	3090793-147280-0-0	pravoved.ru	0.000008	2	0	0
11909	31375009-450013-0-0	ua-vestnik.com	0.000008	1	0	0
11777	15740-1645178-0-imo^20beta^20free^20calls^20and^20text	com.imo.android.imoimbeta	0.000493	13	0	0
12507	407197-91828-0-0	burdastyle.ru	0.000008	1	0	0
11905	931235-747347-0-0	my-calend.ru	0.000008	1	0	0
11909	30570339-658609-0-0	m.7days.ru	0.000008	1	0	0
12176	8083-0	com.fugo.wowguru	0.000493	1	0	0
11865	88537174-609693-0-0	www.amur.info	0.000008	1	0	0
12507	36493473-331129-0-0	primpress.ru	0.000008	1	0	0
11904	407318-46487-0-0	www.hmn.ru	0.000008	1	0	0
12507	10173633-462527-0-0	kak-sdelano.ru	0.000008	2	0	0
14051	15740-4180342981-0-Dungeon^20Crusher:^20Soul^20Hunters	com.towardsmars.dungeoncrusher	0.00059	1	0	0
11904	92386429-1241104-0-0	tvrf.city	0.000008	1	0	0
13001	ba445a848a4f48539a14d3bcb2b3ec28-958e255d322386e6b	tsargrad.tv	0.00059	30	0	0
11858	2935048-115118-0-0	transphoto.org	0.000008	1	0	0
11857	3598907-324656-0-0	7days-ru.turbopages.org	0.000008	1	0	0
11909	1960522-271063-0-0	role-me.ru	0.000072	1	0	0
13252	8995-0	hr-portal.ru	0.000008	1	0	0
11865	88690383-611984-0-0	jaomix.ru	0.000008	3	0	0
14051	2807743741-2184324946-0-0	vesma.today	0.00059	1	0	0
11864	65101275-575584-0-0	www.e1.ru	0.000008	1	0	0
14051	15740-1578659473-0-Episode^20+^20pretty^20little^20liars	com.episodeinteractive.android.catalog	0.00059	1	0	0
11904	32175474-1227264-0-0	mymammy.info	0.000008	1	0	0
14051	3c1012fa5deecb8a8145d87ad1b3854b-1575578435-0-Bric	com.mobirix.swipebrick2	0.00059	2	0	0
14051	15740-669630123-0-Tile^20Blast^20-^20Matching^20Puzzle^20Gam	com.glorygame.tileblast	0.00059	1	0	0
11865	89339234-1276383-0-0	vsdelke.ru	0.000008	6	0	0
13266	10591-0	www.multitran.com	0.000008	1	0	0
14051	15740-684772461-0-Restaurant^20Renovation	com.zymobile.restaurant	0.00059	1	0	0
11857	3849096-126345-0-0	www.gorodche.ru	0.000008	3	0	0
14051	1007368844-862310221-0-0	4ege.ru	0.00059	1	0	0
11868	1412746-580826-0-0	www.litmir.me	0.000008	3	0	0
14051	174409769-1709168394-0-0	stand.hitplayer.ru	0.00059	1	0	0
11868	65101275-575584-0-0	www.e1.ru	0.000008	1	0	0
14051	fa690b06b57e11662924ee737fd4c906-2465437248-0-imo^20	com.imo.android.imoimbeta	0.000493	4	0	0
12507	43300894-277958-0-0	batareykaa.ru	0.000008	1	0	0
11865	91231761-1254914-0-0	gertund.cf	0.000008	1	0	0
12507	91624402-735164-0-0	day.ru	0.000008	3	0	0
10009	65bd063b3720d703fa73072dcabb277a-9c78d4358b08e3587	edapolza.ru	0.000008	1	0	0
11791	10-844-0-0	globalot.ru	0.000008	1	0	0
11858	41505663-271344-0-0	www.tart-aria.info	0.000008	1	0	0
14051	3c1012fa5deecb8a8145d87ad1b3854b-3800323248-0-Farm	solitaire.tripeaks.farm.free.card.games.grand.harvest.garden	0.00059	1	0	0
11858	87936520-601046-0-0	www.mamba.ru	0.000008	1	0	0
12509	65949452-989182-0-0	infourok.ru	0.000008	1	0	0
11777	15740-1645504-0-Park^20Master	1481293953	0.000493	1	0	0
13251	19345-0	ru.classic.wowhead.com	0.000008	1	0	0
11777	15740-gfvmjvijbb-0-Gold^20and^20Goblins:^20Idle^20Miner	com.redcell.goldandgoblins	0.000493	1	0	0
12507	509629-29789-0-0	rg.ru	0.000008	2	0	0
11858	420727-124943-0-0	ilibrary.ru	0.000008	1	0	0
11777	15740-i1fbcqzly9-0-Idle^20Miner^20Tycoon	com.fluffyfairygames.idleminertycoon	0.000493	2	0	0
12507	2412782-419507-0-0	m.avito.ru	0.000008	78	0	0
14051	1013509722-3891345978-0-0	kitty63.ru	0.000653	1	1	0
11858	2050914-751853-0-0	nauka.club	0.000008	2	0	0
11909	8123279-154768-0-0	www.be-in.ru	0.000008	1	0	0
11868	9598552-175106-0-0	www.forbes.ru	0.000072	1	0	0
12507	89739637-1249190-0-0	tattoo-mall.ru	0.000008	1	0	0
11909	56663774-602227-0-0	m.7days.ru	0.000008	1	0	0
14051	15740-2598139630-0-Harvest.io^20-^20Farming^20Arcade^20in^20	com.harvest.io	0.00059	1	0	0
14051	666789525-1015652666-0-0	politica-news.site	0.000731	0	1	0
12176	15497-0	ren.tv	0.00059	1	0	0
14051	15740-264645982-0-0	com.imo.android.imoimbeta	0.00059	3	0	0
13257	8995-0	coub.com	0.000008	1	0	0
13001	a186cbb009abed20ab216cd69ec8a95b-617aad66c569154c8	ru.krackdigger.diary_two	0.00059	1	0	0
14051	15740-1654557716-0-imo^20HD-Free^20Video^20Calls^20and^20Cha	com.imo.android.imoimhd	0.000493	3	0	0
11864	509629-29789-0-0	rg.ru	0.000008	1	0	0
14051	4044630472-2923542780-0-0	ru.buzzerilla.com	0.00059	1	0	0
11868	1180293-56287-0-0	www.kaluga-poisk.ru	0.000008	1	0	0
12282	102342-3a6d999b369d9d40203c23aef2-obrazovaka.ru-0	obrazovaka.ru	0.000568	6	0	0
11777	15740-1644631-0-Likee^20Lite^20-^20Let^20You^20Shine	video.like.lite	0.000493	2	0	0
11777	15740-jtmok81mkv-0-Match^20Master^203D^20-^20Matching^20Puzz	com.master.match3d	0.000493	1	0	0
14051	2807743741-2184324946-0-0	www.bloodandsweat.ru	0.00059	1	0	0
11858	87276007-592220-0-0	www.avtovzglyad.ru	0.000008	1	0	0
12509	65949452-646933-0-0	www.zr.ru	0.000008	1	0	0
11868	2412782-419507-0-0	m.avito.ru	0.000008	12	0	0
11909	48639729-680852-0-0	autoelectric52.ru	0.000008	1	0	0
11909	5092869-134625-0-0	echo.msk.ru	0.000008	2	0	0
11909	65101275-575584-0-0	m.e1.ru	0.000008	1	0	0
11777	14969-112619-0-muz-tv.ru	muz-tv.ru	0.000493	1	0	0
11864	6438395-149027-0-0	tv.mail.ru	0.000008	4	0	0
11858	478096-57509-0-0	www.inpearls.ru	0.000008	1	0	0
8669	21fee56a7508a045067e16181bb7cc2c-91e628414818f8b4d	vsedoramy.net	0.000072	1	0	0
11868	8562776-753104-0-0	www.inmyroom.ru	0.000008	1	0	0
12507	50266521-331775-0-0	tehnobzor-ru.turbopages.org	0.000008	1	0	0
12507	1801033-247350-0-0	mangalib.me	0.000072	6	0	0
11909	6438395-353890-0-0	tv.mail.ru	0.000008	1	0	0
12507	64173066-443007-0-0	radiokp.ru	0.000008	5	0	0
11905	2112549-91685-0-0	strasti.mirtesen.ru	0.000008	1	0	0
11865	36472703-407939-0-0	cameralabs.org	0.000008	1	0	0
11777	15740-aa5086931684c273559ccef40b18eb0f-0-0	com.imo.android.imoimbeta	0.000493	5	0	0
11909	66475862-459160-0-0	newkhakasiya-online.turbopages.org	0.000008	1	0	0
11864	3849096-126345-0-0	www.gorodche.ru	0.000008	3	0	0
11868	8562776-752125-0-0	www.mk.ru	0.000072	1	0	0
12507	504193-28011-0-0	www.zr.ru	0.000008	2	0	0
12509	65949452-515704-0-0	teleprogramma.pro	0.000008	6	0	0
14051	15740-2518976122-0-Wattpad^20-^20Read^20&^20Write^20Stories	wp.wattpad	0.00059	9	0	0
12507	927410-173674-0-0	bidbaits.ru	0.000008	1	0	0
11864	1910445-669065-0-0	derzhava26.ru	0.000008	1	0	0
9866	0-216200-0-0	clck.lentainform.com	0.000072	1	0	0
12509	65949452-1296360-0-0	sochi24.tv	0.000008	1	0	0
11909	83384515-567219-0-0	orenday.ru	0.000008	2	0	0
14051	2730780382-953979163-0-0	vesma.today	0.00059	3	0	0
11868	509629-29789-0-0	rg.ru	0.000008	1	0	0
9864	0-216200-0-0	m.7days.ru	0.000072	2	0	0
14051	15740-3796874096-0-Water^20Sort^20Puzzle	1514542157	0.00059	1	0	0
14051	2807743741-2184324946-0-0	bryansktoday.ru	0.00059	1	0	0
11865	65101275-579344-0-0	doctorpiter.ru	0.000008	1	0	0
14051	15740-863746070-0-Bermuda^20Adventures:^20Island^20Farm^20	com.samfinaco.paradise	0.00059	1	0	0
13001	01e8712362743fe5e30d5358197295c3-843a47456fc79dfeb	ru.watchmyph.analogilekarstv	0.000754	1	1	0
14051	15740-1123213089-0-Solitaire^20Cruise:^20Classic^20Tripe	com.belkagames.solitaire	0.00059	1	0	0
12507	53677551-337870-0-0	womanadvice.ru	0.000008	1	0	0
9866	0-216200-0-0	m.7days.ru	0.000072	2	0	0
12416	0-27991-0-0	-	0.000738	0	1	0
11857	7687782-448212-0-0	profile.ru	0.000008	1	0	0
11865	93335226-830873-0-0	www.eg.ru	0.000072	1	0	0
11864	65101275-577826-0-0	59.ru	0.000008	1	0	0
14051	15740-4161715601-0-Modern^20Strike^20Online:^20PvP^20FPS	com.gamedevltd.modernstrike	0.00059	1	0	0
11864	4482117-129967-0-0	aftershock.news	0.000008	1	0	0
12507	32657900-220340-0-0	iz-ru.turbopages.org	0.000008	4	0	0
11865	1370690-411988-0-0	sochi24.tv	0.000008	1	0	0
11909	874982-46249-0-0	svpressa.ru	0.000008	1	0	0
11905	2112549-91685-0-0	mt.newzfeed.ru	0.000072	2	0	0
12507	7295714-153743-0-0	russian.rt.com	0.000072	2	0	0
11857	439834-240654-0-0	xn--80ac9aeh6f.xn--p1ai	0.000008	1	0	0
13001	773fb19d24da143aeb02a7f746ea43db-773fb19d24da143ae	www.amic.ru	0.00059	1	0	0
14051	286118318-2082276205-0-0	msfree.ru	0.000653	1	1	0
12507	1370690-411988-0-0	sochi24.tv	0.000008	1	0	0
12512	92928962-752036-0-0	animego.org	0.000072	1	0	0
11905	2112549-91685-0-0	showbiz.mirtesen.ru	0.000008	1	0	0
11791	65bd063b3720d703fa73072dcabb277a-9c78d4358b08e3587	animeonline.cc	0.000008	2	0	0
12509	65949452-777099-0-0	www.amic.ru	0.000008	2	0	0
11865	407197-196583-0-0	www.ivd.ru	0.000008	1	0	0
14051	15740-2124083940-0-Dazzly^20-^20Diamond^20Art^20by^20Number	com.geode.dazzly	0.00059	2	0	0
11865	91778881-709729-0-0	sibmuz.ru	0.000008	1	0	0
14051	15737-1017125893-0-0	com.glu.zbs	0.00059	1	0	0
12507	36493473-331129-0-0	primpress.ru	0.000072	4	0	0
14051	2730780382-2351470441-0-0	www.bloodandsweat.ru	0.00059	2	0	0
11868	1380725-208191-0-0	gazetabiznes.ru	0.000008	4	0	0
14051	15740-3006329106-0-Beat^20Racing	com.dancing.smash.hop.game.tiles.circles.beat.piano.beatracing	0.00059	1	0	0
12176	5643-0	www.game-game.com.ua	0.00059	1	0	0
11865	7975544-153745-0-0	tass.ru	0.000008	1	0	0
14051	15737-1017125893-0-0	net.wooga.junes_journey_hidden_object_mystery_game	0.00059	1	0	0
14051	15740-3510236465-0-More^20Snacks!	com.casualgames.snack	0.00059	1	0	0
14051	2129643511-2189807473-0-0	kitty63.ru	0.000653	1	1	0
14051	15740-1964498014-0-Chess^20-^20play^20&^20learn	com.chess	0.00059	1	0	0
11858	65101275-575586-0-0	forum.ngs.ru	0.000008	1	0	0
11858	1055963-816214-0-0	spaces.im	0.000008	1	0	0
14051	2730780382-904561540-0-0	knigkindom.ru	0.00059	1	0	0
12507	471383-17418-0-0	www.bmwclub.ru	0.000008	1	0	0
11777	15740-we2k4xmsaw-0-Perfect365	475976577	0.000493	1	0	0
10009	b2ebca6eba370ba3ec81c0c930b1fa58-e51f82ea9d9d1a62d	turkcinema.org	0.000072	1	0	0
14051	15740-983933281-0-imo^20beta^20free^20calls^20and^20text	com.imo.android.imoimbeta	0.000493	3	0	0
8623	43724-609637-0-0	com.mobirix.multiplywar	0.000494	1	0	0
11777	15740-vtgsedarpd-0-Critical^20Strike^20CS:^20Counter^20Ter	com.critical.strike2	0.000493	1	0	0
11909	498578-196262-0-0	kp-ru.turbopages.org	0.000008	1	0	0
12507	1448522-80672-0-0	medside-ru.turbopages.org	0.000008	1	0	0
14051	2556903250-4176228025-0-0	www.yaplakal.com	0.00059	4	0	0
11909	33397807-242671-0-0	tsargrad-tv.turbopages.org	0.000008	1	0	0
12507	83311569-574490-0-0	medportal-ru.turbopages.org	0.000008	1	0	0
12507	1756154-113576-0-0	m.sibkray.ru	0.000008	1	0	0
12507	434286-67013-0-0	astroscope.ru	0.000008	1	0	0
11777	15740-stpjgheqfe-0-Hornet^20-^20gay^20social^20network	com.hornet.android	0.000493	1	0	0
14051	15740-2396042854-0-Modern^20strike^20online	com.gamedevltd.modernstrike	0.00059	1	0	0
11909	2412782-419507-0-0	m.avito.ru	0.000008	4	0	0
11864	6438395-147025-0-0	my.mail.ru	0.000072	2	0	0
11868	2235306-97552-0-0	www.luna-segodnja.ru	0.000008	1	0	0
11909	1628328-148720-0-0	textiletrend.ru	0.000008	1	0	0
12513	2390032-357688-0-0	www.msn.com	0.000008	1	0	0
14051	3228644433-1342245803-0-0	art-news.space	0.00059	1	0	0
14051	15740-1207689134-0-Solitaire	com.spacegame.basic5	0.00059	2	0	0
14051	15740-2162841121-0-Flipboard	flipboard.boxer.app	0.00059	1	0	0
12507	36493473-331594-0-0	konkurent.ru	0.000008	7	0	0
11864	18373836-576995-0-0	online.anidub.com	0.000008	3	0	0
13677	36195-472385-0-0	www.mk.ru	0.000061	1	0	0
11865	1910445-669065-0-0	derzhava26.ru	0.000008	1	0	0
12176	18537-0	fedpress.ru	0.00059	1	0	0
14051	2807743741-2184324946-0-0	boxnovel.com	0.000493	1	0	0
14051	2807743741-2184324946-0-0	www.tutorialspoint.com	0.000493	3	0	0
12507	8153363-187978-0-0	foodandhealth-ru.turbopages.org	0.000008	1	0	0
11904	5948838-144419-0-0	laminatepol.ru	0.000008	1	0	0
11864	71813031-490450-0-0	www.gismeteo.ru	0.000008	1	0	0
12378	42917-612242-0-0	www.om1.ru	0.000061	1	0	0
11865	65949452-777073-0-0	tass.ru	0.000008	2	0	0
14051	4151240828-1348163411-0-0	business-observer.tech	0.000913	3	3	0
14051	15740-3614320743-0-Criminal^20Case:^20Pacific^20Bay	com.prettysimple.criminalcasepacificbayandroid	0.000493	1	0	0
11865	3977605-126662-0-0	medi.ru	0.000008	1	0	0
11858	51898059-1210843-0-0	bombardir.ru	0.000008	1	0	0
11868	897669-56459-0-0	pikabu.ru	0.000008	2	0	0
11777	15740-inneractive_814413-0-Knife^20Hit	com.ketchapp.knifehit	0.000493	1	0	0
14051	15740-3591929987-0-Bricks^20Breaker^20Quest	com.mobirix.swipebrick2	0.00059	2	0	0
11858	42813817-276165-0-0	www.znak.com	0.000008	1	0	0
14051	15740-2755510416-0-Crush^20Them^20All	com.godzilab.idlerpg	0.00059	1	0	0
11909	6438395-353887-0-0	otvet.mail.ru	0.000008	2	0	0
11865	494474-102843-0-0	otzovik.com	0.000008	1	0	0
11909	57648680-392466-0-0	onrealt.ru	0.000008	1	0	0
11777	15740-vlw0dpc4dw-0-Bricks^20Breaker^20Quest	com.mobirix.swipebrick2	0.000493	1	0	0
11865	442787-473988-0-0	altermama.ru	0.000008	1	0	0
12176	15497-0	www.ok-magazine.ru	0.00059	3	0	0
11858	36493473-331594-0-0	konkurent.ru	0.000008	1	0	0
14051	15737-4273189534-0-0	com.mobirix.multiplywar	0.000493	1	0	0
11777	15740-vgbrtdfcje-0-EMMO-^20Emoji^20Merge^20Game	com.zebrafun.emmo	0.000493	1	0	0
11909	66475862-459160-0-0	atas-info.turbopages.org	0.000008	1	0	0
8623	43670-607913-0-0	kurer-sreda.ru	0.000413	1	0	0
12507	57118634-386173-0-0	avtozakony.com	0.000008	1	0	0
9866	0-216200-0-0	www.lentainform.com	0.000072	1	0	0
11904	8054248-216855-0-0	ir-center.ru	0.000008	1	0	0
12803	0-222025-0-0	sunhome.ru	0.00059	1	0	0
14051	3c1012fa5deecb8a8145d87ad1b3854b-2095984870-0-WEBT	894546091	0.00059	1	0	0
13251	15761-0	rg.ru	0.000008	1	0	0
11791	817-4385-0-0	kalimov.ru	0.000072	1	0	0
12507	51898059-1238537-0-0	ucrazy.ru	0.000008	1	0	0
14051	646161104-2090427733-0-0	intagil.ru	0.000493	1	0	0
8623	42565-624324-0-0	citaty.info	0.000494	1	0	0
11864	874982-46249-0-0	svpressa.ru	0.000008	1	0	0
11909	571882-184072-0-0	sputnik-georgia.ru	0.000008	1	0	0
12507	90720690-643887-0-0	mir-knig.com	0.000008	4	0	0
11865	6557105-250544-0-0	www.interfax.ru	0.000008	1	0	0
12507	6308623-141255-0-0	dailyhoro.ru	0.000008	1	0	0
14051	15740-1558255465-0-Vlogger^20go^20viral^20-^20tuber^20game	br.com.tapps.vloggergoviral	0.00059	1	0	0
12507	18373836-575903-0-0	royallib.com	0.000008	1	0	0
11904	94975327-1284554-0-0	vortexnews.ru	0.000008	14	0	0
11858	93913520-993501-0-0	yakutia-daily.ru	0.000008	1	0	0
13001	bf13a57b5b933c842544d8061a2921c7-c928742493d3874fe	com.sun_dev.ng_salatii	0.00059	1	0	0
8623	43092-604434-0-0	www.marinetraffic.com	0.000494	2	0	0
14051	2807743741-2184324946-0-0	prav.io	0.00059	1	0	0
12507	1951870-212907-0-0	tutknow-ru.turbopages.org	0.000008	1	0	0
14051	fa690b06b57e11662924ee737fd4c906-2934089289-0-Cash	com.alegrium.cong2	0.00059	1	0	0
12176	8083-0	com.gma.water.sort.puzzle	0.000493	1	0	0
13252	3505-0	znanija.com	0.000008	3	0	0
11909	1728009-162266-0-0	1tv-ru.turbopages.org	0.000008	1	0	0
12512	91231761-1254914-0-0	gertund.cf	0.000008	1	0	0
12507	7139667-144398-0-0	astv.ru	0.000008	1	0	0
8623	43092-604434-0-0	reaperscans.com	0.000494	1	0	0
12507	6477779-284177-0-0	sims4pack.ru	0.000008	1	0	0
11864	65101275-447175-0-0	ngs24.ru	0.000008	1	0	0
11909	91114828-653308-0-0	cyberleninka.ru	0.000008	1	0	0
11777	15740-1460381-0-Stack^20Ball^20-^20Blast^20through^20platfor	com.azurgames.stackball	0.000493	1	0	0
11864	91159049-655744-0-0	remanga.org	0.000008	1	0	0
11904	63430708-448204-0-0	automotocity.com	0.000008	1	0	0
11777	15740-xjifc06fpz-0-Pull^20the^20Pin	com.maroieqrwlk.unpin	0.000493	1	0	0
14051	3c1012fa5deecb8a8145d87ad1b3854b-855192602-0-Ball^20	com.gma.ball.sort.color.water.puzzle	0.00059	1	0	0
12507	41519228-343288-0-0	sonnik.expert	0.000008	1	0	0
13001	3c1012fa5deecb8a8145d87ad1b3854b-231bf812ceaa57cfb	com.towardsmars.dungeoncrusher	0.00059	1	0	0
11904	3849096-126345-0-0	www.gorodche.ru	0.000008	2	0	0
11864	6438395-152036-0-0	sportmail.ru	0.000008	1	0	0
14051	15740-4229432652-0-Fruits^20Master^20:^20Fruits^20Match^203^20	com.superbox.aos.sweetfruit	0.00059	1	0	0
14051	15740-654569403-0-imo^20beta^20free^20calls^20and^20text	com.imo.android.imoimbeta	0.00059	1	0	0
11860	5706550-281826-0-0	ren.tv	0.000072	1	0	0
11909	93335226-830873-0-0	www.eg.ru	0.000008	1	0	0
14051	15737-1017125893-0-0	com.block.jigsaw.puzzle.gallery	0.00059	1	0	0
14051	15740-3559746125-0-Bottle^20Jump^203D	com.games.bottle	0.00059	1	0	0
14051	15740-2865289628-0-Helicopter^20Escape^203D	com.rescue.agent	0.00059	1	0	0
14051	15737-3128405066-0-0	video.like.lite	0.000493	1	0	0
12507	478096-57509-0-0	www.inpearls.ru	0.000008	1	0	0
12509	65949452-453595-0-0	rg.ru	0.000008	3	0	0
13252	12462-0	www.ivd.ru	0.000008	1	0	0
12509	65949452-563305-0-0	www.omsk.kp.ru	0.000008	1	0	0
14051	15737-1984886339-0-0	com.mobirix.multiplywar	0.00059	1	0	0
13001	289e6940751efe7da81b77af6f90dce1-289e6940751efe7da	www.ensonhaber.com	0.00059	3	0	0
14051	868417772-3681442188-0-0	popular-worth.xyz	0.000731	0	1	0
11865	1844533-247030-0-0	kuhnier.ru	0.000008	1	0	0
12507	508343-49826-0-0	www.gastronom.ru	0.000008	1	0	0
12507	396626-1140-0-0	www.stroyportal.ru	0.000008	1	0	0
14051	3c1012fa5deecb8a8145d87ad1b3854b-3053899385-0-Cons	com.constructor.games	0.00059	1	0	0
11858	2412782-189903-0-0	www.avito.ru	0.000008	4	0	0
12512	71813031-490450-0-0	www.gismeteo.ru	0.000008	2	0	0
11904	448817-45172-0-0	gotovim-doma.ru	0.000008	1	0	0
8623	42565-622518-0-0	knigkindom.ru	0.000494	2	0	0
11858	51898059-738543-0-0	amedia.online	0.000008	3	0	0
12509	61985962-642000-0-0	vpoz.ru	0.000008	1	0	0
11909	26809064-692601-0-0	lanos-volgograd.ru	0.000008	1	0	0
12507	45480119-284387-0-0	kreativlife.ru	0.000008	1	0	0
11860	1560494-70467-0-0	news.rambler.ru	0.000008	1	0	0
13001	fa690b06b57e11662924ee737fd4c906-eea6e2fef0cd9e1de	com.amanotes.beathopper	0.00059	2	0	0
12509	89976696-630193-0-0	overclockers.ru	0.000008	1	0	0
14051	1349329327-1273393209-0-0	proznania.ru	0.00059	1	0	0
11858	2050914-751853-0-0	nauka.club	0.000072	1	0	0
11909	6438395-457268-0-0	youla.ru	0.000008	1	0	0
14051	15740-3115286857-0-Evil^20Nun^20:^20Scary^20Horror^20Game^20Ad	com.keplerians.evilnun	0.00059	1	0	0
11909	54388252-750735-0-0	pravoslavy.ru	0.000008	1	0	0
12513	91624402-735163-0-0	day.ru	0.000008	1	0	0
10009	21fee56a7508a045067e16181bb7cc2c-e4a26f930c0db018d	animeonline.cc	0.000072	1	0	0
11865	33263340-241514-0-0	www.lentainform.com	0.000072	1	0	0
14051	2807743741-2184324946-0-0	mangaclash.com	0.00059	1	0	0
11904	5940730-140292-0-0	kamchatinfo.com	0.000008	1	0	0
12507	38748038-283816-0-0	i--gazeta-com.turbopages.org	0.000008	1	0	0
11904	51468706-330066-0-0	vz.ru	0.000008	1	0	0
14051	15737-3128405066-0-0	gg.sunday.catescape	0.00059	1	0	0
14051	15737-1017125893-0-0	com.planet.bloom.glplanet	0.00059	1	0	0
12507	94959568-1281606-0-0	timnews.ru	0.000008	1	0	0
14051	2735233274-771735733-0-0	travelask.ru	0.00059	1	0	0
14051	15740-3341854172-0-Spider^20Solitaire^20-^20Best^20Classic	spider.solitaire.card.games.free.no.ads.klondike.solitare.patience.king	0.00059	1	0	0
12507	1432019-400402-0-0	www.glaz.tv	0.000072	1	0	0
11857	7295714-153743-0-0	russian.rt.com	0.000008	1	0	0
12507	421377-258196-0-0	b17-ru.turbopages.org	0.000008	1	0	0
14051	15740-3614320743-0-Criminal^20Case:^20Pacific^20Bay	com.prettysimple.criminalcasepacificbayandroid	0.00059	1	0	0
11904	3281497-136716-0-0	m.sport-express.ru	0.000072	1	0	0
12507	48537776-547400-0-0	jut.su	0.000008	1	0	0
12512	1726359-259771-0-0	miltor.ru	0.000008	1	0	0
12507	33397807-242671-0-0	tsargrad-tv.turbopages.org	0.000008	1	0	0
8623	40517-489803-0-0	www.yaplakal.com	0.000494	2	0	0
14057	44057-620855-0-0	darksouls.fandom.com	0.000072	1	0	0
11857	915412-108160-0-0	1prime.ru	0.000008	1	0	0
14051	15740-2981390187-0-Jewels^20Atlantis:^20Match-3^20Puzzle	com.actionfit.atlantis	0.00059	1	0	0
11864	51898059-1238537-0-0	ucrazy.ru	0.000008	2	0	0
12176	15497-0	cyrillitsa.ru	0.00059	1	0	0
14051	15740-1805829939-0-Nox^20Cleaner^20-^20Booster,^20Optimize	com.noxgroup.app.cleaner	0.00059	1	0	0
13266	18006-0	www.profinance.ru	0.000008	1	0	0
14051	15737-1017125893-0-0	com.goplaytoday.guildofheroes	0.00059	1	0	0
14051	2807743741-2184324946-0-0	www.yaplakal.com	0.00059	1	0	0
12507	24111355-1291364-0-0	readmanga.io	0.000008	1	0	0
11868	371996-604547-0-0	lapkins.ru	0.000008	1	0	0
14051	2807743741-2184324946-0-0	www.tutorialspoint.com	0.00059	1	0	0
11865	40220325-603717-0-0	xn--80aanyip7d.xn--p1ai	0.000008	1	0	0
11777	15740-57a88a35ef0c325c5411bb304bf91bba-0-Likee^20-^20L	1251790681	0.000493	1	0	0
14051	15740-3671676920-0-TuneIn^20-^20NFL^20Radio,^20Free^20Music,	tunein.player	0.00059	1	0	0
12507	3003711-114821-0-0	russian7.ru	0.000008	1	0	0
10208	b2ebca6eba370ba3ec81c0c930b1fa58-e51f82ea9d9d1a62d	turkcinema.org	0.000072	1	0	0
12282	103505-216e988962809e-tass.ru-0	tass.ru	0.000568	1	0	0
13001	a186cbb009abed20ab216cd69ec8a95b-38de75421b4420ddf	ru.narod.konstantinovd.test	0.00059	1	0	0
12176	15672-0	m.5-tv.ru	0.00059	1	0	0
11909	65101275-578759-0-0	www.marieclaire.ru	0.000008	1	0	0
9866	0-216200-0-0	www.tourprom.ru	0.000072	3	0	0
11904	504193-28011-0-0	www.zr.ru	0.000008	1	0	0
12507	3309915-347598-0-0	ferma-expert.turbopages.org	0.000008	1	0	0
12367	0-191256-0-0	www.mk.ru	0.000072	1	0	0
11904	91778991-709361-0-0	moleskines-shop.ru	0.000008	1	0	0
13251	6619-0	terrikon.com	0.000008	1	0	0
12507	65101275-684050-0-0	starhit-ru.turbopages.org	0.000008	1	0	0
11868	50264598-327745-0-0	krasnoyarskfm.ru	0.000008	1	0	0
11865	69816178-629433-0-0	xn--d1aiaaajfxetma1hvb.xn--p1ai	0.000008	1	0	0
11909	1228849-117050-0-0	ayzdorov-ru.turbopages.org	0.000008	1	0	0
11858	93905134-1247034-0-0	burtinsd.ml	0.000008	1	0	0
14051	15740-3449138681-0-Notifications^20archive^20/^20history	net.difer.notiarch	0.00059	1	0	0
13001	f10b43e387f02144992d6da7560099ec-f10b43e387f021449	radiokp.ru	0.00059	1	0	0
11857	92519834-1263861-0-0	r.mp3xa.fm	0.000008	1	0	0
13265	17878-0	pikabu.ru	0.000008	3	0	0
11909	90720690-643887-0-0	mir-knig.com	0.000008	2	0	0
11865	61657907-412959-0-0	spletnik.ru	0.000008	1	0	0
14051	666789525-1015652666-0-0	politica-news.site	0.00059	6	0	0
11777	15740-1810756-0-Tiles^20Hop:^20EDM^20Rush!	com.amanotes.beathopper	0.000493	3	0	0
11904	54815740-345947-0-0	gubdaily.ru	0.000072	1	0	0
11777	15740-1750428-0-Likee^20-^20Let^20You^20Shine	1251790681	0.000493	1	0	0
11864	93683367-979907-0-0	aktnews.ru	0.000008	1	0	0
12176	15497-0	www.kino-teatr.ru	0.00059	3	0	0
11909	3849096-126345-0-0	www.gorodche.ru	0.000008	1	0	0
8623	42919-598750-0-0	1251790681	0.000494	1	0	0
14051	15740-2411811871-0-imo^20HD-Free^20Video^20Calls^20and^20Cha	com.imo.android.imoimhd	0.00059	2	0	0
11865	36444689-252701-0-0	online-buhuchet.ru	0.000008	1	0	0
12507	1386626-586344-0-0	findanime.net	0.000008	1	0	0
11864	7139667-144398-0-0	astv.ru	0.000008	1	0	0
8623	43724-609637-0-0	molva33.ru	0.000494	1	0	0
11865	8381155-722011-0-0	apteka.103.by	0.000008	1	0	0
12507	7773941-201149-0-0	enciklopediya-tehniki.ru	0.000008	1	0	0
11909	90469708-639296-0-0	ns-catalog.ru	0.000008	1	0	0
12507	87921446-648975-0-0	domorakula.ru	0.000008	1	0	0
12507	8562776-751706-0-0	www.hab.kp.ru	0.000008	1	0	0
11865	1386626-1294341-0-0	readmanga.io	0.000008	1	0	0
11909	489104-59468-0-0	irecommend.ru	0.000008	1	0	0
11904	1572950-334844-0-0	vsdelke.ru	0.000008	1	0	0
11857	42813817-276165-0-0	www.znak.com	0.000008	1	0	0
8623	42565-622906-0-0	fightnews.info	0.000494	1	0	0
11909	7687782-448212-0-0	profile.ru	0.000072	1	0	0
11868	36882225-287762-0-0	clubtk.ru	0.000008	1	0	0
12176	15497-0	news-evi.net	0.00059	1	0	0
11858	65949452-777073-0-0	tass.ru	0.000008	1	0	0
12507	58862588-535359-0-0	emojio.top	0.000008	1	0	0
11865	91778991-710133-0-0	sadovnic.su	0.000008	1	0	0
14051	2730780382-1817436400-0-0	urok.1sept.ru	0.00059	1	0	0
14051	15740-129495904-0-Ball^20Slider^203D	com.tastypill.ballslide3d	0.00059	1	0	0
14051	3274576156-4190608258-0-0	www.tutorialspoint.com	0.00059	14	0	0
13251	2391-0	www.popmech.ru	0.000008	1	0	0
12507	93178036-774550-0-0	knijky.ru	0.000008	1	0	0
11865	1124250-54642-0-0	krsk.au.ru	0.000008	2	0	0
14055	0-216200-0-0	www.om1.ru	0.000072	1	0	0
12507	3293020-129405-0-0	cosmo-ru.turbopages.org	0.000008	1	0	0
11857	16951930-184419-0-0	kitchendecorium.ru	0.000008	1	0	0
11868	5092869-134625-0-0	echo.msk.ru	0.000008	1	0	0
14051	3274576156-4190608258-0-0	www.tutorialspoint.com	0.000493	6	0	0
8623	33827-604478-0-0	www.film.ru	0.000494	2	0	0
12507	93335226-830873-0-0	www.eg.ru	0.000008	1	0	0
10006	10-844-0-0	in-fa.ru	0.000008	1	0	0
11777	15740-c9zthfwuso-0-Puffin^20Web^20Browser	com.cloudmosa.puffinfree	0.000493	1	0	0
11865	9577719-990556-0-0	vk-look.com	0.000008	1	0	0
11904	87276007-592219-0-0	spb.mk.ru	0.000008	1	0	0
12513	51898059-1273906-0-0	remont-book.com	0.000008	1	0	0
14051	15740-3244578536-0-2048^20Cube^20Winner—Aim^20To^20Win^20D	com.merge.cube.winner	0.00059	2	0	0
11860	5706550-281826-0-0	ren.tv	0.000008	2	0	0
14051	2807743741-2184324946-0-0	www.gpucheck.com	0.00059	1	0	0
11865	69816178-603443-0-0	npcriz-bigshop.ru	0.000008	1	0	0
11858	41563169-271503-0-0	lah.ru	0.000008	1	0	0
14051	15740-257894015-0-Merge^20Life	1556497052	0.00059	1	0	0
11857	51468706-330066-0-0	m.vz.ru	0.000008	1	0	0
14051	15740-1140381955-0-Match^20Tile^203D^20-^20Original^20Pair^20P	com.loop.matchtile3d	0.00059	1	0	0
14051	3228644433-1342245803-0-0	www.hurriyet.com.tr	0.00059	1	0	0
14051	15740-2555826912-0-Cooking^20Dream	com.cooking.games.fever.food.city.craze.dream	0.00059	1	0	0
11905	2112549-91685-0-0	berg.mirtesen.ru	0.000008	1	0	0
12507	407197-141296-0-0	ichip.ru	0.000008	1	0	0
8623	43724-609637-0-0	vokrugsmeha.info	0.000494	2	0	0
12507	10499970-174763-0-0	lexus-sense.ru	0.000008	1	0	0
12507	354367-6817-0-0	tvcenter-ru.turbopages.org	0.000008	1	0	0
11865	93335226-830873-0-0	www.eg.ru	0.000008	1	0	0
14051	15740-2976758911-0-Snowball.io	com.geishatokyo.snowballio	0.00059	1	0	0
11864	6438395-147025-0-0	my.mail.ru	0.000008	2	0	0
11868	32431288-271995-0-0	complitra.ru	0.000008	1	0	0
13294	14978-0	www.futbin.com	0.000008	1	0	0
11865	94208401-1229982-0-0	gravel.gnt24.ru	0.000008	1	0	0
12507	38661274-281904-0-0	tengrinews.kz	0.000008	1	0	0
11865	62269447-441616-0-0	love-is.org	0.000072	1	0	0
11868	6557105-490701-0-0	www.m24.ru	0.000008	1	0	0
14051	15740-2334133335-0-FreeCell^20Solitaire	com.lemongame.freecell.solitaire	0.00059	1	0	0
14051	15740-3407758906-0-Mundus:^20Impossible^20Universe	com.rumbic.mundus	0.00059	1	0	0
11864	65101275-447180-0-0	pogoda.e1.ru	0.000008	1	0	0
11777	14969-112620-0-u-tv.ru	www.u-tv.ru	0.000493	1	0	0
12507	2180198-1225149-0-0	iprodvinem-com.turbopages.org	0.000008	1	0	0
12176	18537-0	tengrinews.kz	0.00059	1	0	0
11904	369305-1038-0-0	3dnews.ru	0.000008	3	0	0
8623	43092-604454-0-0	w2g.tv	0.000494	1	0	0
14051	15740-616689601-0-Haru^20Cats:^20Slide^20Block^20Puzzle	game.puzzle.slidepuzzle.extend	0.00059	1	0	0
13156	100-ac54ecc51bbc4704b0be828032b97269-BidMachine-Ir	com.oldbutgold.planeshooter	0.00059	1	0	0
11865	2890052-981250-0-0	joobz.ru	0.000008	1	0	0
11909	36493473-331129-0-0	primpress.ru	0.000008	1	0	0
12507	94848661-1268895-0-0	povar-ru.turbopages.org	0.000008	3	0	0
12507	2412782-419506-0-0	www.avito.ru	0.000008	5	0	0
11858	31179145-204911-0-0	gelendzhik.russianrealty.ru	0.000008	1	0	0
11868	91864171-708690-0-0	www.vesti.ru	0.000008	1	0	0
14051	3228644433-1342245803-0-0	www.hurriyet.com.tr	0.000493	1	0	0
11909	7235217-255279-0-0	dachamechty.ru	0.000072	1	0	0
13001	a186cbb009abed20ab216cd69ec8a95b-843a47456fc79dfeb	ru.watchmyph.analogilekarstv	0.00059	2	0	0
14051	3274576156-4190608258-0-0	boxnovel.com	0.00059	1	0	0
12507	1602544-173131-0-0	www.snowmobile.ru	0.000008	1	0	0
14051	2730780382-3490012588-0-0	www.allmmorpg.ru	0.00059	2	0	0
11904	33575579-658055-0-0	tagilmaster.ru	0.000008	1	0	0
11864	65101275-578374-0-0	www.nn.ru	0.000008	1	0	0
12507	11648129-176547-0-0	iklife-ru.turbopages.org	0.000008	1	0	0
12507	15075416-182841-0-0	vestiprim.ru	0.000008	1	0	0
14051	15737-1017125893-0-0	net.wargaming.wot.blitz	0.00059	1	0	0
14051	2731859039-316823360-0-0	global-news.tech	0.00059	1	0	0
11860	1380725-208191-0-0	gazetabiznes.ru	0.000008	2	0	0
11777	15740-cpd16bwsgp-0-I,^20The^20One^20-^20Action^20Fighting^20Ga	vh.one	0.000493	2	0	0
8623	43724-609637-0-0	com.mobirix.swipebrick2	0.000413	1	0	0
11864	51898059-487857-0-0	kg-portal.ru	0.000008	1	0	0
11865	3281497-128107-0-0	www.sport-express.ru	0.000072	1	0	0
11865	2136783-93002-0-0	katalogturbaz.ru	0.000008	1	0	0
11868	86690274-588293-0-0	therumdiary.ru	0.000008	1	0	0
14051	15740-2443030794-0-WEBTOON^20-^20Find^20Yours	894546091	0.00059	1	0	0
12176	8083-0	com.fugo.wowguru	0.00059	1	0	0
13251	8995-0	pulse.mail.ru	0.000008	1	0	0
14051	15740-983933281-0-imo^20beta^20free^20calls^20and^20text	com.imo.android.imoimbeta	0.00059	44	0	0
13001	a186cbb009abed20ab216cd69ec8a95b-0cb9d62ebe17878d9	com.sundev.t.multivarka	0.00059	1	0	0
11865	1600226-68252-0-0	belgorod.bezformata.com	0.000008	3	0	0
11909	58546149-395934-0-0	mir-knig.com	0.000008	2	0	0
12507	2281756-276839-0-0	ogorodum-ru.turbopages.org	0.000008	2	0	0
14051	15740-737522686-0-Blood^20Kiss^20:^20interactive^20stories	com.storytaco.bloodkiss.dangerous.ikemen.otome.story	0.00059	1	0	0
11905	2112549-91685-0-0	rmnt.mirtesen.ru	0.000008	1	0	0
11857	31734734-354099-0-0	m.tabor.ru	0.000008	2	0	0
11865	92928962-752036-0-0	animego.org	0.000072	1	0	0
11909	593104-598387-0-0	smehuechek-ru.turbopages.org	0.000008	1	0	0
11904	1955115-430451-0-0	www.poisklekarstv.com	0.000008	1	0	0
14051	4151240828-1348163411-0-0	business-observer.tech	0.00059	1	0	0
14051	3092114878-385645003-0-0	blesstheharts.fox-fan.tv	0.000522	0	1	0
12507	59325659-588671-0-0	bbsnews.info	0.000008	1	0	0
12512	4767427-637067-0-0	shareslide.ru	0.000008	1	0	0
12507	49958477-324870-0-0	fast--wolker-ru.turbopages.org	0.000008	1	0	0
13001	d58dbb3e80fc3320641df1ce3bda5444-d58dbb3e80fc33206	echo.msk.ru	0.00059	1	0	0
12509	33530085-232061-0-0	yuzhno-sahalinsk.cian.ru	0.000008	1	0	0
14051	15740-2942922774-0-Red^20Ball^203:^20Jump^20for^20Love	com.herocraft.game.free.redball3	0.00059	1	0	0
14051	15740-4104105189-0-Gold^20and^20Goblins:^20Idle^20Merger^20&	com.redcell.goldandgoblins	0.00059	1	0	0
11777	12122-28859-0-soccer.ru	www.soccer.ru	0.000493	1	0	0
12507	65101275-576825-0-0	ngs24.ru	0.000008	1	0	0
12176	15497-0	moika78.ru	0.00059	1	0	0
9866	0-216200-0-0	trinixy.ru	0.000072	1	0	0
11857	38661274-708891-0-0	loveread.club	0.000008	1	0	0
12509	65949452-515704-0-0	teleprogramma.pro	0.000072	5	0	0
10009	65bd063b3720d703fa73072dcabb277a-9c78d4358b08e3587	newtrailers.site	0.000008	1	0	0
13001	01e8712362743fe5e30d5358197295c3-90bca3db1dba8f758	ru.involta.metro	0.00059	1	0	0
12507	515118-235116-0-0	povar-ru.turbopages.org	0.000008	1	0	0
11858	1932193-96375-0-0	povorino.spravker.ru	0.000008	1	0	0
12507	93335226-830873-0-0	www.eg.ru	0.000072	3	0	0
14051	4044630472-2923542780-0-0	pubg.fandom.com	0.00059	1	0	0
14051	15740-3731980246-0-Idle^20Forest^20Lumber^20Inc:^20Timber^20	com.lumber.inc	0.00059	2	0	0
11909	997092-142443-0-0	travelask.ru	0.000008	1	0	0
12507	40879015-268596-0-0	naavtotrasse.ru	0.000008	2	0	0
12507	70028346-490244-0-0	offshoreview.eu	0.000072	1	0	0
12507	1133796-430869-0-0	www.rulit.me	0.000008	1	0	0
13292	18006-0	www.profinance.ru	0.000008	1	0	0
14051	15740-2793650902-0-Mud^20Racing	com.volcanogames.mudracing	0.00059	1	0	0
8669	3938cf97ea84e2a9485f979e908bda87-6dd7f7a279120d51b	forums.playground.ru	0.000008	1	0	0
12416	0-13386-0-0	blumpkintube.com	0.00059	1	0	0
12507	1012164-134945-0-0	avto-flot.ru	0.000008	1	0	0
11791	6f74b1d4b2ed506a17af3512d3fe8687-7a4768dd42d5d74b9	turkru.tv	0.000072	2	0	0
14051	15737-1017125893-0-0	com.activision.callofduty.shooter	0.00059	1	0	0
11865	89459135-727981-0-0	efanera.ru	0.000008	1	0	0
14051	3c1012fa5deecb8a8145d87ad1b3854b-383495361-0-Lumbe	com.lumber.inc	0.00059	1	0	0
12416	0-489-0-0	oldcunts.xyz	0.00059	1	0	0
11865	91411553-671414-0-0	intrigue.dating	0.000008	1	0	0
12509	985920-49912-0-0	www.vidal.ru	0.000008	1	0	0
11857	7295714-153743-0-0	russian.rt.com	0.000072	1	0	0
11909	36446828-251845-0-0	pravo-doma.ru	0.000008	1	0	0
11865	489104-59468-0-0	irecommend.ru	0.000008	1	0	0
12509	5092869-134625-0-0	echo.msk.ru	0.000008	1	0	0
12176	8083-0	com.fugo.wow	0.00059	5	0	0
14051	15740-83170611-0-Fish^20Go.io	com.whitedot.bfg	0.00059	1	0	0
11857	71191770-486682-0-0	mainstyles.ru	0.000008	1	0	0
11857	728568-69138-0-0	pozdravok.ru	0.000008	1	0	0
12512	93202701-779277-0-0	medtema.ru	0.000008	1	0	0
14051	2730780382-456437633-0-0	knigiaudio.club	0.00059	1	0	0
11864	397547-63876-0-0	afy.ru	0.000008	1	0	0
11904	94830797-1269914-0-0	22stroidom.ru	0.000008	1	0	0
13156	209524-900384-Ketchapp-Rider	com.ketchapp.rider	0.00059	1	0	0
11904	1873567-129758-0-0	mir24.tv	0.000072	1	0	0
11858	91281576-663753-0-0	www.noob-club.ru	0.000008	1	0	0
13683	42666-622170-0-0	profile.ru	0.000061	1	0	0
11777	15740-4vo4wdzpat-0-Minion^20Rush	com.gameloft.android.anmp.gloftdmhm	0.000493	1	0	0
11905	2112549-91685-0-0	kvartira.mirtesen.ru	0.000008	1	0	0
13001	5d8a8de2c22015d4df979331ec1ad61a-5d8a8de2c22015d4d	sportrg.ru	0.00059	4	0	0
11909	51606843-330728-0-0	femmie.ru	0.000008	1	0	0
13001	9dd1b722196cd71206e0870e212c35a9-a5aafa0aea10cd533	obrazovaka.ru	0.00059	1	0	0
11858	24111355-1291364-0-0	readmanga.io	0.000008	1	0	0
11857	1180293-56287-0-0	www.kaluga-poisk.ru	0.000008	1	0	0
11865	91778783-844067-0-0	isoprofteh.ru	0.000008	2	0	0
11777	15740-rgufxuev6q-0-Emma's^20Adventure:^20California	com.superwave.goldrush.android.googleplay	0.000493	1	0	0
11857	87936520-601046-0-0	www.mamba.ru	0.000008	1	0	0
11865	6470026-1225601-0-0	sochi24.tv	0.000008	1	0	0
14051	15737-1017125893-0-0	ninja.creed.sniper.real3d.action.free.android	0.00059	1	0	0
12507	904018-704176-0-0	avtokreditov.ru	0.000008	1	0	0
11777	15739-576544-0-blesstheharts.fox-fan.tv	blesstheharts.fox-fan.tv	0.000493	1	0	0
11868	51898059-589588-0-0	capitalgains.ru	0.000008	1	0	0
8623	43092-604454-0-0	adme.ru	0.000413	2	0	0
12176	15497-0	www.soccer.ru	0.00059	1	0	0
12509	498578-167170-0-0	www.kp.ru	0.000008	1	0	0
11791	10-844-0-0	www.bigtits.cool	0.000008	1	0	0
12507	35316052-525260-0-0	voltage-stab.ru	0.000008	1	0	0
13686	40621-605301-0-0	www.elcats.ru	0.000007	1	0	0
11857	2292871-100441-0-0	www.infpol.ru	0.000008	1	0	0
13251	6598-0	tvcenter.ru	0.000008	1	0	0
8623	43859-614472-0-0	com.bigbluebubble.singingmonsters.full	0.000494	1	0	0
11857	65101275-447162-0-0	www.fontanka.ru	0.000008	3	0	0
12507	931235-747347-0-0	my-calend.ru	0.000008	1	0	0
11909	65101275-575586-0-0	m.forum.ngs.ru	0.000008	1	0	0
12513	34382785-242460-0-0	gelendzhik.vsn.ru	0.000008	1	0	0
11868	33011197-758387-0-0	xn----7sbabaama3bemgifj2g.xn--p1ai	0.000008	1	0	0
9011	40517-489803-0-0	www.yaplakal.com	0.000007	1	0	0
11868	27064358-192495-0-0	pravoved.ru	0.000008	5	0	0
11868	1560494-251983-0-0	finance.rambler.ru	0.000008	1	0	0
14051	2730780382-953979163-0-0	vesma.today	0.000493	1	0	0
12507	65101275-578759-0-0	www.marieclaire.ru	0.000008	1	0	0
11865	33551756-232294-0-0	news.allcrimea.net	0.000008	1	0	0
14051	15740-538614714-0-Woodoku	com.tripledot.woodoku	0.00059	1	0	0
14051	3274576156-4190608258-0-0	content.overwolf.com	0.00059	1	0	0
12507	7636277-155044-0-0	ohfashion.ru	0.000008	2	0	0
9864	0-216200-0-0	animedub.ru	0.000072	1	0	0
12507	7687782-154016-0-0	anews.com	0.000008	1	0	0
11865	30570339-845019-0-0	moevideo.biz	0.000008	1	0	0
12507	4806916-285220-0-0	otzovikavto-ru.turbopages.org	0.000008	2	0	0
14051	15737-1017125893-0-0	com.melsoftgames.familyislandfarm	0.00059	1	0	0
14051	15740-2109255353-0-World^20War^20Heroes:^20WW2^20FPS	com.gamedevltd.wwh	0.00059	1	0	0
14051	15740-300924885-0-Idle^20Miner^20Tycoon	com.fluffyfairygames.idleminertycoon	0.00059	1	0	0
11858	7378703-147144-0-0	eadaily-com.turbopages.org	0.000008	1	0	0
12507	61965143-486116-0-0	znaydaydzest.ru	0.000008	1	0	0
12507	6548596-142197-0-0	tv-gubernia.ru	0.000008	1	0	0
11858	3849512-125905-0-0	www.liveinternet.ru	0.000008	1	0	0
10208	21fee56a7508a045067e16181bb7cc2c-e4a26f930c0db018d	animeonline.cc	0.000072	1	0	0
14051	15737-1984886339-0-0	com.dencreak.esmemo	0.00059	1	0	0
14051	15740-3654990092-0-Criminal^20Case	com.prettysimple.criminalcaseandroid	0.00059	1	0	0
11909	985920-49912-0-0	www.vidal.ru	0.000008	1	0	0
