BidCostStat	2.5
2021-10-05
11857	2441487-107386-0-0	bryansktoday-ru.turbopages.org	0.000008	1	0	0
11857	76815642-550511-0-0	kinokoktebel.ru	0.000008	1	0	0
11864	65101275-578603-0-0	www.fontanka.ru	0.000008	1	0	0
11905	93135130-762856-0-0	pasyans.ru	0.000008	1	0	0
12512	67999687-466395-0-0	o-zavodah.ru	0.000008	1	0	0
12512	7295714-188279-0-0	russian.rt.com	0.000008	1	0	0
12509	1202504-330212-0-0	skolkogramm.ru	0.000008	1	0	0
13256	1-0	com.stickerstudio.text	0.000089	1	0	0
12509	65949452-552992-0-0	rossaprimavera.ru	0.000072	1	0	0
9012	42435-605736-0-0	mainavi.ru	0.000061	2	0	0
11857	1560494-670776-0-0	mail.rambler.ru	0.000008	1	0	0
14051	15737-1017125893-0-0	com.cg.fanofguns	0.000574	1	0	0
13256	1-0	id534566035	0.000089	1	0	0
12507	37786383-259198-0-0	www.bolshoyvopros.ru	0.000008	1	0	0
11864	474272-104724-0-0	perevozka24.ru	0.000008	1	0	0
12512	92928962-752036-0-0	animego.org	0.000072	1	0	0
8592	2c6fa275319f2ac7888559476603ff34-95d7a80352016b0b1	com.lihuhu.woodblockmerger	0.000089	1	0	0
13256	1-0	com.birdmusicapp.player	0.000089	1	0	0
11858	2857319-594119-0-0	forum.tiguans.ru	0.000008	1	0	0
14051	15740-1245479358-0-Фентези^20–^20беспла	ru.kuchaknig.android.freebooks.fantasy	0.000574	1	0	0
11865	32125188-427913-0-0	bloknot-voronezh.ru	0.000008	1	0	0
12507	897808-247369-0-0	aif-ru.turbopages.org	0.000008	1	0	0
11868	509629-29789-0-0	rg.ru	0.000008	1	0	0
12507	453032-96166-0-0	kudago-com.turbopages.org	0.000008	1	0	0
10009	756f3877f2d102d1dc5af4e915f675f9-95b802337dd6d6f04	com.maroieqrwlk.unpin	0.000089	1	0	0
8592	454fcdaa24c44c9dc25ff9bbbc32bc51-6f00fcf80fd8653e9	com.sukhavati.gotoplaying.bubble.bubbleshooter.mint.mi	0.000089	1	0	0
11865	43917111-353029-0-0	goroskop365.ru	0.000008	1	0	0
11904	90016086-630836-0-0	otabletkah.ru	0.000008	1	0	0
11865	89739637-994535-0-0	online-knigi.com.ua	0.000008	1	0	0
8592	454fcdaa24c44c9dc25ff9bbbc32bc51-6ddd366247dd9ba19	com.apkpure.aegon	0.000089	2	0	0
11865	82558415-562189-0-0	migrantumir.com	0.000008	1	0	0
11857	92493083-733613-0-0	www.oir.su	0.000008	1	0	0
11864	575797-141668-0-0	newsorel.ru	0.000072	1	0	0
12367	0-187544-0-0	rutube.fandom.com	0.000072	1	0	0
12507	8381155-721620-0-0	bankiros-ru.turbopages.org	0.000008	1	0	0
11868	31023497-255643-0-0	zachestnyibiznes.ru	0.000008	1	0	0
11858	37580938-258540-0-0	utv.ru	0.000008	1	0	0
11868	93006193-993185-0-0	kalina-2.ru	0.000008	1	0	0
11865	93360914-840292-0-0	avia.pro	0.000008	1	0	0
11909	6734741-154950-0-0	www.drive2.ru	0.000008	1	0	0
13256	1-0	io.garny	0.000089	1	0	0
12507	94624243-1256505-0-0	twizz.ru	0.000008	1	0	0
12176	8083-0	com.dancing.smash.hop.game.tiles.circles.beat.piano.beatracing	0.000574	1	0	0
12509	24109265-190795-0-0	wlooks.ru	0.000072	1	0	0
13256	1-0	com.soccer.score.star	0.000089	1	0	0
11909	67293997-505304-0-0	sovet-podarok.ru	0.000008	1	0	0
11909	2918101-163843-0-0	www.u-mama.ru	0.000008	1	0	0
11864	509629-29789-0-0	adfox.ru	0.000008	1	0	0
12803	0-187544-0-0	www.ntv.ru	0.001094	1	0	0
12507	1626778-128051-0-0	runews24-ru.turbopages.org	0.000008	1	0	0
13256	1-0	limehd.ru.ctv	0.000089	1	0	0
13251	1-0	com.videoeditorpro.android	0.000089	1	0	0
13256	1-0	com.loop.match3d	0.000139	1	1	0
11905	503611-30324-0-0	novgorod.blizko.ru	0.000008	1	0	0
11868	1466318-64113-0-0	www.translate.ru	0.000008	1	0	0
11858	434215-257254-0-0	kakoysegodnyaprazdnik.ru	0.000008	1	0	0
12512	91737485-695436-0-0	fizkult-nn.ru	0.000008	1	0	0
12507	38661274-281904-0-0	tengrinews.kz	0.000008	1	0	0
12507	91159049-655744-0-0	remanga.org	0.000008	1	0	0
12507	7295714-153743-0-0	russian.rt.com	0.000072	1	0	0
13256	1-0	zahleb.me	0.000139	1	1	0
11858	407197-196583-0-0	www.ivd.ru	0.000008	1	0	0
12507	71762058-600850-0-0	geektarget.ru	0.000008	1	0	0
12507	1038551-72440-0-0	www.fanloko.com	0.000008	1	0	0
13256	1-0	com.puzzle.merge	0.000089	1	0	0
12507	863030-290501-0-0	vgae-ru.turbopages.org	0.000008	1	0	0
13156	19540-142682-Mintegral-Imposter^20Smashers^20-^20Fun^20io^20	com.casual.impostor.smasher	0.000574	1	0	0
12507	453032-96166-0-0	kudago.com	0.000008	1	0	0
11868	11829679-451570-0-0	moiinstrumentu.ru	0.000008	1	0	0
11909	93335226-830873-0-0	www.eg.ru	0.000072	1	0	0
8592	fc9ee257780148f6fd98bd16bbb2d904-1bffd43a94e2a791c	com.jamendoandoutly.mainpakkage	0.000089	1	0	0
13256	1-0	com.puzzlegames.parking.unblock.puzzle	0.000089	1	0	0
13256	1-0	id900837187	0.000089	1	0	0
11909	56663774-602227-0-0	m.7days.ru	0.000072	1	0	0
12507	3284968-382136-0-0	chudesalegko.ru	0.000008	1	0	0
9865	0-187544-0-0	tipsthecar.ru	0.000072	1	0	0
12512	73928495-503244-0-0	46tv.ru	0.000008	1	0	0
11864	71813031-490450-0-0	www.gismeteo.ru	0.000008	1	0	0
11865	40220325-603717-0-0	xn--80aanyip7d.xn--p1ai	0.000008	1	0	0
8592	f74bed1098bed14fc3130b7024afe070-3e4547c2052eff3f1	com.harvest.io	0.000089	1	0	0
11868	30477641-200831-0-0	samara.trud.com	0.000008	1	0	0
13256	1-0	com.maximolab.followeranalyzer	0.000089	1	0	0
11909	92542978-736133-0-0	www.kommunalo4ka.ru	0.000008	1	0	0
11868	1499274-64965-0-0	android4all.ru	0.000008	1	0	0
11857	54497203-471364-0-0	autogear.ru	0.000008	1	0	0
11857	24111355-1291364-0-0	readmanga.io	0.000008	1	0	0
13256	1-0	id979061864	0.000089	1	0	0
11857	33720538-236127-0-0	programmist1s.ru	0.000008	1	0	0
11858	6746465-142629-0-0	ufa.hh.ru	0.000008	1	0	0
11865	91356535-1279482-0-0	consmed.ru	0.000008	1	0	0
11858	21019022-260333-0-0	fly-inform.ru	0.000008	1	0	0
11865	54770757-427234-0-0	cst.sk-newtime.ru	0.000008	1	0	0
11858	31179145-204911-0-0	krasnodar-krd.russianrealty.ru	0.000008	1	0	0
11857	61604753-697425-0-0	doxodnik.ru	0.000008	1	0	0
13256	1-0	com.no.color	0.000089	1	0	0
12507	10283162-185997-0-0	stroykirpich.com	0.000008	1	0	0
11868	93118975-761297-0-0	7sisters.ru	0.000008	1	0	0
11864	65101275-576549-0-0	63.ru	0.000008	1	0	0
11909	2047853-448511-0-0	tekst-pesni.online	0.000008	1	0	0
12507	91083793-1238391-0-0	ru.jobsora.com	0.000008	2	0	0
8592	6b9522673289aaff45034591d5975ec3-c3171ac90a632c1b4	com.utorrent.client	0.000089	1	0	0
12509	4817705-131942-0-0	www.u-mama.ru	0.000008	1	0	0
11909	965566-175007-0-0	nplus1-ru.turbopages.org	0.000008	1	0	0
10009	8f27ef061d24029e63803d59326dea0d-b6e024d93441a277f	com.ketchapp.rider	0.000089	1	0	0
12507	570920-38708-0-0	pogoda.vtomske.ru	0.000008	1	0	0
11860	5706550-281826-0-0	ren.tv	0.000072	3	0	0
11791	f88892c498bb482d3cb7f61b5d3c9834-2ae02984755456316	com.mgc.miami.crime.simulator.two	0.000089	1	0	0
9866	0-187544-0-0	www.hobobo.ru	0.000072	1	0	0
12507	69205764-521671-0-0	media-polesye.by	0.000008	1	0	0
11904	44302395-279960-0-0	betonpro100.ru	0.000008	1	0	0
9868	0-187544-0-0	terraria.fandom.com	0.000072	1	0	0
11858	60975921-652486-0-0	www.chitalnya.ru	0.000008	1	0	0
11868	43061655-276631-0-0	vz.ru	0.000008	1	0	0
12507	51452342-496704-0-0	mockva.ru	0.000008	1	0	0
12507	33530085-232061-0-0	perm.cian.ru	0.000008	1	0	0
11909	1873567-129758-0-0	mir24.tv	0.000008	1	0	0
8592	454fcdaa24c44c9dc25ff9bbbc32bc51-3664e593dafe153ae	com.download.music_vk	0.000139	1	1	0
8592	6b9522673289aaff45034591d5975ec3-4e628a0d71fd8bc98	com.herocraft.game.free.solitaire.tribe	0.000089	1	0	0
11857	31023497-255643-0-0	zachestnyibiznes.ru	0.000008	1	0	0
11904	51468706-330066-0-0	vz.ru	0.000008	2	0	0
11904	8069828-274193-0-0	georeestr.com	0.000008	1	0	0
11909	498578-284388-0-0	www.kp.ru	0.000008	1	0	0
11909	49697278-424313-0-0	proosteklenie.com	0.000008	2	0	0
11864	39420108-263648-0-0	www.karusel-tv.ru	0.000008	1	0	0
13256	1-0	jp.ne.ibis.ibispaintx.app	0.000139	3	3	0
11905	2112549-91685-0-0	prostopollitik.mirtesen.ru	0.000008	1	0	0
11858	1869318-79310-0-0	fincalculator.ru	0.000008	1	0	0
11904	92519834-1268160-0-0	mp3uks.ru	0.000008	1	0	0
11865	92147898-1212372-0-0	ilifia-club.ru	0.000008	2	0	0
10049	10-844-0-0	akulas.ru	0.000253	1	1	0
13254	13818-0	www.sports.ru	0.000089	1	0	0
11791	10-844-0-0	akulas.ru	0.000162	1	0	0
12507	33530085-232061-0-0	kemerovo.cian.ru	0.000008	1	0	0
12507	2201084-424608-0-0	voennoedelo-com.turbopages.org	0.000008	1	0	0
14040	1100040398-120356937-Supersonic^20Games-Going^20Balls	com.pronetis.ironball2	0.000112	0	1	0
8592	0f1655c83a5b3998056cfc47273843bb-83b8aa47bc3a3ba0f	com.gjg.colorfill3d	0.000089	1	0	0
12507	4570609-350825-0-0	inrouters.ru	0.000008	1	0	0
11909	8381155-722011-0-0	apteka.103.by	0.000008	1	0	0
13256	1-0	ru.gmsoft.magazines.skanword_zaika_moya	0.000112	0	1	0
13256	1-0	com.zumbla.deluxe	0.000089	1	0	0
11909	68133542-467211-0-0	osnmedia-ru.turbopages.org	0.000008	1	0	0
8592	2c6fa275319f2ac7888559476603ff34-5c87b95380a9fa94d	com.lightneer.bazookaboy	0.000111	0	1	0
11865	60710551-406870-0-0	avtomonitor.ru	0.000008	1	0	0
11868	65101275-684050-0-0	starhit-ru.turbopages.org	0.000008	2	0	0
8592	67516008fb7a01b6201a4b0d215ae7f0-bc1cb3ab971f84ccf	com.iposedon.bricksbreakerballs	0.000111	0	1	0
12507	1850342-513660-0-0	doc.knigi-x.ru	0.000008	1	0	0
11858	4817705-131942-0-0	www.u-mama.ru	0.000008	1	0	0
13256	1-0	ddidev94.fishingweather	0.000089	1	0	0
9012	36392-475082-0-0	teleprogramma.pro	0.00009	0	1	0
13256	1-0	jp.ne.ibis.ibispaintx.app	0.000112	0	2	0
13256	1-0	com.loop.match3d	0.000112	0	1	0
13001	ba445a848a4f48539a14d3bcb2b3ec28-958e255d322386e6b	tsargrad.tv	0.000718	0	4	0
13001	ba445a848a4f48539a14d3bcb2b3ec28-958e255d322386e6b	tsargrad.tv	0.000717	0	37	1
13252	14934-0	com.mxtech.videoplayer.ad	0.000089	1	0	0
11865	5247121-70983-0-0	yarportal.ru	0.000008	1	0	0
11865	9577719-990556-0-0	vk-look.com	0.000008	1	0	0
12176	38558-0	com.casual.impostor.smasher	0.000574	1	0	0
11865	41296583-479805-0-0	stroyday.ru	0.000008	1	0	0
12507	5878455-139705-0-0	7dach.ru	0.000008	1	0	0
10009	2e2f76b57f77fee05abf15eff456c251-3b4905ce8c26f6bea	com.lionstudios.mrbullet	0.000089	1	0	0
12176	1-0	com.openmygame.games.android.wordsearchsea	0.000574	1	0	0
14051	15737-1017125893-0-0	com.simplesandbox2	0.000574	1	0	0
12512	18373836-565782-0-0	carsvin.ru	0.000008	1	0	0
11860	57585354-392072-0-0	potokmedia.ru	0.000008	1	0	0
13251	1-0	com.ucmobile.intl	0.000089	1	0	0
13256	1-0	find.my.phone.by.clapping	0.000089	1	0	0
11864	6539562-142065-0-0	nsk.zarplata.ru	0.000008	1	0	0
11864	65101275-447176-0-0	www.nn.ru	0.000008	1	0	0
11909	6438395-457268-0-0	youla.ru	0.000008	3	0	0
12507	1124250-54642-0-0	krsk.au.ru	0.000008	1	0	0
10009	86-771-0-0	www.nn.ru	0.000162	1	0	0
11865	60569391-487125-0-0	cityratings.ru	0.000008	1	0	0
12512	36520651-255057-0-0	realty.ngs.ru	0.000008	1	0	0
13677	34951-104560-0-0	www.baby.ru	0.000061	1	0	0
11909	85179538-580251-0-0	gosuchetnik.ru	0.000008	1	0	0
11858	31446184-704553-0-0	www.buhsoft.ru	0.000008	1	0	0
9866	0-187544-0-0	minecraft.fandom.com	0.000072	1	0	0
11909	775153-334670-0-0	credits.ru	0.000008	1	0	0
11868	7116768-144410-0-0	englishinn.ru	0.000008	1	0	0
12509	73222433-496671-0-0	politota.d3.ru	0.000008	1	0	0
11868	61367331-410814-0-0	spbhomes.ru	0.000008	1	0	0
11857	1560494-225212-0-0	championat-com.turbopages.org	0.000008	2	0	0
12507	395247-2681-0-0	agroserver.ru	0.000008	1	0	0
12507	7636277-155044-0-0	ohfashion.ru	0.000008	1	0	0
12507	30570339-693876-0-0	rg.ru	0.000008	1	0	0
12512	1453061-120683-0-0	www.oktja.ru	0.000008	1	0	0
11864	88683488-643583-0-0	hd01.ru	0.000008	1	0	0
13256	1-0	com.dancing.smash.hop.game.tiles.circles.beat.paino	0.000089	1	0	0
14051	15737-1017125893-0-0	com.playstrom.bob	0.000574	1	0	0
9866	0-187544-0-0	hd01.ru	0.000072	1	0	0
11864	7773941-233920-0-0	stroitelstvo21.ru	0.000008	1	0	0
11860	71813031-490450-0-0	www.gismeteo.ru	0.000008	1	0	0
11858	5972331-140326-0-0	ffso.nagradion.ru	0.000008	1	0	0
8592	eb9d92753f08755f5a090caa812cfc45-fb4ebef16b6c39598	com.easybrain.sudoku.android	0.000089	1	0	0
10009	10-844-0-0	akulas.ru	0.000162	1	0	0
11868	34382785-242460-0-0	vsn.ru	0.000008	1	0	0
11858	902346-59646-0-0	stroikomfort.omsk24.net	0.000008	1	0	0
13256	1-0	com.sebby.reblite	0.000089	1	0	0
11858	805568-239247-0-0	cosmo-frost.ru	0.000072	1	0	0
11865	3097034-259311-0-0	kakpishem.ru	0.000008	2	0	0
11857	4307804-139194-0-0	lady-master.ru	0.000008	1	0	0
11909	504193-28011-0-0	www.zr.ru	0.000008	2	0	0
13257	1-0	com.dancing.smash.hop.game.tiles.circles.beat.paino	0.000089	1	0	0
8592	454fcdaa24c44c9dc25ff9bbbc32bc51-f2479f562e7a39596	com.freemusicgame2021.fnfmodunlock	0.000089	1	0	0
11864	4140396-127625-0-0	www.newkaliningrad.ru	0.000008	1	0	0
11865	33263340-241514-0-0	www.lentainform.com	0.000072	1	0	0
9866	0-187544-0-0	darksiders.fandom.com	0.000072	1	0	0
12507	476196-292318-0-0	onlayn-radio.ru	0.000008	1	0	0
11865	504193-28011-0-0	www.zr.ru	0.000008	1	0	0
13256	6530-0	id382233851	0.000089	1	0	0
11905	766011-59283-0-0	www.kadrovik-praktik.ru	0.000008	1	0	0
13256	1-0	com.blockpuzzle.jewel.diamond	0.000089	1	0	0
12513	3293020-125354-0-0	www.goodhouse.ru	0.000008	1	0	0
11864	47202456-290810-0-0	proactions.ru	0.000008	1	0	0
11864	56953682-478194-0-0	www.inmyroom.ru	0.000008	2	0	0
11865	90717299-643808-0-0	handmadefrom.ru	0.000008	1	0	0
14051	15737-1017125893-0-0	com.cdgames.fidget3d	0.000574	1	0	0
10208	817-3751-0-0	ladyparadize.ru	0.000162	1	0	0
12507	5837885-185199-0-0	headinsider.net	0.000008	1	0	0
11858	50054301-325932-0-0	ifreedom.su	0.000008	2	0	0
12512	6746465-142629-0-0	tambov.hh.ru	0.000008	1	0	0
12507	7773941-513279-0-0	smehnegreh.ru	0.000008	1	0	0
11858	18373836-589429-0-0	www.pitomec.ru	0.000008	1	0	0
11858	61678927-855384-0-0	read13.w10.lovereads.ru	0.000008	1	0	0
12509	89976696-630193-0-0	overclockers.ru	0.000072	1	0	0
12512	71813031-490450-0-0	www.gismeteo.ru	0.000008	5	0	0
11868	503611-30324-0-0	yaroslavl.blizko.ru	0.000008	1	0	0
11864	6438395-147024-0-0	lady.mail.ru	0.000008	3	0	0
11904	32781733-221907-0-0	nn.move.ru	0.000008	1	0	0
11904	5092531-223754-0-0	ura.news	0.000008	1	0	0
12367	0-187544-0-0	dune.fandom.com	0.000072	1	0	0
9866	0-187544-0-0	dune.fandom.com	0.000072	1	0	0
12509	65949452-515704-0-0	teleprogramma.pro	0.000072	4	0	0
12507	65949452-552207-0-0	www.edimdoma.ru	0.000008	1	0	0
11904	1873567-129758-0-0	mir24.tv	0.000008	1	0	0
8592	454fcdaa24c44c9dc25ff9bbbc32bc51-7a4297aca61688967	com.gafv.puzzle.game.classic.blockpuzzle.wood	0.000089	6	0	0
11868	6557105-250544-0-0	www.interfax.ru	0.000008	1	0	0
11868	1412746-1258509-0-0	www.litmir.me	0.000008	1	0	0
14056	0-187544-0-0	www.lentainform.com	0.000072	1	0	0
11864	1913107-81264-0-0	hitfm.ru	0.000008	1	0	0
12507	70693224-593911-0-0	list-kalendarya.ru	0.000008	1	0	0
11865	35792046-249118-0-0	womanadvice.ru	0.000008	1	0	0
12512	2905505-113096-0-0	kerch.fm	0.000008	1	0	0
13256	1-0	com.easymobs.pregnancy	0.000089	1	0	0
8592	454fcdaa24c44c9dc25ff9bbbc32bc51-81599ff0d9bc1cefb	com.rud.twelvelocksvn	0.000089	1	0	0
11909	1386626-1294341-0-0	readmanga.io	0.000008	1	0	0
9866	0-216200-0-0	m.7days.ru	0.000072	4	0	0
12367	0-187544-0-0	www.eg.ru	0.000072	2	0	0
13256	1-0	com.numen.timetable	0.000089	1	0	0
11905	2013471-87094-0-0	onlinetestpad.com	0.000008	1	0	0
13256	8083-0	free.zaycev.net	0.000089	1	0	0
11858	19548583-243790-0-0	mods-fs.net	0.000008	2	0	0
12507	93999566-1270170-0-0	dacharai.ru	0.000008	1	0	0
13256	1-0	ru.madbrains.mediafm	0.000089	1	0	0
11865	1718328-141569-0-0	cont.ws	0.000008	1	0	0
9868	0-187544-0-0	the-long-dark.fandom.com	0.000072	1	0	0
11909	36882225-743489-0-0	ekabu.ru	0.000008	1	0	0
12507	2076965-90081-0-0	calculator-credit.ru	0.000008	2	0	0
13256	1-0	com.hy.sfacer	0.000089	1	0	0
11905	75879660-563771-0-0	dadaviz.ru	0.000072	1	0	0
13257	1-0	com.cloudmosa.puffinfree	0.000089	1	0	0
8592	6b9522673289aaff45034591d5975ec3-b5f0a42f51736243f	com.merge.cube.winner	0.000089	1	0	0
8592	6b9522673289aaff45034591d5975ec3-c7818b78a08c07c3d	wp.wattpad	0.000089	1	0	0
11868	1435993-540853-0-0	www.edimdoma.ru	0.000008	1	0	0
9866	0-216200-0-0	doctorpiter.ru	0.000072	1	0	0
8592	2c6fa275319f2ac7888559476603ff34-7a2eb55e765689f56	bubble.escape	0.000139	1	1	0
9864	0-216200-0-0	m.7days.ru	0.000072	2	0	0
8592	ce8338eacc9556c4d1de374fdf297a8a-e84a52ff2f20443ff	com.creativejoy.ru.jewelancienttemple	0.000089	2	0	0
11865	1560494-82775-0-0	images.rambler.ru	0.000008	1	0	0
11864	3420410-122989-0-0	ufa.regmarkets.ru	0.000008	1	0	0
11865	57150720-386404-0-0	autokontact.ru	0.000008	1	0	0
12512	420734-42319-0-0	forum.sibmama.ru	0.000008	4	0	0
11858	8625293-179817-0-0	www.ontvtime.ru	0.000008	1	0	0
12507	94201409-1219443-0-0	uzorova-nefedova.ru	0.000008	1	0	0
13683	42666-622170-0-0	profile.ru	0.00009	0	1	0
8592	2c6fa275319f2ac7888559476603ff34-0974cc53a04475e20	com.pronetis.ironball2	0.000089	1	0	0
11909	3598907-500928-0-0	auth.wi-fi.ru	0.000008	1	0	0
13256	1-0	fun.arts.studio.lines	0.000089	1	0	0
11857	58955604-397706-0-0	beetlestop-ru.turbopages.org	0.000008	1	0	0
12507	504193-28011-0-0	zr-ru.turbopages.org	0.000008	1	0	0
13256	1-0	com.vnstartllc.merge.dicedom	0.000089	1	0	0
11860	65101275-1277766-0-0	72.ru	0.000008	1	0	0
12507	34527282-243296-0-0	www.alpha-ag.ru	0.000008	1	0	0
11904	30477641-200831-0-0	sankt-peterburg.trud.com	0.000008	1	0	0
11909	91114828-653308-0-0	cyberleninka.ru	0.000008	1	0	0
11909	56953682-478194-0-0	www.inmyroom.ru	0.000008	1	0	0
13252	10747-0	com.ztnstudio.notepad	0.000089	1	0	0
13256	1-0	ru.kriper.goodapps1	0.000089	1	0	0
12509	65949452-934152-0-0	www.paparazzi.ru	0.000072	1	0	0
10208	71-2882-0-0	pulse.mail.ru	0.000162	1	0	0
14051	15740-3601073374-0-Gold^20and^20Goblins:^20Idle^20Miner	com.redcell.goldandgoblins	0.000574	1	0	0
11857	33397807-230529-0-0	tsargrad-tv.turbopages.org	0.000008	1	0	0
12507	1705243-195350-0-0	remstroiblog.ru	0.000008	1	0	0
8592	01c805c53049664e9e27430ecb979458-62baf5521f553a3b3	com.totalcleanerlite.android	0.000089	1	0	0
11905	1390322-415877-0-0	upn.ru	0.000008	1	0	0
11860	2112549-91685-0-0	glagol.mirtesen.ru	0.000008	1	0	0
11909	5934165-140290-0-0	spravkaru.info	0.000008	1	0	0
11909	65101275-575584-0-0	www.e1.ru	0.000008	2	0	0
11791	79-1797-0-0	ads.betweendigital.com	0.000072	1	0	0
11908	5483043-290668-0-0	seolik.ru	0.000008	1	0	0
11858	77920991-674480-0-0	knizhkin.org	0.000008	1	0	0
11857	7632479-295653-0-0	slovodel-com.turbopages.org	0.000008	1	0	0
11904	5510286-138138-0-0	razlozhi.ru	0.000008	3	0	0
13256	1-0	solitaire.classic.journey.klondike.puzzle.card	0.000089	1	0	0
12507	523900-1312780-0-0	teleprogramma.pro	0.000072	1	0	0
11865	91778991-710362-0-0	wtw-rus.ru	0.000008	2	0	0
11864	6438395-143097-0-0	otvet.mail.ru	0.000008	1	0	0
13256	1-0	jp.pxv.android	0.000089	1	0	0
11858	56945766-385422-0-0	antifashist.com	0.000008	1	0	0
11857	92519834-734980-0-0	hotplayer.ru	0.000008	2	0	0
13256	13818-0	com.sports.scoresandvideo	0.000089	1	0	0
11865	88683488-643583-0-0	hd01.ru	0.000072	1	0	0
11909	91658681-697810-0-0	fitomaniya.ru	0.000008	1	0	0
11858	93261812-810117-0-0	doramalive.ru	0.000072	1	0	0
12507	6601699-142265-0-0	ilive-com-ua.turbopages.org	0.000008	1	0	0
12507	974947-49517-0-0	www.9111.ru	0.000008	1	0	0
11864	475686-728766-0-0	amedia.online	0.000008	1	0	0
12509	94346353-1232639-0-0	nauka.club	0.000072	1	0	0
11858	51741941-407511-0-0	chudo-udo.info	0.000008	1	0	0
12507	33530085-232061-0-0	omsk.cian.ru	0.000008	2	0	0
11909	73994280-503789-0-0	shutok.ru	0.000008	1	0	0
14040	1100044641-120220205-Vive^20Games^20Berk^20Bozkurt^20Elif^20	com.vive.riderleague	0.000112	1	0	0
13256	1-0	solitaire.klondike.patience.spider.freecell.card.free.daily	0.000089	1	0	0
11857	36493473-331129-0-0	primpress.ru	0.000008	1	0	0
12507	6151819-339776-0-0	pp-prozozh.ru	0.000008	1	0	0
11791	c4aa8308a439098c2d94c3869e427d33-527f37b1a0245c32a	com.moon.craft.buildingcraft	0.000089	4	0	0
11909	1287469-222338-0-0	omegapost.ru	0.000008	1	0	0
8592	454fcdaa24c44c9dc25ff9bbbc32bc51-949e23c7e2d3b6bdb	com.sgs.drivingschoolgames.realcarparkingsimulator	0.000089	1	0	0
11857	3090793-147280-0-0	pravoved.ru	0.000008	2	0	0
11868	87276007-592219-0-0	www.mk.ru	0.000072	1	0	0
11904	6438461-709396-0-0	ok.ru	0.000008	2	0	0
11864	3389060-419282-0-0	www.cmlt.ru	0.000008	1	0	0
11868	2390032-356927-0-0	www.msn.com	0.000008	2	0	0
13256	1-0	com.creativejoy.ru.jewelancienttemple	0.000089	1	0	0
12507	91624402-706089-0-0	blitz.plus	0.000008	1	0	0
11904	537984-72590-0-0	www.iamcook.ru	0.000008	2	0	0
12507	732789-114770-0-0	www.regtorg.ru	0.000008	1	0	0
13256	1-0	id1190849728	0.000089	1	0	0
11864	7374579-147562-0-0	bombardir.ru	0.000008	1	0	0
11868	92928962-752036-0-0	animego.org	0.000072	1	0	0
8592	6b9522673289aaff45034591d5975ec3-d10e248e3dbc3ccd2	com.gst.sandbox	0.000137	1	1	0
11858	2050914-751853-0-0	nauka.club	0.000008	1	0	0
9012	42617-606792-0-0	rossaprimavera.ru	0.000061	1	0	0
11865	85491780-581535-0-0	tvtambov.ru	0.000008	1	0	0
11865	1557222-76801-0-0	basetop.ru	0.000008	1	0	0
13252	11103-0	com.truecaller	0.000089	2	0	0
8592	454fcdaa24c44c9dc25ff9bbbc32bc51-6ddd366247dd9ba19	com.apkpure.aegon	0.000137	1	1	0
11858	509780-669745-0-0	v102.ru	0.000008	1	0	0
11865	3281497-136716-0-0	m.sport-express.ru	0.000008	1	0	0
12507	78925847-636653-0-0	list-vk.com	0.000008	1	0	0
12507	459538-9232-0-0	metaprom.ru	0.000008	1	0	0
8592	6b9522673289aaff45034591d5975ec3-728f986a89828d422	com.bigcake.android.dicemerge	0.000089	1	0	0
11868	8562776-752001-0-0	aif.ru	0.000008	1	0	0
12507	76348590-527241-0-0	coronavirus-monitor.info	0.000008	1	0	0
11864	36161251-250731-0-0	www.abw.by	0.000008	1	0	0
8669	10-844-0-0	vivo.ali-show.ru	0.000008	1	0	0
11904	93360914-840292-0-0	avia.pro	0.000008	1	0	0
13256	1-0	com.butichex.school.diary	0.000089	1	0	0
11865	8146006-241773-0-0	km-doma.ru	0.000008	1	0	0
8592	454fcdaa24c44c9dc25ff9bbbc32bc51-8e868d8fd381e1162	com.weplay.klondike.solitaire	0.000089	1	0	0
11864	65101275-578374-0-0	lia85.www.nn.ru	0.000008	1	0	0
12507	9892741-380441-0-0	4esnok-by.turbopages.org	0.000008	2	0	0
8592	454fcdaa24c44c9dc25ff9bbbc32bc51-2af0e4dd784c64dfc	com.loop.match3d	0.000089	1	0	0
11858	93087228-768550-0-0	www.expertcen.ru	0.000008	1	0	0
9866	0-187544-0-0	rutube.fandom.com	0.000072	1	0	0
12507	31446184-207704-0-0	www.gazeta-unp.ru	0.000008	1	0	0
11909	61657907-412959-0-0	m.spletnik.ru	0.000008	1	0	0
11905	4629890-334578-0-0	love-sims.ru	0.000008	1	0	0
13251	1-0	com.pdf.reader.pdfviewer.pdfeditor.forandroid	0.000089	1	0	0
11865	32475165-401732-0-0	2ann.ru	0.000008	1	0	0
12507	55326833-350803-0-0	news.ru	0.000008	1	0	0
11864	89879165-628348-0-0	vid-avto.ru	0.000008	1	0	0
13256	1-0	com.gdz_ru	0.000089	1	0	0
11865	91778783-710032-0-0	xn--80alqibft0g1a.xn--p1ai	0.000008	1	0	0
11858	2935048-113729-0-0	fleetphoto.ru	0.000008	1	0	0
11905	4482117-129967-0-0	aftershock.news	0.000008	2	0	0
13256	1-0	com.crazylabs.diy.make.up	0.000089	1	0	0
13266	1-0	com.loopgames.domino	0.000089	1	0	0
12509	51898059-1210844-0-0	m.bombardir.ru	0.000008	1	0	0
12507	47035828-290228-0-0	marmok.ru	0.000008	1	0	0
11904	73222433-496671-0-0	cherdak.d3.ru	0.000008	1	0	0
12507	93836300-1210014-0-0	www.bolshoyvopros.ru	0.000008	2	0	0
11865	1000682-591955-0-0	smehopozitiv.ru	0.000008	1	0	0
11905	503611-30324-0-0	kislovodsk.blizko.ru	0.000008	1	0	0
11909	8176469-155098-0-0	forum.na-svyazi.ru	0.000008	1	0	0
12507	985920-49912-0-0	www.vidal.ru	0.000008	2	0	0
11857	1749178-72683-0-0	kidshockey.ru	0.000008	1	0	0
11864	2214953-342128-0-0	www.ural56.ru	0.000008	1	0	0
12513	65101275-578824-0-0	www.ellegirl.ru	0.000008	1	0	0
11864	2755565-109910-0-0	serovglobus.ru	0.000008	1	0	0
11858	6746465-142629-0-0	tyumen.hh.ru	0.000008	1	0	0
11904	73222433-496671-0-0	informburo.d3.ru	0.000008	1	0	0
11858	65101275-447180-0-0	pogoda.e1.ru	0.000008	1	0	0
11858	36882225-275320-0-0	www.sunhome.ru	0.000008	1	0	0
12507	3849096-126345-0-0	www.gorodche.ru	0.000008	1	0	0
12176	1-0	com.games.joinblocks	0.000574	2	0	0
11864	9598552-175106-0-0	www.forbes.ru	0.000072	2	0	0
11904	5131788-753823-0-0	joxi.ru	0.000008	1	0	0
12509	65949452-1262662-0-0	www.9111.ru	0.000008	1	0	0
12513	1374984-732752-0-0	sprashivalka.com	0.000008	1	0	0
12513	34382785-242460-0-0	chelyabinsk.vsn.ru	0.000008	1	0	0
12507	48537776-547400-0-0	jut.su	0.000072	4	0	0
8592	454fcdaa24c44c9dc25ff9bbbc32bc51-f1265dddf872b61e7	snapix.photoeditor.photoretouch.editingapps	0.000089	1	0	0
13156	21777-143024-Mintegral-Tile^20Connect-^20Free^20Puzzle^20G	com.zeninfun.tileconnect	0.000574	1	0	0
12512	1718328-141569-0-0	cont.ws	0.000008	1	0	0
13262	1-0	com.robtopx.geometrydashsubzero	0.000089	1	0	0
12507	1765214-489243-0-0	www.kontrolnaya-rabota.ru	0.000008	2	0	0
11857	50363257-327452-0-0	m.beboo.ru	0.000008	1	0	0
11865	6734741-142545-0-0	www.drive2.ru	0.000008	1	0	0
13156	1-ru.litres.android.readfree-Appodeal^20SSP-Чита	ru.litres.android.readfree	0.000574	1	0	0
12507	50264598-537567-0-0	jamfm.ru	0.000008	1	0	0
13256	1-0	sortpuz.water.sort.puzzle.game	0.000089	9	0	0
13256	1-0	bubbleshooter.android	0.000089	1	0	0
11905	2112549-91685-0-0	nethistory.mirtesen.ru	0.000008	1	0	0
9012	35253-620156-0-0	doctorpiter.ru	0.000061	2	0	0
12507	3860622-721164-0-0	ktozvonil.pro	0.000008	1	0	0
11909	1006591-50518-0-0	amic-ru.turbopages.org	0.000008	3	0	0
12513	3293020-129405-0-0	www.cosmo.ru	0.000008	2	0	0
11865	65101275-579434-0-0	www.elledecoration.ru	0.000008	1	0	0
11865	87936520-601046-0-0	www.mamba.ru	0.000008	1	0	0
13256	1-0	org.joa.zipperplus7	0.000089	1	0	0
11864	6438395-142108-0-0	octavius.mail.ru	0.000008	1	0	0
12513	1728009-162266-0-0	www.1tv.ru	0.000008	3	0	0
11904	86702498-588350-0-0	www.mirf.ru	0.000008	1	0	0
12507	2754651-248005-0-0	mgorod.kz	0.000008	1	0	0
12507	50264598-326188-0-0	www.radioc.ru	0.000008	1	0	0
12507	88546469-708736-0-0	www.kleo.ru	0.000008	1	0	0
11864	17298947-195429-0-0	helpiks.org	0.000008	1	0	0
8592	6b9522673289aaff45034591d5975ec3-95de918bf3f886442	com.mpt.narwhal	0.000089	1	0	0
11868	2201084-424608-0-0	voennoedelo.com	0.000008	1	0	0
11858	396275-1133-0-0	forum.rmnt.ru	0.000008	1	0	0
12507	3832586-125716-0-0	fonwall.ru	0.000008	2	0	0
11865	70028346-478736-0-0	lada-xray2.ru	0.000008	1	0	0
11864	57475108-389073-0-0	online47.ru	0.000008	1	0	0
12507	53377211-936186-0-0	stroitelstvo.expert	0.000008	1	0	0
13001	ba445a848a4f48539a14d3bcb2b3ec28-958e255d322386e6b	tsargrad.tv	0.000897	38	50	2
12507	7518789-148387-0-0	www.prav-net.ru	0.000008	1	0	0
11868	845311-45272-0-0	m.rosbalt.ru	0.000072	1	0	0
11868	1077784-53383-0-0	licey.net	0.000008	1	0	0
11864	65101275-447157-0-0	www.e1.ru	0.000008	2	0	0
11904	1656076-343173-0-0	vladikavkaz.budus.ru	0.000008	1	0	0
13256	1-0	com.petrik.shifshedule	0.000089	1	0	0
13256	1-0	com.block.puzzle.game.wooden	0.000089	1	0	0
13256	12883-0	id1420058690	0.000089	1	0	0
11864	65101275-575586-0-0	ngs.ru	0.000008	5	0	0
9012	43650-609027-0-0	klops.ru	0.000061	2	0	0
12513	997092-142443-0-0	travelask.ru	0.000008	2	0	0
8592	6b9522673289aaff45034591d5975ec3-0a21a4a318f35b099	com.creativejoy.jewelsancient	0.000089	1	0	0
11865	8562776-854242-0-0	forum.littleone.ru	0.000008	1	0	0
11858	65101275-575584-0-0	www.e1.ru	0.000008	6	0	0
12507	49608361-418964-0-0	1000.menu	0.000008	3	0	0
11865	91774534-1244766-0-0	npfgeoprom.ru	0.000008	1	0	0
13251	1-0	com.tile.match.connect.game	0.000089	1	0	0
11858	3917203-285162-0-0	krovlyaikrysha.ru	0.000008	1	0	0
11909	93915523-1261125-0-0	znatoktepla.ru	0.000008	1	0	0
12509	65949452-515704-0-0	teleprogramma.pro	0.000008	3	0	0
11864	87936520-601046-0-0	love.mail.ru	0.000008	1	0	0
12507	494474-102843-0-0	otzovik.com	0.000008	17	0	0
11791	8d0aaacfbe818c2738616522fb056826-e8a44c1b1fad74dec	www.myshared.ru	0.000072	1	0	0
13256	8083-0	free.zaycev.net	0.000139	1	1	0
11909	1718328-141569-0-0	cont.ws	0.000008	1	0	0
11864	6438395-152036-0-0	sportmail.ru	0.000008	5	0	0
11864	1913112-81265-0-0	maximum.ru	0.000008	1	0	0
11858	4012495-76942-0-0	usamodelkina.ru	0.000008	1	0	0
11858	7867970-208469-0-0	sinonim.org	0.000008	1	0	0
11865	54817670-1312692-0-0	erpweb.ru	0.000008	2	0	0
11905	1678431-146351-0-0	19rus.info	0.000008	1	0	0
13256	12364-0	puzzle.blockpuzzle.cube.relax	0.000089	3	0	0
11858	4438373-129798-0-0	xn----8sbeyxgbych3e.ru-an.info	0.000008	1	0	0
12367	0-187544-0-0	doramy.top	0.000072	1	0	0
13257	1-0	vpn.proxy.super.free	0.000139	1	1	0
11905	2112549-91685-0-0	opolitike.mirtesen.ru	0.000008	1	0	0
12176	1-0	com.mytona.seekersnotes.android	0.000574	1	0	0
11865	4342450-128930-0-0	topwar.ru	0.000008	1	0	0
11904	32781733-221907-0-0	pskov.move.ru	0.000008	1	0	0
11868	897669-56459-0-0	pikabu.ru	0.000008	4	0	0
9866	0-216200-0-0	www.hobobo.ru	0.000072	1	0	0
11864	44170323-320659-0-0	wikipet.ru	0.000008	1	0	0
8592	437f85232570621e73d42dd2a476994d-c7818b78a08c07c3d	wp.wattpad	0.000089	24	0	0
13256	1-0	com.fineart.universal.tv.remote.control	0.000089	1	0	0
11858	8176469-155098-0-0	forum.na-svyazi.ru	0.000008	2	0	0
14123	6477248d-9798-4581-9bfd-2e83e6d35cd3-3330393835323	com.cg.fanofguns	0.000574	1	0	0
12513	7234779-162377-0-0	www.kommersant.ru	0.000072	1	0	0
11865	2299035-440279-0-0	app-97737.games.s3.yandex.net	0.000072	1	0	0
12507	6078414-140849-0-0	nsk.bankturov.ru	0.000008	1	0	0
13256	1-0	com.etoolkit.lovecollage	0.000089	1	0	0
11909	46114044-286534-0-0	elektroshkola.ru	0.000008	1	0	0
12507	50264598-333112-0-0	www.sputnikfm.ru	0.000008	2	0	0
12509	95171232-1293139-0-0	m.leboard.ru	0.000008	1	0	0
12512	4624495-130614-0-0	www.vazhno.ru	0.000008	8	0	0
11860	5706550-281826-0-0	ren.tv	0.000008	1	0	0
9869	0-187544-0-0	profile.ru	0.000072	2	0	0
8592	6b9522673289aaff45034591d5975ec3-426771bcb26e48dd5	com.loop.matchtile3d	0.000089	1	0	0
12512	51452342-714624-0-0	www.avtovzglyad.ru	0.000008	2	0	0
13266	1-0	org.qtproject.hexsudoku	0.000112	0	1	0
11864	89834739-627758-0-0	www.meteonova.ru	0.000008	1	0	0
11864	8044205-154219-0-0	www.autonet.ru	0.000008	1	0	0
11909	87276007-592219-0-0	www.mk.ru	0.000072	1	0	0
11864	65101275-577872-0-0	74.ru	0.000008	2	0	0
12507	91623033-683453-0-0	kirov.irr.ru	0.000008	1	0	0
8592	19136e8795d875deb27798c3d1012c23-e6a0299932315d1f9	com.picsart.studio	0.000089	2	0	0
12507	54689608-349697-0-0	design-homes.ru	0.000008	1	0	0
12513	1913056-81260-0-0	dfm.ru	0.000072	1	0	0
11865	91778783-709803-0-0	teplobloknn.ru	0.000008	1	0	0
13256	1-0	net.jeu.spider	0.000089	4	0	0
11865	91778881-710055-0-0	alfleth-spb.ru	0.000008	1	0	0
13256	12883-0	id1466197423	0.000089	1	0	0
11909	3293020-125354-0-0	www.goodhouse.ru	0.000008	1	0	0
11909	93335226-830873-0-0	www.eg.ru	0.000008	3	0	0
11909	89976696-630193-0-0	overclockers.ru	0.000008	1	0	0
11909	1140611-114280-0-0	sdelaysam--svoimirukami-ru.turbopages.org	0.000008	2	0	0
11864	65101275-576494-0-0	ufa1.ru	0.000008	1	0	0
12507	2412782-419507-0-0	m.avito.ru	0.000008	213	0	0
12507	65443695-449419-0-0	www.ok-magazine.ru	0.000008	1	0	0
11857	2004221-94787-0-0	berkat.ru	0.000008	1	0	0
12509	15076685-266807-0-0	vesti-yamal.ru	0.000008	1	0	0
12507	31776142-209463-0-0	stapravda.ru	0.000008	1	0	0
11857	7687782-448212-0-0	profile.ru	0.000008	1	0	0
12509	6746465-148945-0-0	hhcdn.ru	0.000008	2	0	0
11868	90146098-634153-0-0	xn----8sbhebeda0a3c5a7a.xn--p1ai	0.000008	2	0	0
11865	805568-239247-0-0	cosmo-frost.ru	0.000072	1	0	0
9012	41985-613149-0-0	nversia.ru	0.000061	1	0	0
8592	454fcdaa24c44c9dc25ff9bbbc32bc51-9f2e62fe302a77cf5	ru.countandgrowrich.sumupandgetrich3	0.000089	1	0	0
8592	454fcdaa24c44c9dc25ff9bbbc32bc51-105be219f824a8d68	solitaire.solitairemaker.solitaire.klondike.card	0.000111	0	1	0
11865	53367389-336591-0-0	disgustingmen.com	0.000008	1	0	0
11858	1426764-126740-0-0	files.stroyinf.ru	0.000008	1	0	0
8592	2c6fa275319f2ac7888559476603ff34-638e773521dfb4352	com.dino.robot.transformation	0.000089	1	0	0
12507	19548583-189727-0-0	help-wifi.com	0.000008	1	0	0
11864	6438395-147023-0-0	news.mail.ru	0.000008	16	0	0
12509	65101275-447165-0-0	m.love.ngs.ru	0.000008	1	0	0
11858	6746465-142629-0-0	hh.ru	0.000008	2	0	0
11905	503611-30324-0-0	pyatigorsk.blizko.ru	0.000008	1	0	0
11857	728568-69138-0-0	pozdravok.ru	0.000008	6	0	0
12507	82182983-561692-0-0	vyborexperta.ru	0.000008	1	0	0
12507	54566465-343617-0-0	vsvoemdome-ru.turbopages.org	0.000008	1	0	0
11868	8562776-757351-0-0	ussurmedia.ru	0.000008	1	0	0
11905	32002567-611438-0-0	ogorod-bez-hlopot.ru	0.000072	1	0	0
11865	93335226-830873-0-0	www.eg.ru	0.000009	0	1	0
9866	0-187544-0-0	ratings.7ya.ru	0.000072	1	0	0
11909	58905162-397624-0-0	somon.tj	0.000008	2	0	0
11857	87936520-601046-0-0	www.mamba.ru	0.000008	7	0	0
11858	3774959-94884-0-0	it-like.ru	0.000008	1	0	0
13256	1-0	com.scoompa.faceeditor	0.000089	1	0	0
12507	65949452-542792-0-0	radiokp.ru	0.000008	1	0	0
13252	1-0	com.wo.voice2	0.000112	0	1	0
12507	8240866-155688-0-0	www.belnovosti.by	0.000008	4	0	0
14051	15740-1809505115-0-Imposter^20Smashers^20-^20Fun^20io^20game	com.casual.impostor.smasher	0.000574	1	0	0
12507	93016036-755726-0-0	lafoy-ru.turbopages.org	0.000008	1	0	0
12507	93736421-989340-0-0	kylinariya-ru.turbopages.org	0.000008	4	0	0
11909	2064639-164017-0-0	classinform.ru	0.000008	1	0	0
12803	0-222025-0-0	sunhome.ru	0.000684	0	2	0
12507	3620199-326432-0-0	komiinform.ru	0.000008	1	0	0
12509	391591-136601-0-0	forum.vashdom.ru	0.000008	2	0	0
11909	7286645-580131-0-0	realt.onliner.by	0.000008	1	0	0
12509	93261812-810117-0-0	doramalive.ru	0.000008	1	0	0
12507	570920-38708-0-0	news.vtomske.ru	0.000072	1	0	0
14051	15737-1017125893-0-0	com.lemonsquad.simulatorbs	0.000574	3	0	0
12513	5706550-280918-0-0	iz.ru	0.000008	1	0	0
8592	df2f79a302fe2e3ff94d0d99c939eb42-25e83ea1a531043db	com.tomato.scanword.collection	0.000089	3	0	0
11864	55975826-355893-0-0	domopravitelnitsa.com	0.000072	1	0	0
11909	8562776-751411-0-0	dni.ru	0.000008	1	0	0
11864	16694044-184991-0-0	www.finam.ru	0.000008	1	0	0
12507	33397807-242671-0-0	tsargrad-tv.turbopages.org	0.000008	3	0	0
13252	1-0	com.root.clean.boost.explorer.filemanager	0.000089	1	0	0
13156	23821-145588-Mintegral-Sushi^20Roll^203D	com.sushirolls.app	0.000574	1	0	0
9866	0-187544-0-0	danganronpa.fandom.com	0.000072	1	0	0
11857	38661274-637001-0-0	knigkindom.ru	0.000008	1	0	0
11904	46431776-287922-0-0	joyreactor.cc	0.000008	1	0	0
11865	30570339-681423-0-0	moevideo.biz	0.000008	1	0	0
13256	1-0	com.linkdesks.ibubble	0.000089	1	0	0
11858	86690274-607061-0-0	ctnews.ru	0.000008	1	0	0
9866	0-216200-0-0	clck.lentainform.com	0.000072	1	0	0
12507	927410-173674-0-0	bidbaits.ru	0.000008	1	0	0
13252	7579-0	com.imo.android.imoim	0.000139	1	1	0
11864	6438395-147025-0-0	my.mail.ru	0.000072	7	0	0
13252	1-0	com.meihillman.callrecorder	0.000089	1	0	0
11905	2112549-91685-0-0	vashesamodelkino.mirtesen.ru	0.000008	1	0	0
11858	31023497-255643-0-0	zachestnyibiznes.ru	0.000008	1	0	0
13252	1-0	id583963565	0.000089	1	0	0
12507	36882225-267966-0-0	rusvesna.su	0.000008	1	0	0
11858	5131788-753823-0-0	joxi.ru	0.000008	1	0	0
13256	1-0	com.solitaire.fish.klondike.card.aquarium	0.000089	1	0	0
11858	6746465-142629-0-0	ekaterinburg.hh.ru	0.000008	1	0	0
9011	42917-607958-0-0	m.pg11.ru	0.000061	1	0	0
11865	57197775-386896-0-0	portofranko-vl.ru	0.000008	1	0	0
13256	1-0	linkdesks.pop.bubblegames.bubbleshooter	0.000089	1	0	0
11909	6438395-353887-0-0	otvet.mail.ru	0.000008	2	0	0
12507	93836300-1210023-0-0	www.remotvet.ru	0.000008	2	0	0
11904	87276007-592219-0-0	www.mk.ru	0.000008	3	0	0
11864	33662969-233503-0-0	news.novgorod.ru	0.000008	1	0	0
12368	0-187544-0-0	terraria-calamity-mod.fandom.com	0.000072	1	0	0
9866	0-187544-0-0	turkru.tv	0.000072	4	0	0
11858	49657268-323488-0-0	mastergrad.com	0.000008	2	0	0
11868	92386429-746409-0-0	telik.top	0.000008	12	0	0
12509	6746465-142629-0-0	chelyabinsk.hh.ru	0.000008	1	0	0
13256	1-0	com.easybrain.sudoku.android	0.000089	20	0	0
11864	6438395-142108-0-0	e.mail.ru	0.000008	722	0	0
12507	91222519-1239453-0-0	pravovdom.ru	0.000008	1	0	0
11905	2112549-91685-0-0	tri.mirtesen.ru	0.000008	1	0	0
11864	4482117-129967-0-0	aftershock.news	0.000008	1	0	0
11909	2112549-91685-0-0	vkusno.mirtesen.ru	0.000008	1	0	0
11864	65101275-577826-0-0	59.ru	0.000008	1	0	0
11864	6374880-141239-0-0	4pda.to	0.000008	1	0	0
11858	1322075-130167-0-0	businessman.ru	0.000008	1	0	0
12507	1801033-247350-0-0	mangalib.me	0.000008	1	0	0
12509	6746465-142629-0-0	rostov.hh.ru	0.000008	1	0	0
11909	51452342-496695-0-0	gp-ok.daily-inform.ru	0.000008	1	0	0
9012	33827-604478-0-0	www.film.ru	0.000061	2	0	0
14056	0-187544-0-0	hollowknight.fandom.com	0.000072	1	0	0
12507	2412782-419506-0-0	www.avito.ru	0.000008	14	0	0
11865	92596244-787529-0-0	novamett.ru	0.000008	1	0	0
12512	2745-45551-0-0	www.forumhouse.ru	0.000008	3	0	0
11905	93121594-761595-0-0	xn--80aab3ake6at1f.xn--p1ai	0.000008	1	0	0
11858	92453275-732287-0-0	11novosti.ru	0.000008	2	0	0
12509	65949452-989182-0-0	infourok.ru	0.000008	1	0	0
12507	94072061-1210691-0-0	novostivl-ru.turbopages.org	0.000008	2	0	0
8592	a644ddb514ec83e02ef96095155ffe47-4df48e9bce5d9be6b	com.easybrain.nonogram	0.000089	1	0	0
12507	33530085-232061-0-0	nn.cian.ru	0.000008	2	0	0
11858	87936520-601046-0-0	www.mamba.ru	0.000008	3	0	0
11868	90735060-644220-0-0	otzyv.ru	0.000008	1	0	0
11868	93683367-979907-0-0	aktnews.ru	0.000008	2	0	0
11791	79-1797-0-0	ads.betweendigital.com	0.000008	2	0	0
11864	6438395-151536-0-0	health.mail.ru	0.000008	1	0	0
11857	1528997-89051-0-0	ladyelena-ru.turbopages.org	0.000008	1	0	0
11905	63430708-444056-0-0	morflot.su	0.000072	1	0	0
11858	32125188-427913-0-0	bloknot-voronezh.ru	0.000008	2	0	0
13251	1-0	com.mp3converter.videoconverter.videotomp3.videotoaudio	0.000089	1	0	0
13001	01e8712362743fe5e30d5358197295c3-843a47456fc79dfeb	ru.watchmyph.analogilekarstv	0.000574	1	0	0
11909	25583872-565903-0-0	135artnature.ru	0.000008	2	0	0
13266	1-0	champion.bubble	0.000089	1	0	0
11868	3090793-147280-0-0	pravoved.ru	0.000008	14	0	0
11904	4624495-130614-0-0	www.vazhno.ru	0.000008	4	0	0
11865	318248-1228920-0-0	coronavirus-monitor.ru	0.000008	1	0	0
12507	93868403-991120-0-0	sportkp.ru	0.000008	1	0	0
11865	93915523-1261124-0-0	myweak.ru	0.000008	1	0	0
11858	65101275-577872-0-0	74.ru	0.000008	5	0	0
11858	46431776-287922-0-0	reactor.cc	0.000008	1	0	0
9868	0-187544-0-0	daily-inform.ru	0.000072	1	0	0
11904	30477641-200831-0-0	moskva.trud.com	0.000008	1	0	0
11868	1412746-1207820-0-0	m.iamcook.ru	0.000008	2	0	0
12507	33385524-399289-0-0	roomflower.ru	0.000008	1	0	0
13256	9125-0	ru.otkritkiok.pozdravleniya	0.000089	6	0	0
11868	371996-604546-0-0	wikiway.com	0.000008	3	0	0
11858	65101275-578374-0-0	www.nn.ru	0.000008	2	0	0
12507	6133873-268600-0-0	zapusti-biz.turbopages.org	0.000008	1	0	0
13256	1-0	com.seyeonsoft.lily	0.000089	1	0	0
11857	452669-10552-0-0	www.tutu.ru	0.000008	1	0	0
11858	4360456-647830-0-0	regioninformburo.ru	0.000008	1	0	0
13252	1-0	com.volcano.modrn.car.parking.d	0.000089	1	0	0
11857	67293997-505304-0-0	sovet-podarok.ru	0.000008	1	0	0
12507	504193-28011-0-0	www.zr.ru	0.000008	7	0	0
8592	454fcdaa24c44c9dc25ff9bbbc32bc51-d7945f24b097bb3f5	com.jewelsblast.ivygames.adventure.free	0.000089	1	0	0
14040	1100044748-120220383-gamesvessel-Saori_gp	art.color.planet.paint.by.number.game.puzzle.free	0.000112	2	0	0
12513	2390032-356910-0-0	www.msn.com	0.000008	3	0	0
11865	2412782-419506-0-0	www.avito.ru	0.000008	211	0	0
11904	475686-728766-0-0	amedia.online	0.000008	2	0	0
11909	69205764-521671-0-0	media-polesye.by	0.000008	1	0	0
11865	1081974-53448-0-0	5koleso.ru	0.000008	1	0	0
12512	6746465-142629-0-0	volgograd.hh.ru	0.000008	1	0	0
12513	70390261-688138-0-0	www.electris.ru	0.000008	1	0	0
12507	450077-12828-0-0	susanin.news	0.000008	1	0	0
11904	7425121-147563-0-0	forum.materinstvo.ru	0.000008	1	0	0
11909	2029124-87589-0-0	www.vzsar.ru	0.000008	2	0	0
12176	1-0	com.dancing.smash.hop.game.tiles.circles.beat.piano.beatracing	0.000574	2	0	0
11858	69669985-753147-0-0	novoruskino.net	0.000008	1	0	0
12507	65101275-578603-0-0	www.fontanka.ru	0.000008	3	0	0
11857	31734734-354099-0-0	m.tabor.ru	0.000008	4	0	0
11865	1905027-78675-0-0	winitpro.ru	0.000008	1	0	0
11858	4782430-502366-0-0	skr.sh	0.000008	1	0	0
13256	1-0	com.openmygame.games.android.crossword.plants	0.000089	1	0	0
11865	93547635-1247850-0-0	lindertund.ml	0.000008	1	0	0
14057	44057-620855-0-0	forgottenrealms.fandom.com	0.000072	1	0	0
11864	48084745-293947-0-0	mediametrics.ru	0.000008	2	0	0
10009	cb926b8782d77076a0ffcb14ec53cb52-178d9ef5718f594a9	devian.tubemate.v3	0.000089	1	0	0
11864	65101275-576002-0-0	ngs42.ru	0.000008	1	0	0
13256	1-0	color.dev.com.whatsremoved	0.000089	1	0	0
11865	3874619-125894-0-0	bash.im	0.000008	1	0	0
12512	30477641-200831-0-0	moskva.trud.com	0.000008	1	0	0
11864	7636277-155044-0-0	ohfashion.ru	0.000008	1	0	0
11909	36493473-331129-0-0	primpress.ru	0.000072	6	0	0
11909	49697278-488573-0-0	varimtutru.com	0.000008	1	0	0
11865	88690383-611984-0-0	jaomix.ru	0.000008	2	0	0
11868	7902408-401893-0-0	xn--80ahcjeiahc9acuggp.xn--p1ai	0.000008	1	0	0
12512	31446184-207686-0-0	www.sekretariat.ru	0.000008	1	0	0
11909	56663774-602227-0-0	m.7days.ru	0.000008	1	0	0
9011	40517-489803-0-0	www.yaplakal.com	0.000007	1	0	0
11909	42813817-276165-0-0	www.znak.com	0.000008	6	0	0
8592	6b9522673289aaff45034591d5975ec3-59e82340f819fb706	com.topface.topface	0.000089	1	0	0
13256	6497-0	com.outfit7.mytalkingtom2	0.000089	1	0	0
11858	1006591-50518-0-0	www.amic.ru	0.000008	2	0	0
11865	91778881-710127-0-0	xn--b1aqcq.xn--p1ai	0.000008	1	0	0
13686	40517-489803-0-0	www.yaplakal.com	0.000007	1	0	0
11909	83384515-567219-0-0	orenday.ru	0.000008	1	0	0
12507	60710551-406870-0-0	avtomonitor.ru	0.000008	1	0	0
11865	91411553-671414-0-0	intrigue.dating	0.000008	5	0	0
12512	6746465-142629-0-0	hh.ru	0.000008	1	0	0
11904	67572452-463347-0-0	track24.ru	0.000008	3	0	0
13252	1-0	mobile.expert.app	0.000089	1	0	0
12507	33385524-429184-0-0	jewelryexpert.ru	0.000008	1	0	0
11857	5092531-223754-0-0	m.ura.news	0.000008	5	0	0
11865	544535-186907-0-0	pravosudie.guru	0.000008	1	0	0
12507	1532269-141463-0-0	kedem.ru	0.000008	1	0	0
11858	61934491-415282-0-0	omsk.superjob.ru	0.000008	1	0	0
11865	84512616-585915-0-0	englandlearn.com	0.000008	1	0	0
11909	509629-196263-0-0	rg.ru	0.000008	4	0	0
9012	36195-472385-0-0	www.mk.ru	0.000061	1	0	0
12507	65101275-575584-0-0	www.e1.ru	0.000008	3	0	0
14051	15740-2264141025-0-Word^20Pizza^20-^20Word^20Games^20Puzzles	com.openmygame.games.android.wordpizza	0.000574	15	0	0
9866	0-187544-0-0	0x-0xr.daily-inform.ru	0.000072	1	0	0
11858	34527282-272178-0-0	egrinf.com	0.000008	1	0	0
13256	1-0	com.karmangames.solitaire	0.000089	2	0	0
11858	3345663-125727-0-0	kazanfirst.ru	0.000008	1	0	0
11904	46942132-289585-0-0	ucrazy.ru	0.000008	1	0	0
11858	75381992-755155-0-0	magazinshashlyka1.vsite.biz	0.000008	1	0	0
11858	2412782-189903-0-0	www.avito.ru	0.000008	5	0	0
13256	1-0	com.inspiredsquare.blocks	0.000139	1	1	0
11865	86734641-588651-0-0	sadogoroda.net	0.000008	1	0	0
12507	36882225-351721-0-0	irr.ru	0.000008	1	0	0
11857	1180293-56287-0-0	www.kaluga-poisk.ru	0.000008	1	0	0
12507	1350535-382959-0-0	kotlausaite-ru.turbopages.org	0.000008	1	0	0
11909	65101275-575584-0-0	m.e1.ru	0.000008	1	0	0
11909	5092869-134625-0-0	echo.msk.ru	0.000008	1	0	0
11868	2412782-419507-0-0	m.avito.ru	0.000008	53	0	0
8592	454fcdaa24c44c9dc25ff9bbbc32bc51-3664e593dafe153ae	com.download.music_vk	0.000089	2	0	0
11868	56663774-602227-0-0	m.7days.ru	0.000072	1	0	0
11909	6438395-353896-0-0	lady.mail.ru	0.000008	1	0	0
12509	65949452-934152-0-0	www.paparazzi.ru	0.000008	1	0	0
11858	65101275-447169-0-0	business.ngs.ru	0.000008	1	0	0
11864	65101275-578759-0-0	www.marieclaire.ru	0.000008	4	0	0
11868	1560494-251983-0-0	finance.rambler.ru	0.000008	1	0	0
11868	27064358-192495-0-0	pravoved.ru	0.000008	12	0	0
14037	pub236088034304-app307992346304-0-OFA^20Final	com.opera.browser	0.000112	5	1	0
11864	7903941-152619-0-0	biosgid.ru	0.000008	1	0	0
13256	1-0	com.ps.grand.farming.sim	0.000089	1	0	0
12507	4331844-539332-0-0	vestaz.ru	0.000008	1	0	0
11909	2412782-167916-0-0	www.domofond.ru	0.000008	2	0	0
11857	33930541-237379-0-0	poembook.ru	0.000008	1	0	0
10009	28f10bffd224c55498c9d8ce47f033f9-e1610e92227ee2384	com.turbo.stars	0.000089	1	0	0
11857	91437683-992150-0-0	setafi.com	0.000008	1	0	0
11909	2112549-91685-0-0	lubopytnosti.mirtesen.ru	0.000008	1	0	0
11865	1344555-388316-0-0	yur-gazeta.ru	0.000008	1	0	0
13256	1-0	com.jagplay.client.android.app.burkozel	0.000089	3	0	0
11909	1756154-113576-0-0	m.sibkray.ru	0.000008	2	0	0
12512	36867070-255603-0-0	lipetsk.proshoper.ru	0.000008	1	0	0
8592	67516008fb7a01b6201a4b0d215ae7f0-bc1cb3ab971f84ccf	com.iposedon.bricksbreakerballs	0.000089	5	0	0
11865	46383421-589112-0-0	kadbase.ru	0.000008	3	0	0
13256	1-0	com.loop.match3d	0.000089	1	0	0
11791	3e52d973e5514591aa33dfa9944a22c0-9d76a919997b59b4c	com.hgamesart.snowstorm	0.000089	1	0	0
12509	6746465-142629-0-0	lobnya.hh.ru	0.000008	1	0	0
11858	46431776-287922-0-0	joyreactor.cc	0.000008	1	0	0
13252	14438-0	id357828853	0.000089	1	0	0
13256	1-0	id1490271170	0.000089	2	0	0
11904	2968176-114236-0-0	www.panoidl.ru	0.000008	2	0	0
11905	50363257-327452-0-0	beboo.ru	0.000008	2	0	0
11868	71813031-545728-0-0	www.gismeteo.ru	0.000008	2	0	0
11909	54464709-342612-0-0	korzik.net	0.000008	1	0	0
11909	73751827-1263812-0-0	millioncitat.ru	0.000008	1	0	0
14051	15740-3700026058-0-Word^20Search^20Sea:^20Unscramble^20wor	com.openmygame.games.android.wordsearchsea	0.000574	3	0	0
11909	3849096-126345-0-0	www.gorodche.ru	0.000008	3	0	0
11865	35760745-250343-0-0	countryhouse.pro	0.000008	1	0	0
11857	65101275-575584-0-0	m.e1.ru	0.000008	1	0	0
8592	2c6fa275319f2ac7888559476603ff34-abb64b8b366da3224	slots.slot.machine.casino	0.000089	1	0	0
11909	7593718-148972-0-0	vacancies.club	0.000008	1	0	0
8669	3938cf97ea84e2a9485f979e908bda87-6dd7f7a279120d51b	www.playground.ru	0.000008	3	0	0
12507	42813817-276165-0-0	www.znak.com	0.000008	15	0	0
11904	10322213-277627-0-0	100realt.ru	0.000008	1	0	0
11864	2081206-404996-0-0	www.profiz.ru	0.000008	1	0	0
12176	8083-0	com.openmygame.games.android.wordpizza	0.000574	2	0	0
8592	6b9522673289aaff45034591d5975ec3-a8373d7dbdaa17c66	com.bigcake.android.mergemania	0.000089	2	0	0
12507	38003043-351263-0-0	grazdano4ka.ru	0.000008	3	0	0
11865	3916508-284699-0-0	igra-pasyans.ru	0.000008	1	0	0
12507	36625339-1246394-0-0	dachaa-ru.turbopages.org	0.000008	1	0	0
11865	91778881-1242279-0-0	vikings-warofclans.ru	0.000008	2	0	0
12507	7687782-448212-0-0	profile.ru	0.000072	6	0	0
12512	1390322-415877-0-0	upn.ru	0.000008	1	0	0
13256	1-0	com.documentreader.documentapp.filereader	0.000089	2	0	0
11864	509629-29789-0-0	rg.ru	0.000008	3	0	0
12507	39440107-263972-0-0	mskgazeta-ru.turbopages.org	0.000008	1	0	0
11858	2083792-430348-0-0	ingrus.net	0.000008	1	0	0
11858	65101275-575586-0-0	ngs.ru	0.000008	3	0	0
11865	35451969-522687-0-0	cheerss.ru	0.000008	1	0	0
11904	36520651-255057-0-0	homes.ngs.ru	0.000008	1	0	0
11860	2755565-109910-0-0	serovglobus.ru	0.000008	1	0	0
12509	91864171-708690-0-0	www.vesti.ru	0.000072	1	0	0
12176	8083-0	com.openmygame.games.android.wordsearchsea	0.000574	1	0	0
13256	1-0	ru.centerion.fiesta_images	0.000089	1	0	0
11904	2239710-346458-0-0	yanashla.com	0.000008	1	0	0
11868	51468706-330066-0-0	vz-ru.turbopages.org	0.000008	1	0	0
12509	65949452-453595-0-0	rg.ru	0.000008	4	0	0
14056	0-187544-0-0	the-long-dark.fandom.com	0.000072	1	0	0
11868	91864171-708690-0-0	www.vesti.ru	0.000072	1	0	0
11868	2443167-1263714-0-0	analogist.ru	0.000008	1	0	0
12507	1600226-68252-0-0	krasnodar.bezformata.com	0.000008	1	0	0
12507	92928962-752036-0-0	animego.org	0.000072	1	0	0
11904	7970387-153680-0-0	riamo.ru	0.000008	1	0	0
8592	6b9522673289aaff45034591d5975ec3-b18114e7482ab211e	com.block.puzzle.game.hippo.mi	0.000089	1	0	0
11865	73380346-497972-0-0	www.smolensk2.ru	0.000008	1	0	0
12507	15930288-388992-0-0	pankreatit.guru	0.000008	1	0	0
12367	0-191256-0-0	www.mk.ru	0.000072	1	0	0
12507	3309915-347598-0-0	ferma-expert.turbopages.org	0.000008	1	0	0
11865	4438373-129798-0-0	xn----ctbsbaa3aibxhck.ru-an.info	0.000008	1	0	0
11909	34521910-350478-0-0	vsenovosty.mediasalt.ru	0.000008	2	0	0
11858	74149893-506326-0-0	komjgino2.mybb.ru	0.000008	1	0	0
11865	91411553-671414-0-0	intrigue.dating	0.000072	2	0	0
11865	32125188-427918-0-0	bloknot-volgodonsk.ru	0.000008	1	0	0
14051	15740-2083222112-0-Читай^20бесплатно	ru.litres.android.readfree	0.000574	2	0	0
11904	69058368-472960-0-0	zt116.ru	0.000008	1	0	0
12507	5809954-243666-0-0	vgoroden-ru.turbopages.org	0.000008	2	0	0
12509	883984-55588-0-0	www.popcornnews.ru	0.000008	4	0	0
13256	1-0	link.merge.puzzle.onnect.number	0.000089	1	0	0
11865	6438395-248298-0-0	youla.ru	0.000008	4	0	0
11864	31446184-207692-0-0	www.zdrav.ru	0.000008	1	0	0
12513	18373836-575903-0-0	royallib.com	0.000008	2	0	0
12512	51898059-1238537-0-0	ucrazy.ru	0.000008	1	0	0
11909	66475862-459160-0-0	newstracker-ru.turbopages.org	0.000008	1	0	0
12509	1905188-116815-0-0	avtorazborki.org	0.000008	1	0	0
12507	7950591-260583-0-0	mr--ogorodnik-ru.turbopages.org	0.000008	1	0	0
11868	1051531-137615-0-0	floristics.info	0.000008	1	0	0
10049	10-844-0-0	atmosferabc.ru	0.000008	1	0	0
11864	86690274-711814-0-0	www.yaplakal.com	0.000008	1	0	0
11865	3293020-129405-0-0	www.cosmo.ru	0.000008	2	0	0
12507	4482117-129967-0-0	m.aftershock.news	0.000008	1	0	0
11868	7234779-162377-0-0	www.kommersant.ru	0.000072	2	0	0
11858	431232-89460-0-0	www.prizolovy.ru	0.000008	1	0	0
12507	43061655-276631-0-0	vz.ru	0.000008	2	0	0
11865	88683488-643583-0-0	hd01.ru	0.000008	1	0	0
13680	42917-612242-0-0	www.om1.ru	0.000061	1	0	0
11857	65101275-446888-0-0	www.ellegirl.ru	0.000008	4	0	0
11858	2412782-419506-0-0	www.avito.ru	0.000008	158	0	0
12512	65101275-447176-0-0	www.nn.ru	0.000008	4	0	0
13256	1-0	com.jeyluta.timestampcamerafree	0.000089	1	0	0
11909	93261812-810117-0-0	doramalive.ru	0.000072	1	0	0
13266	1-0	com.cloudycastlegames.wordline	0.000089	1	0	0
11860	1560494-70463-0-0	top100.rambler.ru	0.000008	1	0	0
8669	3938cf97ea84e2a9485f979e908bda87-6dd7f7a279120d51b	forums.playground.ru	0.000008	1	0	0
12513	34382785-242460-0-0	magadan.vsn.ru	0.000008	1	0	0
11864	67329156-462096-0-0	1001goroskop.ru	0.000008	1	0	0
11857	51468706-330066-0-0	m.vz.ru	0.000008	6	0	0
11909	74064706-504770-0-0	tatuchkaclub.ru	0.000008	1	0	0
12507	41633261-271729-0-0	xn--80ac1bcbgb9aa.xn--p1ai	0.000008	1	0	0
11905	94072616-1210671-0-0	astrotarot.org	0.000008	1	0	0
12507	33530085-232061-0-0	spb.cian.ru	0.000008	1	0	0
8592	454fcdaa24c44c9dc25ff9bbbc32bc51-105be219f824a8d68	solitaire.solitairemaker.solitaire.klondike.card	0.000089	1	0	0
14051	15737-1017125893-0-0	com.madout.big	0.000574	1	0	0
11865	460445-136553-0-0	xn--b1algemdcsb.xn--p1ai	0.000008	1	0	0
11857	42813817-276165-0-0	www.znak.com	0.000008	2	0	0
11909	94376091-1235391-0-0	dvayarda.ru	0.000008	1	0	0
10009	10-844-0-0	ladyparadize.ru	0.000202	0	1	0
11857	41724942-333441-0-0	libcat.ru	0.000008	2	0	0
12507	43263113-277831-0-0	rubaltic-ru.turbopages.org	0.000008	1	0	0
11909	24456153-395412-0-0	podborkino.com	0.000008	1	0	0
11857	90290892-647010-0-0	bipbap.ru	0.000008	1	0	0
11864	6438395-525739-0-0	news.mail.ru	0.000008	1	0	0
11868	91864171-705182-0-0	smotrim.ru	0.000008	3	0	0
13256	1-0	champion.bubble	0.000089	1	0	0
11864	532164-35333-0-0	forum.mfd.ru	0.000008	1	0	0
11864	39268175-263182-0-0	sitv.ru	0.000008	1	0	0
12507	5839191-236527-0-0	tvrain-ru.turbopages.org	0.000008	1	0	0
13256	1-0	teskin.tile.empire	0.000089	1	0	0
12507	1918592-279312-0-0	biographe-ru.turbopages.org	0.000008	1	0	0
11864	93380387-848875-0-0	www.nim.ru	0.000008	1	0	0
11865	54770757-1311561-0-0	xn----btbkutdbneel0i.xn--p1ai	0.000008	1	0	0
11904	509629-29789-0-0	rg.ru	0.000008	1	0	0
14123	8e380da6-31ba-488c-939c-290c48d577e4-3637353034333	com.iposedon.bricksbreakerballs	0.000574	1	0	0
13256	1-0	com.ucdevs.jcross	0.000089	2	0	0
12513	6557105-250642-0-0	www.finmarket.ru	0.000008	2	0	0
13266	1-0	com.guaiqin.puzzle.game	0.000089	1	0	0
11858	1728009-162266-0-0	www.1tv.ru	0.000008	2	0	0
11868	7295714-188279-0-0	russian.rt.com	0.000008	2	0	0
11909	1597126-394271-0-0	nfcoplata.ru	0.000008	1	0	0
11864	69492613-524316-0-0	www.estateline.ru	0.000008	1	0	0
12507	93993128-1204566-0-0	obuv.expert	0.000008	1	0	0
12507	7664547-442805-0-0	m--strana-ru.turbopages.org	0.000008	1	0	0
11909	7663963-272655-0-0	sps-sng.ru	0.000008	2	0	0
13256	1-0	com.amapps.media.music	0.000112	0	1	0
10009	10-844-0-0	ladyparadize.ru	0.000162	1	0	0
11868	36882225-287918-0-0	gosuchetnik-ru.turbopages.org	0.000008	1	0	0
11864	93915523-1203694-0-0	bilet2poezd.ru	0.000008	1	0	0
11865	32164720-214578-0-0	www.politnavigator.net	0.000008	4	0	0
13256	1-0	com.bigcake.android.spidersolitaire	0.000089	1	0	0
11865	65101275-1277775-0-0	ngs.ru	0.000008	1	0	0
12507	8459955-159174-0-0	rutxt.ru	0.000008	1	0	0
8592	454fcdaa24c44c9dc25ff9bbbc32bc51-aa0278e3f488aa3e9	com.hollowdogs.stonegrinder	0.000089	3	0	0
11868	65101275-447181-0-0	m.pogoda.ngs.ru	0.000008	1	0	0
11858	1560494-660797-0-0	mail.rambler.ru	0.000008	23	0	0
11865	7325353-258553-0-0	beton-house.com	0.000008	1	0	0
11904	450596-615627-0-0	www.profinance.ru	0.000008	1	0	0
11865	65101275-447110-0-0	63.ru	0.000008	1	0	0
11905	503611-30324-0-0	spb.blizko.ru	0.000008	1	0	0
11865	91778783-1241164-0-0	kardiokbr.ru	0.000008	2	0	0
11868	51898059-1263934-0-0	podborkino.com	0.000008	2	0	0
13256	1-0	jp.ne.ibis.ibispaintx.app	0.000089	9	0	0
8592	454fcdaa24c44c9dc25ff9bbbc32bc51-a6a7a902037edf35b	com.eyesthegame.eyes	0.000089	2	0	0
11858	1932193-96375-0-0	evpatoriya.spravker.ru	0.000008	1	0	0
12507	38661274-725920-0-0	doramiru.com	0.000008	1	0	0
11864	65101275-575584-0-0	www.e1.ru	0.000008	7	0	0
13266	1-0	com.fffungame.foodclicker	0.000089	1	0	0
11865	897669-460527-0-0	pikabu.ru	0.000008	3	0	0
8592	2c6fa275319f2ac7888559476603ff34-687de0b63a5bae747	link.merge.puzzle.onnect.number	0.000089	1	0	0
11868	1085061-547807-0-0	be5.biz	0.000008	1	0	0
12507	51898059-1290934-0-0	playmaker24.ru	0.000008	2	0	0
11865	89459135-683151-0-0	zelenstroy-biysk.ru	0.000008	2	0	0
11909	498578-196262-0-0	dv-kp-ru.turbopages.org	0.000008	1	0	0
13256	1-0	com.rejoy.block.logic	0.000089	1	0	0
12507	65101275-577872-0-0	74.ru	0.000008	2	0	0
13256	1-0	com.mgc.crime.santa	0.000089	1	0	0
8592	fc9ee257780148f6fd98bd16bbb2d904-560bb596a557c54ac	com.newandromo.dev1001397.app1242747	0.000089	1	0	0
11865	61657907-412959-0-0	m.spletnik.ru	0.000008	2	0	0
11858	407197-99551-0-0	playboyrussia.com	0.000008	1	0	0
13001	ba445a848a4f48539a14d3bcb2b3ec28-958e255d322386e6b	tsargrad.tv	0.000574	416	0	0
11791	10-844-0-0	s-otvet.ru	0.000008	1	0	0
13251	1-0	com.vpnmasterx.pro	0.000089	1	0	0
13256	1-0	com.gamma.find.diff	0.000089	1	0	0
11904	3918140-987759-0-0	sims3pack.ru	0.000008	2	0	0
13256	1-0	com.hdr.hajwalahline	0.000112	0	1	0
11909	87276007-592219-0-0	www.mk.ru	0.000008	2	0	0
12512	68543924-531163-0-0	cars.av.by	0.000008	1	0	0
11909	33946563-237573-0-0	zee-tv.ru	0.000008	1	0	0
13256	1-0	pozdravuha.ru.birthday	0.000089	1	0	0
11864	2412782-189903-0-0	www.avito.ru	0.000008	11	0	0
11868	56953682-478194-0-0	www.inmyroom.ru	0.000008	1	0	0
8592	6b9522673289aaff45034591d5975ec3-0f56a939864002ef1	com.gokids.transport2	0.000089	1	0	0
13256	1-0	com.skgames.trafficrider	0.000089	3	0	0
13256	1-0	id775410103	0.000089	1	0	0
11865	494474-102843-0-0	otzovik.com	0.000008	7	0	0
11865	38661257-284607-0-0	metrorus.ru	0.000008	1	0	0
11905	2004221-94787-0-0	berkat.ru	0.000072	1	0	0
12512	6746465-142629-0-0	voronezh.hh.ru	0.000008	2	0	0
11857	91531139-1206473-0-0	pricep-vlg.ru	0.000008	1	0	0
12509	393320-247170-0-0	www.comboplayer.ru	0.000008	1	0	0
11864	87828462-739756-0-0	blognesco.ru	0.000008	1	0	0
11858	6746465-142629-0-0	krasnoyarsk.hh.ru	0.000008	1	0	0
11864	65101275-576144-0-0	29.ru	0.000008	2	0	0
13001	a186cbb009abed20ab216cd69ec8a95b-843a47456fc79dfeb	ru.watchmyph.analogilekarstv	0.000574	1	0	0
12507	24111355-1291364-0-0	readmanga.io	0.000008	7	0	0
11860	2390032-357688-0-0	www.msn.com	0.000008	3	0	0
11908	37934116-260638-0-0	moika78.ru	0.000008	1	0	0
12507	14912667-258720-0-0	edaturistu.ru	0.000008	1	0	0
11791	86-771-0-0	www.e1.ru	0.000162	1	0	0
8592	2c6fa275319f2ac7888559476603ff34-5c5929bccf80ba401	1516852802	0.000089	1	0	0
13252	1-0	com.geekslab.cleanboost	0.000089	1	0	0
13156	22284-131116-Mintegral-Tile^20Fun^20-^20Classic^20Triple^20&	com.mintgames.triplecrush.tile.fun	0.000574	1	0	0
11909	90720690-643887-0-0	mir-knig.com	0.000008	8	0	0
11909	3293020-129405-0-0	www.cosmo.ru	0.000008	3	0	0
9012	36392-475082-0-0	teleprogramma.pro	0.000061	5	0	0
11865	54817670-1311948-0-0	wsesw.ru	0.000008	1	0	0
11868	48001385-293829-0-0	tvcook-ru.turbopages.org	0.000008	1	0	0
8592	364bb72efd8330b9be21980f9394b4f4-f46d4c88f1b367f1e	com.bigduckgames.flow	0.000089	1	0	0
8592	4c59e3c1281387d81f6d2c76d0945fab-8a788a46fab50328f	com.veraxen.colorbynumber.oilpainting	0.000089	1	0	0
11868	3501633-411744-0-0	fishinginrus.ru	0.000008	1	0	0
12513	70390261-1242416-0-0	golosros.ru	0.000008	3	0	0
14056	0-216200-0-0	teleprogramma.pro	0.000072	2	0	0
12507	91235966-660718-0-0	lifehacker-ru.turbopages.org	0.000008	1	0	0
12507	40096744-288332-0-0	tutmet.ru	0.000008	1	0	0
11865	30570339-709362-0-0	moevideo.biz	0.000008	2	0	0
12176	1-0	com.openmygame.games.android.wordpizza	0.000574	17	0	0
11868	3047054-541577-0-0	alpan365.ru	0.000008	1	0	0
11904	30477641-200831-0-0	www.trud.com	0.000008	2	0	0
13256	1-0	at.ner.solitaireklondike	0.000089	1	0	0
12507	1932193-96375-0-0	almetevsk.spravker.ru	0.000008	1	0	0
13256	1-0	com.crazylabs.acrylic.nails	0.000089	1	0	0
13256	13225-0	id351331194	0.000089	1	0	0
13256	1-0	com.dencreak.esmemo	0.000089	1	0	0
13256	13818-0	ru.sports	0.000089	2	0	0
11905	2112549-91685-0-0	mirtesen.ru	0.000008	8	0	0
11857	33245886-256175-0-0	ekb.harat.ru	0.000008	1	0	0
13257	13818-0	www.sports.ru	0.000089	2	0	0
12507	2112549-91685-0-0	opolitike.mirtesen.ru	0.000008	1	0	0
11868	55326833-350803-0-0	news.ru	0.000008	3	0	0
12507	317878-45958-0-0	avtomarket.ru	0.000008	1	0	0
12507	55726818-682764-0-0	dizainexpert.ru	0.000072	1	0	0
11909	845311-45272-0-0	m.rosbalt.ru	0.000008	1	0	0
9866	0-216200-0-0	www.lentainform.com	0.000072	3	0	0
11904	8054248-216855-0-0	ir-center.ru	0.000008	1	0	0
11858	1749689-578323-0-0	forum-amit.ru	0.000008	1	0	0
11864	37098483-256588-0-0	oktools.ru	0.000008	1	0	0
12507	3046664-115800-0-0	www.sunhome.ru	0.000008	1	0	0
12509	6746465-142629-0-0	stavropol.hh.ru	0.000008	1	0	0
11858	34776665-725258-0-0	volgogradskaya-oblast-volgskiy.svetofors.ru	0.000008	1	0	0
13680	42159-572880-0-0	social.trendymen.ru	0.000061	1	0	0
9866	0-216200-0-0	www.tourprom.ru	0.000072	3	0	0
12507	65101275-578374-0-0	www.nn.ru	0.000008	1	0	0
11904	87276007-592219-0-0	www.mk.ru	0.000072	3	0	0
12507	904018-704176-0-0	avtokreditov.ru	0.000008	1	0	0
13252	3917-0	com.fusionmedia.investing	0.000089	1	0	0
12507	9093518-163242-0-0	www.ozersk74.ru	0.000008	1	0	0
13683	42666-622170-0-0	profile.ru	0.000061	6	0	0
12507	2398375-644351-0-0	amimore.ru	0.000008	1	0	0
11905	5299287-136213-0-0	club.osinka.ru	0.000008	1	0	0
13256	1-0	com.hyperionics.avar	0.000089	1	0	0
9866	0-187544-0-0	terraria-calamity-mod.fandom.com	0.000072	1	0	0
11857	452669-10552-0-0	bus.tutu.ru	0.000008	1	0	0
14056	0-216200-0-0	101.ru	0.000072	2	0	0
11860	7234779-162377-0-0	www.kommersant.ru	0.000008	1	0	0
11857	4682439-130997-0-0	sevastopol.su	0.000072	1	0	0
12507	38661274-637001-0-0	knigkindom.ru	0.000008	2	0	0
13256	1-0	tk.jewels.rush	0.000089	2	0	0
11864	1913056-81260-0-0	dfm.ru	0.000072	2	0	0
12507	88546469-708736-0-0	www.kleo.ru	0.000072	1	0	0
9866	0-187544-0-0	hollowknight.fandom.com	0.000072	1	0	0
11864	65101275-577857-0-0	72.ru	0.000008	1	0	0
11905	732789-114770-0-0	www.regtorg.ru	0.000008	1	0	0
12507	974947-49517-0-0	9111-ru.turbopages.org	0.000008	1	0	0
13256	1-0	sp.app.bubblepop	0.000089	1	0	0
13256	1-0	com.readpdf.pdfreader.pdfviewer	0.000089	1	0	0
12507	32657900-220340-0-0	iz-ru.turbopages.org	0.000008	3	0	0
11905	30415581-195397-0-0	ekaterinburg.flagma.ru	0.000008	1	0	0
11868	1412746-700425-0-0	www.litmir.me	0.000008	1	0	0
12507	36161251-250731-0-0	www.abw.by	0.000008	1	0	0
12507	93840627-1207269-0-0	finecooking-ru.turbopages.org	0.000008	1	0	0
9866	0-187544-0-0	the-long-dark.fandom.com	0.000072	2	0	0
11865	2962507-579666-0-0	dvapodshipnika.ru	0.000008	1	0	0
11865	30570339-716279-0-0	kakpishem.ru	0.000008	1	0	0
13256	1-0	com.spongegranny.scarysponge.horrorgranny	0.000089	1	0	0
11868	8562776-753408-0-0	pda.orsk.ru	0.000008	1	0	0
12507	7517911-148375-0-0	5--tv-ru.turbopages.org	0.000008	2	0	0
11864	6438395-147025-0-0	my.mail.ru	0.000008	6	0	0
8592	c7ced686f76a139c400af32b3d552036-38288fcb451aa181b	com.loop.match3d	0.000089	1	0	0
12507	1801033-247350-0-0	mangalib.me	0.000072	9	0	0
14051	15740-988656518-0-Water^20Sort^20Puzzle^20-^20Color^20Sortin	com.gma.water.sort.puzzle	0.000574	1	0	0
11868	65101275-578603-0-0	www.fontanka.ru	0.000008	5	0	0
11860	18373836-593092-0-0	secondstreet.ru	0.000008	3	0	0
12507	94450274-1248247-0-0	mobilych.com.ua	0.000008	3	0	0
11904	6438461-709396-0-0	ok.ru	0.000072	1	0	0
11909	38965063-262928-0-0	bankstoday.net	0.000008	2	0	0
11865	8984986-205531-0-0	fermilon.ru	0.000008	2	0	0
12507	94848661-1268895-0-0	povar-ru.turbopages.org	0.000008	1	0	0
11864	65101275-447165-0-0	love.ngs.ru	0.000008	5	0	0
12507	54464709-342612-0-0	korzik.net	0.000008	2	0	0
11857	41021040-590628-0-0	citatko.com	0.000008	1	0	0
12507	805568-239247-0-0	cosmo-frost.ru	0.000008	1	0	0
12507	3293020-129405-0-0	www.cosmo.ru	0.000008	1	0	0
12507	8381155-722011-0-0	apteka-103-by.turbopages.org	0.000008	2	0	0
11865	2771758-211190-0-0	nalogovaya.ru	0.000008	2	0	0
12507	14912667-1249224-0-0	med-ram.ru	0.000008	1	0	0
8592	fc9ee257780148f6fd98bd16bbb2d904-9095e88290c2b7551	com.goodproductssoft.minningpool	0.000089	2	0	0
12513	32657900-243098-0-0	iz.ru	0.000008	1	0	0
14051	15740-4071667223-0-My^20Restaurant:^20Crazy^20Cooking^20Ga	com.techvision.restaurant	0.000574	1	0	0
11864	93683367-979907-0-0	aktnews.ru	0.000008	1	0	0
11858	51452342-496695-0-0	hd-rwo.daily-inform.ru	0.000008	1	0	0
11904	737991-54232-0-0	moe-online.ru	0.000008	1	0	0
8592	454fcdaa24c44c9dc25ff9bbbc32bc51-ecaf8c61219ffb6cf	com.artlife.color.number.coloring.games	0.000089	1	0	0
11858	1043402-52223-0-0	online.khl.ru	0.000008	1	0	0
11858	2918101-113120-0-0	www.u-mama.ru	0.000008	1	0	0
12512	6746465-142629-0-0	spb.hh.ru	0.000008	1	0	0
11865	46431776-287922-0-0	joyreactor.cc	0.000008	2	0	0
13256	1-0	solitaire.classicgame.klondike.solitaire.freecard	0.000089	1	0	0
12507	1103819-186956-0-0	pechnoedelo.com	0.000008	2	0	0
12507	90720690-643887-0-0	mir-knig.com	0.000008	17	0	0
11865	6557105-250544-0-0	www.interfax.ru	0.000008	1	0	0
11864	11393977-175920-0-0	newslab.ru	0.000008	1	0	0
11860	3374460-122337-0-0	ekb.dk.ru	0.000008	1	0	0
11909	1228849-117050-0-0	ayzdorov-ru.turbopages.org	0.000008	2	0	0
11864	61367331-410814-0-0	spbhomes.ru	0.000008	1	0	0
11865	91778881-699059-0-0	seventools.ru	0.000008	1	0	0
11864	6438395-148635-0-0	deti.mail.ru	0.000008	5	0	0
12512	7340444-146764-0-0	studfile.net	0.000008	1	0	0
11909	6734741-142545-0-0	www.drive2.ru	0.000008	4	0	0
14056	0-216200-0-0	doctorpiter.ru	0.000072	1	0	0
12507	91437683-775204-0-0	tkaner.com	0.000008	1	0	0
11909	7325353-258553-0-0	beton-house.com	0.000008	1	0	0
11865	2013471-87094-0-0	onlinetestpad.com	0.000008	2	0	0
11857	462006-279104-0-0	bezbukv.ru	0.000008	1	0	0
13256	1-0	com.tomato.pasbayan	0.000089	1	0	0
12507	63057441-448148-0-0	prombez24.com	0.000008	1	0	0
12507	61657907-412958-0-0	www.the-village.ru	0.000008	2	0	0
11865	92199462-719220-0-0	www.norm-load.ru	0.000008	1	0	0
12507	41012898-268866-0-0	globalmsk-ru.turbopages.org	0.000008	1	0	0
12509	65949452-1215721-0-0	www.tourprom.ru	0.000072	2	0	0
11865	88690383-611984-0-0	jaomix.ru	0.000072	1	0	0
8592	454fcdaa24c44c9dc25ff9bbbc32bc51-6dbf293917bd7131d	com.rosteam.gpsemulator	0.000089	1	0	0
12507	1728009-162266-0-0	1tv-ru.turbopages.org	0.000008	2	0	0
11868	8562776-753104-0-0	www.inmyroom.ru	0.000008	2	0	0
11909	494474-102843-0-0	otzovik.com	0.000008	2	0	0
11865	2257173-129111-0-0	skidkimarket.ru	0.000008	1	0	0
11858	34776665-725258-0-0	buzuluk.svetofors.ru	0.000008	1	0	0
11857	1024057-50948-0-0	eva.ru	0.000008	2	0	0
12507	38243664-260292-0-0	domstrousam-ru.turbopages.org	0.000008	1	0	0
14040	1100003694-120008043-PicsArt-PicsArt^20Android^20Smaat	com.picsart.studio	0.000112	3	1	0
8592	e84158061d88b2821ce23a9624c8edcf-2e6615631e0378153	net.zedge.android	0.000089	1	0	0
11858	67999687-466395-0-0	o-zavodah.ru	0.000008	1	0	0
13156	23821-142923-Mintegral-Match^20Hit^20-^20Puzzle^20Fighter	com.combo.matcher	0.000574	1	0	0
11904	33589789-233303-0-0	www.driver-helper.ru	0.000008	1	0	0
11909	24111355-1291364-0-0	readmanga.io	0.000008	1	0	0
13256	1-0	com.newnormalgames.phonecasediy	0.000089	1	0	0
12509	1103819-233690-0-0	vseprotruby.ru	0.000008	1	0	0
8592	33c295ce9190faa8752b25fa8c946fb5-988195575f5fdbb03	com.games.bottle	0.000089	1	0	0
11857	65101275-447162-0-0	www.fontanka.ru	0.000008	6	0	0
12512	476196-292318-0-0	onlayn-radio.ru	0.000008	1	0	0
11858	369305-1038-0-0	3dnews.ru	0.000008	1	0	0
13256	1-0	com.baldi.stickman.superhero.crimecity	0.000089	1	0	0
12507	42588489-331182-0-0	sitekid-ru.turbopages.org	0.000008	1	0	0
11857	1560494-344753-0-0	gazeta-ru.turbopages.org	0.000008	2	0	0
11909	7378703-147144-0-0	eadaily.com	0.000008	1	0	0
11864	8381155-722011-0-0	mag.103.by	0.000008	1	0	0
11858	1428778-62775-0-0	forum.littleone.ru	0.000008	1	0	0
12507	5092869-134625-0-0	echo.msk.ru	0.000008	2	0	0
8592	454fcdaa24c44c9dc25ff9bbbc32bc51-401842fc5368d078b	solitaire.classicgame.klondike.solitaire.freecard	0.000089	2	0	0
12507	523900-1312780-0-0	teleprogramma.pro	0.000008	1	0	0
11857	16951930-184419-0-0	kitchendecorium.ru	0.000072	2	0	0
12507	544535-187065-0-0	rusfermer-net.turbopages.org	0.000008	1	0	0
11909	1913085-81261-0-0	montecarlo.ru	0.000008	1	0	0
10009	4c59e3c1281387d81f6d2c76d0945fab-8a788a46fab50328f	1439776386	0.000089	3	0	0
12507	36882225-477278-0-0	secondstreet.ru	0.000008	1	0	0
12507	93736421-989341-0-0	kulinarenok-ru.turbopages.org	0.000008	1	0	0
12507	897795-259376-0-0	www.ixbt.com	0.000008	1	0	0
12507	473106-94916-0-0	anekdotov.net	0.000008	1	0	0
11857	87936520-601046-0-0	love.mail.ru	0.000008	9	0	0
12512	83501580-567835-0-0	khabar.kz	0.000008	1	0	0
12507	8562776-755140-0-0	m.iguides.ru	0.000008	1	0	0
11864	444832-78383-0-0	tragos.ru	0.000008	1	0	0
12507	4684670-155160-0-0	ogorod-ru.turbopages.org	0.000008	1	0	0
11858	75907078-522316-0-0	fotostrana.ru	0.000008	1	0	0
14057	44057-620855-0-0	terraria.fandom.com	0.000072	1	0	0
11909	2412782-419507-0-0	m.avito.ru	0.000008	4	0	0
11791	6f74b1d4b2ed506a17af3512d3fe8687-7a4768dd42d5d74b9	turkru.tv	0.000072	1	0	0
13256	1-0	com.jadogames.pickupbeta	0.000089	2	0	0
12512	51898059-1212039-0-0	doramy.top	0.000072	1	0	0
11904	4752014-510922-0-0	stroyguru.com	0.000008	3	0	0
11791	65bd063b3720d703fa73072dcabb277a-9c78d4358b08e3587	films36.zogonka.org	0.000008	1	0	0
12507	42455538-338401-0-0	proglib-io.turbopages.org	0.000008	1	0	0
13256	1-0	com.valentin.baldalive	0.000089	1	0	0
11909	25702679-191501-0-0	proshoper.ru	0.000008	1	0	0
11858	61657907-412960-0-0	www.wonderzine.com	0.000008	1	0	0
13266	1-0	com.easybrain.sudoku.android	0.000089	1	0	0
11858	93056858-757385-0-0	synapsenet.ru	0.000008	3	0	0
11865	47133396-290565-0-0	howtostore.ru	0.000008	1	0	0
11865	7378703-147144-0-0	eadaily.com	0.000008	1	0	0
12507	82862297-568515-0-0	dacha.help	0.000008	1	0	0
11868	1180293-56287-0-0	www.kaluga-poisk.ru	0.000008	2	0	0
12507	69891566-602765-0-0	udipedia-live.ru	0.000008	2	0	0
14051	15740-669630123-0-Tile^20Blast^20-^20Matching^20Puzzle^20Gam	com.glorygame.tileblast	0.000574	1	0	0
11858	5092869-134625-0-0	echo.msk.ru	0.000008	6	0	0
12507	7687782-448212-0-0	profile.ru	0.000008	8	0	0
11865	3916508-346148-0-0	pasyans.su	0.000008	1	0	0
12509	3090793-147280-0-0	pravoved.ru	0.000008	2	0	0
11909	1906677-93092-0-0	www.tomsk.ru09.ru	0.000008	1	0	0
13262	1-0	com.robtopx.geometryjumplite	0.000089	1	0	0
14051	15737-1017125893-0-0	com.openmygame.games.android.wordsearchsea	0.000574	8	0	0
12507	529992-8724-0-0	pribalt.info	0.000008	1	0	0
12507	471383-17418-0-0	www.bmwclub.ru	0.000008	1	0	0
11865	94975327-1284554-0-0	vortexnews.ru	0.000008	1	0	0
11864	6438395-248298-0-0	youla.ru	0.000008	5	0	0
11858	93836300-1210014-0-0	www.bolshoyvopros.ru	0.000008	1	0	0
11864	92614311-739883-0-0	newsland.com	0.000008	1	0	0
11858	1386626-586344-0-0	findanime.net	0.000072	1	0	0
11909	1921488-750468-0-0	gorod3466-ru.turbopages.org	0.000008	1	0	0
11904	84985050-579726-0-0	magadanpravda.ru	0.000008	1	0	0
12507	75744488-670015-0-0	fpmp39.ru	0.000008	1	0	0
11864	3849096-126345-0-0	www.gorodche.ru	0.000008	2	0	0
9864	0-216200-0-0	ren.tv	0.000072	1	0	0
12507	36493473-331129-0-0	primpress.ru	0.000072	3	0	0
12507	51468706-330066-0-0	vz-ru.turbopages.org	0.000008	1	0	0
11868	1728009-162266-0-0	www.1tv.ru	0.000008	1	0	0
12509	883984-55480-0-0	www.kinoafisha.info	0.000008	2	0	0
14056	0-216200-0-0	ren.tv	0.000072	1	0	0
11904	94975327-1284554-0-0	vortexnews.ru	0.000008	1	0	0
11865	4388234-87025-0-0	all4os.ru	0.000008	2	0	0
12507	1180293-56287-0-0	www.kaluga-poisk.ru	0.000008	1	0	0
11857	7687782-448212-0-0	profile.ru	0.000072	5	0	0
13256	1-0	id450722833	0.000089	2	0	0
11864	2443167-1232956-0-0	prorasteniya.com	0.000008	1	0	0
11864	1124250-54642-0-0	krsk.au.ru	0.000008	1	0	0
11909	30025181-246104-0-0	discover24-ru.turbopages.org	0.000008	1	0	0
11857	93507728-909160-0-0	blocked.mgts.ru	0.000008	1	0	0
9865	0-187544-0-0	terraria-calamity-mod.fandom.com	0.000072	1	0	0
12507	72896180-498580-0-0	www.babyplan.ru	0.000072	1	0	0
11858	1124250-54642-0-0	krsk.au.ru	0.000008	4	0	0
12509	8984986-205531-0-0	fermilon.ru	0.000008	1	0	0
13256	1-0	com.smokedstudios.csim2	0.000089	1	0	0
11858	31446184-207680-0-0	www.kdelo.ru	0.000008	1	0	0
11865	93335226-830873-0-0	www.eg.ru	0.000008	6	0	0
12507	2201084-344968-0-0	tarantas-news.turbopages.org	0.000008	1	0	0
12507	1557222-76801-0-0	basetop.ru	0.000008	4	0	0
11865	1310157-59673-0-0	darudar.org	0.000008	1	0	0
11904	32157426-433571-0-0	detskie-pesni.com	0.000008	1	0	0
13256	1-0	com.fingerlab.word.blockpuzzles	0.000089	4	0	0
11791	9df7f8c0217efca328edc86154acacfe-4f14277e401c6571d	com.money.run.hypercasual3d	0.000089	1	0	0
11908	414733-408287-0-0	samara.mebel24you.ru	0.000008	1	0	0
11864	6438395-149027-0-0	tv.mail.ru	0.000008	2	0	0
13256	1-0	com.solitaire.fun.free.klondike.cardgames.farm.friends	0.000089	1	0	0
11857	73163421-505330-0-0	enginehack.ru	0.000008	1	0	0
12507	980566-48186-0-0	dic.academic.ru	0.000008	1	0	0
12507	11648129-176547-0-0	iklife-ru.turbopages.org	0.000008	1	0	0
11864	65101275-578374-0-0	www.nn.ru	0.000008	3	0	0
11791	9df7f8c0217efca328edc86154acacfe-f1c75af72783c25d7	com.pencil.madness	0.000089	1	0	0
11905	1426764-126740-0-0	files.stroyinf.ru	0.000008	3	0	0
12507	1024057-50948-0-0	eva.ru	0.000008	1	0	0
11868	35650980-513061-0-0	ktv-ray.ru	0.000008	1	0	0
9864	0-187544-0-0	m.7days.ru	0.000072	1	0	0
12507	3293020-129367-0-0	popmech-ru.turbopages.org	0.000008	1	0	0
13256	1-0	id1501470520	0.000089	1	0	0
12507	5482593-340688-0-0	diabetsahar-ru.turbopages.org	0.000008	1	0	0
12507	3281497-226986-0-0	sport--express-ru.turbopages.org	0.000008	1	0	0
11857	87936520-601046-0-0	wap.love.mail.ru	0.000008	2	0	0
10717	26694-78203-0-0	ussurmedia.ru	0.000142	1	0	0
9866	0-187544-0-0	m.7days.ru	0.000072	2	0	0
13256	12883-0	puzzle.blockpuzzle.cube.relax	0.000089	1	0	0
12512	420776-1993-0-0	www.exler.ru	0.000008	1	0	0
12507	45819849-394784-0-0	pricheska-makiyazh.ru-best.com	0.000008	1	0	0
13256	1-0	com.mobiloids.waterpipespuzzle	0.000089	1	0	0
12512	42813817-276165-0-0	www.znak.com	0.000008	1	0	0
12507	64173066-443007-0-0	radiokp.ru	0.000008	1	0	0
8592	6b9522673289aaff45034591d5975ec3-41518d635cd08f692	com.betterforsol.solitaire.card.games.free	0.000089	1	0	0
12507	65101275-684050-0-0	starhit-ru.turbopages.org	0.000008	1	0	0
12509	65949452-777099-0-0	www.amic.ru	0.000008	1	0	0
12507	897669-56459-0-0	pikabu-ru.turbopages.org	0.000008	1	0	0
12507	91083793-1238392-0-0	jobeka.com	0.000008	1	0	0
11909	31588912-208679-0-0	masterok-remonta.ru	0.000008	1	0	0
9864	0-187544-0-0	spasibovsem.ru	0.000072	1	0	0
11857	36493473-331129-0-0	primpress.ru	0.000072	3	0	0
11858	9089148-257593-0-0	www.gtafans.ru	0.000072	1	0	0
8592	33c295ce9190faa8752b25fa8c946fb5-284c725f8fdc8706e	com.colobolo.chainball	0.000089	2	0	0
9866	0-187544-0-0	www.eg.ru	0.000072	1	0	0
12176	8083-0	com.qoni.guesstheiranswer	0.000574	1	0	0
12507	91848301-1249102-0-0	plodovie.ru	0.000008	1	0	0
13256	1-0	com.devuni.flashlight	0.000089	1	0	0
9864	0-187544-0-0	rossaprimavera.ru	0.000072	1	0	0
12507	8191107-155227-0-0	vkirove-ru.turbopages.org	0.000008	1	0	0
13256	1-0	limehd.ru.lite	0.000089	1	0	0
12509	65949452-453151-0-0	echo.msk.ru	0.000008	3	0	0
12803	0-215091-0-0	amedia.online	0.000574	8	0	0
11868	1560494-327099-0-0	travel.rambler.ru	0.000008	1	0	0
11868	65101275-579344-0-0	doctorpiter.ru	0.000008	1	0	0
12509	2918101-163843-0-0	www.u-mama.ru	0.000008	1	0	0
11864	6438395-152034-0-0	hi-tech.mail.ru	0.000008	10	0	0
13257	7579-0	com.imo.android.imoim	0.000089	1	0	0
12507	88328141-1259544-0-0	www.androeed.ru	0.000072	1	0	0
11791	10-844-0-0	vivo.ali-show.ru	0.000008	1	0	0
11904	46431776-287922-0-0	wh.reactor.cc	0.000008	1	0	0
13256	11595-0	com.narvii.amino.master	0.000089	1	0	0
11791	96e00b81195e8976bced116faf5f246c-5dad7dca1ba7b1de2	www.hobobo.ru	0.000072	1	0	0
8592	28f10bffd224c55498c9d8ce47f033f9-e1610e92227ee2384	com.turbo.stars	0.000089	1	0	0
11909	50054301-325932-0-0	ifreedom.su	0.000008	1	0	0
11857	3849096-126345-0-0	www.gorodche.ru	0.000008	4	0	0
12513	51898059-545916-0-0	autotonkosti.ru	0.000008	1	0	0
12507	92976814-782269-0-0	megaotkrytka-ru.turbopages.org	0.000008	2	0	0
11904	8157577-352414-0-0	love.ru	0.000008	1	0	0
11865	30570339-658622-0-0	moevideo.biz	0.000008	1	0	0
13251	1-0	id1340755176	0.000089	1	0	0
11864	1913056-81260-0-0	dfm.ru	0.000008	2	0	0
11860	53377211-676742-0-0	idd.expert	0.000008	1	0	0
11868	1412746-580826-0-0	www.litmir.me	0.000008	2	0	0
11791	817-4016-0-0	zetserial.online	0.000162	2	0	0
12507	45324596-283885-0-0	bugaga-ru.turbopages.org	0.000008	1	0	0
13680	40621-605301-0-0	xn----8sbb1bfghfbo9d.xn--p1ai	0.000007	1	0	0
12507	2201084-842821-0-0	pepelac.news	0.000008	1	0	0
13256	13818-0	id542339626	0.000089	1	0	0
14055	0-187544-0-0	doramy.top	0.000072	1	0	0
11909	974947-49517-0-0	9111-ru.turbopages.org	0.000008	2	0	0
11865	91025405-650271-0-0	inoeda.com	0.000008	1	0	0
11864	6438395-151802-0-0	auto.mail.ru	0.000008	2	0	0
11909	8656439-160953-0-0	2goroda.ru	0.000008	1	0	0
12507	36081621-470922-0-0	molokook-ru.turbopages.org	0.000008	1	0	0
11857	3429425-123112-0-0	www.dusterclubs.ru	0.000008	2	0	0
13256	1-0	metro.ins.com.metro	0.000089	1	0	0
12512	70390261-1242416-0-0	golosros.ru	0.000008	1	0	0
13256	12883-0	sandbox.pixel.number.coloring.book.page.art.free	0.000089	1	0	0
11858	51898059-628750-0-0	glavkniga.ru	0.000008	3	0	0
11858	38959772-261795-0-0	pasmi.ru	0.000008	1	0	0
11858	24111355-1291364-0-0	readmanga.io	0.000008	2	0	0
11864	67345123-626738-0-0	ideal-foods.ru	0.000008	1	0	0
13256	11849-0	id622434129	0.000089	1	0	0
13256	1-0	com.pcoloring.art.puzzle.color.by.number	0.000089	1	0	0
8592	454fcdaa24c44c9dc25ff9bbbc32bc51-b18114e7482ab211e	com.block.puzzle.game.hippo.mi	0.000089	1	0	0
14051	15740-3968801856-0-Woody^20Block：Endless^20Puzzle^20Ga	com.puzzlefun.blockgame	0.000574	1	0	0
11864	1348663-291581-0-0	stroysvoimirukami.ru	0.000008	1	0	0
11864	88339050-1294325-0-0	ladytizer.ru	0.000008	1	0	0
13266	12883-0	puzzle.blockpuzzle.cube.relax	0.000112	0	1	0
11909	937669-47906-0-0	www.rabochy-put.ru	0.000008	1	0	0
11905	93713816-1211034-0-0	rehouz.info	0.000008	1	0	0
11858	766011-59283-0-0	www.kadrovik-praktik.ru	0.000008	1	0	0
12507	8381155-722011-0-0	mag-103-by.turbopages.org	0.000008	1	0	0
13256	1-0	com.champion.cubes	0.000089	1	0	0
14056	0-187544-0-0	terraria-calamity-mod.fandom.com	0.000072	1	0	0
11865	4436289-991096-0-0	luxormed.ru	0.000008	1	0	0
12507	39077187-262482-0-0	teksty-pesenok.ru	0.000072	1	0	0
12507	893572-353097-0-0	lada-vesta-sw.ru	0.000008	1	0	0
12507	2960135-423317-0-0	konkurent.ru	0.000008	2	0	0
11909	36493473-331129-0-0	primpress.ru	0.000008	3	0	0
13256	10161-0	www.genius.com	0.000089	1	0	0
9013	41283-573827-0-0	daily-inform.ru	0.000061	1	0	0
11858	3984262-143115-0-0	bizorg.su	0.000008	1	0	0
11857	36493473-331594-0-0	konkurent.ru	0.000008	2	0	0
11791	c4aa8308a439098c2d94c3869e427d33-f1c75af72783c25d7	com.pencil.madness	0.000089	1	0	0
11905	2112549-91685-0-0	s30396721062.mirtesen.ru	0.000008	1	0	0
11904	3849096-126345-0-0	www.gorodche.ru	0.000008	2	0	0
12507	84095089-571613-0-0	news-obozrevatel-com.turbopages.org	0.000008	2	0	0
12507	49242787-322082-0-0	sport-nation.net	0.000008	1	0	0
12507	33530085-232061-0-0	yaroslavl.cian.ru	0.000008	1	0	0
13251	1-0	com.slfteam.moonbook	0.000089	1	0	0
11868	1412746-1311445-0-0	m.iamcook.ru	0.000008	2	0	0
13256	1-0	id1115318362	0.000089	1	0	0
11904	2412782-419506-0-0	www.avito.ru	0.000008	2	0	0
13256	1-0	onet.tile.match.puzzle.android	0.000139	2	2	0
13256	1-0	id1558654362	0.000089	1	0	0
12512	396626-1140-0-0	vologda.stroyportal.ru	0.000008	1	0	0
12507	7295714-153743-0-0	russian-rt-com.turbopages.org	0.000008	3	0	0
11857	70118384-853399-0-0	uteplix.com	0.000008	1	0	0
12509	65949452-542792-0-0	radiokp.ru	0.000008	4	0	0
13256	1-0	com.cloudycastlegames.wordline	0.000089	3	0	0
11909	61657907-412960-0-0	www.wonderzine.com	0.000008	1	0	0
11865	1113378-383215-0-0	manexpert.ru	0.000008	1	0	0
11864	31446184-207704-0-0	www.gazeta-unp.ru	0.000072	1	0	0
11858	1932193-96375-0-0	kemerovo.spravker.ru	0.000008	1	0	0
11864	1089500-149809-0-0	myslo.ru	0.000008	1	0	0
11905	471024-17376-0-0	forum.ners.ru	0.000008	1	0	0
13252	1-0	com.stickerstudio.text	0.000089	1	0	0
13256	1-0	cc.pacer.androidapp	0.000089	1	0	0
11865	40406530-608271-0-0	xn--80anjd4dyb.xn--p1ai	0.000008	2	0	0
11904	31446184-207704-0-0	www.gazeta-unp.ru	0.000008	1	0	0
8592	6b9522673289aaff45034591d5975ec3-2af0e4dd784c64dfc	com.loop.match3d	0.000089	2	0	0
11865	61657907-412959-0-0	www.spletnik.ru	0.000008	2	0	0
13256	3917-0	com.fusionmedia.investing	0.000089	5	0	0
11909	8379705-159020-0-0	smart-lab.ru	0.000008	1	0	0
11909	7773941-394386-0-0	avtoidei.ru	0.000008	1	0	0
12507	67632165-464019-0-0	kartaslov.ru	0.000008	2	0	0
8592	6b9522673289aaff45034591d5975ec3-fa8e616385e504c6a	com.blackout.bubble	0.000089	1	0	0
11904	16906968-215596-0-0	homius.ru	0.000008	1	0	0
12507	41675757-272024-0-0	drasler.ru	0.000008	1	0	0
12507	6383435-141301-0-0	www.vampodarok.com	0.000008	1	0	0
8592	8c45541eebee2adf6328c99ac225eaa8-e8dd3f142714ebb72	1482131986	0.000089	1	0	0
12507	36493473-331594-0-0	konkurent.ru	0.000008	10	0	0
11865	4081808-640586-0-0	betonstroika.ru	0.000008	1	0	0
13248	1-0	ru.topradio	0.000089	1	0	0
12507	68133542-467211-0-0	osnmedia-ru.turbopages.org	0.000008	1	0	0
12509	985920-49912-0-0	www.vidal.ru	0.000008	2	0	0
11905	369305-1038-0-0	3dnews.ru	0.000008	1	0	0
12507	2112549-91685-0-0	news.mirtesen.ru	0.000008	1	0	0
12507	8562776-751411-0-0	dni.ru	0.000008	1	0	0
11905	2362117-320299-0-0	www.bnkomi.ru	0.000008	1	0	0
11909	93836300-1210014-0-0	www.bolshoyvopros.ru	0.000008	1	0	0
12507	571882-179755-0-0	ru.armeniasputnik.am	0.000008	1	0	0
11860	45746419-284959-0-0	schlock.ru	0.000008	1	0	0
11857	3598907-329895-0-0	ntv-ru.turbopages.org	0.000008	1	0	0
12507	434286-67013-0-0	astroscope.ru	0.000008	1	0	0
12509	33530085-232061-0-0	krym.cian.ru	0.000008	1	0	0
11868	87276007-592219-0-0	www.mk.ru	0.000008	1	0	0
12507	2172096-752040-0-0	calcus.ru	0.000008	1	0	0
12507	60593289-405812-0-0	parcelsapp.com	0.000008	2	0	0
13256	10229-0	com.meitu.meiyancamera	0.000089	1	0	0
13256	1-0	com.mw.hd.mobile.mirror.pro	0.000089	1	0	0
12507	8562776-751706-0-0	www.kp.ru	0.000008	1	0	0
11904	36882225-529990-0-0	gamesisart.ru	0.000008	2	0	0
12512	3952122-285065-0-0	catfishing.ru	0.000008	1	0	0
11858	95025876-1281733-0-0	toplists.ru	0.000008	1	0	0
12507	3516547-124081-0-0	comfort--myhouse-ru.turbopages.org	0.000008	1	0	0
11909	41296583-270827-0-0	pol-exp.com	0.000008	1	0	0
13256	38558-0	com.megajoy.prisonbreak68	0.000089	1	0	0
11909	1532269-141463-0-0	kedem.ru	0.000008	1	0	0
11864	42813817-276165-0-0	www.znak.com	0.000008	8	0	0
11904	91624402-821997-0-0	fedpress.ru	0.000008	1	0	0
13156	25339-145132-Mintegral-Fidget^20Toys^203D^20-^20Fidget^20Cub	com.cdgames.fidget3d	0.000574	1	0	0
12507	45746419-284959-0-0	schlock.ru	0.000072	3	0	0
11904	36882225-267966-0-0	rusvesna.su	0.000008	1	0	0
11791	10-844-0-0	atmosferabc.ru	0.000008	1	0	0
12509	65949452-552089-0-0	www.penzainform.ru	0.000008	1	0	0
11864	3090793-147280-0-0	pravoved.ru	0.000008	2	0	0
12507	3046664-278919-0-0	sunhome-ru.turbopages.org	0.000008	1	0	0
12507	1374984-732752-0-0	sprashivalka.com	0.000008	1	0	0
12507	3293020-129405-0-0	cosmo-ru.turbopages.org	0.000008	3	0	0
12507	51741941-407511-0-0	chudo-udo.info	0.000008	1	0	0
11865	31979275-529605-0-0	skolko-krestikov.ru	0.000008	1	0	0
12507	92493306-733615-0-0	bez-makiyazha.ru	0.000008	1	0	0
11868	1560494-670776-0-0	mail.rambler.ru	0.000008	1	0	0
12507	1705243-195350-0-0	remstroiblog-ru.turbopages.org	0.000008	1	0	0
11909	650894-137154-0-0	www.reviewdetector.ru	0.000008	2	0	0
11857	5245904-135880-0-0	mooir.ru	0.000008	1	0	0
11864	6438395-147024-0-0	horo.mail.ru	0.000008	5	0	0
11865	5584162-138578-0-0	www.anekdot.ru	0.000008	1	0	0
11865	1600226-68252-0-0	cherepovec.bezformata.com	0.000008	1	0	0
12507	94100025-1212051-0-0	felomena.com	0.000072	2	0	0
11865	93891840-992149-0-0	vyboroved.ru	0.000008	1	0	0
13256	1-0	com.egp.fire.truck.rescue.robot.games	0.000089	1	0	0
11864	1846658-127884-0-0	dota2.ru	0.000008	2	0	0
11868	33162632-226336-0-0	newizv-ru.turbopages.org	0.000008	1	0	0
12507	5633386-138917-0-0	myslo.ru	0.000008	1	0	0
14051	15737-1017125893-0-0	com.games.joinblocks	0.000574	5	0	0
8592	454fcdaa24c44c9dc25ff9bbbc32bc51-3664e593dafe153ae	com.download.music_vk	0.000137	1	1	0
13256	1-0	jp.drsv.scooterspace	0.000089	1	0	0
11858	2412782-167915-0-0	www.domofond.ru	0.000008	1	0	0
11865	91231761-1236061-0-0	diokant.store	0.000008	2	0	0
11858	73222433-496671-0-0	d3.ru	0.000008	1	0	0
11868	50264598-333109-0-0	www.radio-megapolis.ru	0.000008	1	0	0
13256	1-0	greenballstudio.scanword_fan	0.000089	1	0	0
11858	69436445-474720-0-0	peopletalk.ru	0.000008	1	0	0
11865	68543924-531163-0-0	cars.av.by	0.000008	1	0	0
11909	49657268-323488-0-0	mastergrad.com	0.000008	1	0	0
11904	93110714-761020-0-0	www.defsmeta.com	0.000008	1	0	0
11868	51898059-1255444-0-0	www.holtv9.ru	0.000008	1	0	0
14037	pub236088034304-app258216147648-0-MINI^20Final	com.opera.mini.native	0.000112	1	0	0
11858	1801033-247350-0-0	mangalib.me	0.000072	1	0	0
11865	7975544-153745-0-0	tass.ru	0.000072	1	0	0
11858	87936520-601046-0-0	love.mail.ru	0.000008	3	0	0
11865	69816178-587108-0-0	etnoperm.ru	0.000008	2	0	0
12507	51898059-569211-0-0	4ege.ru	0.000008	1	0	0
12507	84512616-582315-0-0	litfest.ru	0.000008	1	0	0
11858	8389884-332956-0-0	eanews.ru	0.000008	1	0	0
11858	544535-243374-0-0	urexpert.online	0.000008	1	0	0
11865	6734741-154950-0-0	www.drive2.ru	0.000008	2	0	0
11858	3209987-216928-0-0	adreser.ru	0.000008	1	0	0
8592	6b9522673289aaff45034591d5975ec3-d10e248e3dbc3ccd2	com.gst.sandbox	0.000089	1	0	0
9865	0-216200-0-0	ren.tv	0.000072	2	0	0
11909	6438395-353890-0-0	tv.mail.ru	0.000008	1	0	0
13256	1-0	com.paopao.onet.deluxe.classic.animals.connect.original	0.000089	1	0	0
11858	39769321-506418-0-0	old.autopiter.ru	0.000008	3	0	0
12368	0-216200-0-0	ren.tv	0.000072	2	0	0
12507	64173066-444849-0-0	radiokp-ru.turbopages.org	0.000008	1	0	0
12513	65443695-449419-0-0	www.ok-magazine.ru	0.000008	2	0	0
11909	55975826-355893-0-0	domopravitelnitsa.com	0.000072	1	0	0
13156	23821-145585-Mintegral-I’m^20Bob	com.playstrom.bob	0.000574	1	0	0
11909	1718328-210972-0-0	cont.ws	0.000008	1	0	0
11857	1166165-66274-0-0	knitka.ru	0.000072	1	0	0
12507	92453275-732287-0-0	11novosti.ru	0.000008	1	0	0
13685	42435-605557-0-0	video.sibnet.ru	0.000061	1	0	0
11858	3786347-139391-0-0	psy-ru.org	0.000008	1	0	0
12509	6746465-142629-0-0	hh.ru	0.000008	2	0	0
12367	0-187544-0-0	danganronpa.fandom.com	0.000072	1	0	0
12507	1409206-62247-0-0	www.radiokot.ru	0.000008	1	0	0
11865	5431303-752077-0-0	ohotnik93.ru	0.000008	1	0	0
11864	6557105-250544-0-0	www.interfax.ru	0.000072	2	0	0
11858	40406530-608271-0-0	xn--80anjd4dyb.xn--p1ai	0.000008	1	0	0
11865	91517824-736212-0-0	boxkarton.ml	0.000008	1	0	0
11868	36882225-572773-0-0	paramountcomedy.ru	0.000008	1	0	0
12507	91623033-683453-0-0	chelyabinskaya-obl.irr.ru	0.000008	1	0	0
11868	471417-513993-0-0	10btc.ru	0.000008	1	0	0
11909	508343-159070-0-0	www.supersadovnik.ru	0.000008	3	0	0
13256	1-0	com.musicplayer.music	0.000089	2	0	0
11858	40879015-269713-0-0	cenyavto.com	0.000008	1	0	0
11864	7773941-487848-0-0	realika.ru	0.000008	1	0	0
8592	8f27ef061d24029e63803d59326dea0d-3dc575f1818c2272e	com.ketchapp.knifehit	0.000089	1	0	0
9866	0-187544-0-0	nversia.ru	0.000072	1	0	0
11857	91531139-701271-0-0	otdelkasten.com	0.000008	1	0	0
11909	3293020-129367-0-0	popmech-ru.turbopages.org	0.000008	1	0	0
12507	915668-233935-0-0	terrnews-com.turbopages.org	0.000008	1	0	0
13256	1-0	sort.ball.puzzle.color.match.puzzle.sorting	0.000089	1	0	0
11904	369305-1038-0-0	3dnews.ru	0.000008	2	0	0
11865	36340255-920889-0-0	expluataciya-holodilnika.ru	0.000008	1	0	0
8592	454fcdaa24c44c9dc25ff9bbbc32bc51-7a4297aca61688967	com.gafv.puzzle.game.classic.blockpuzzle.wood	0.000139	1	1	0
11909	1133796-430869-0-0	www.rulit.me	0.000008	1	0	0
11868	1412746-580208-0-0	m.iamcook.ru	0.000008	1	0	0
8592	6b9522673289aaff45034591d5975ec3-07297ccb66e0c1ae7	com.appcraft.number.puzzle	0.000089	1	0	0
11909	51606843-330728-0-0	femmie.ru	0.000008	1	0	0
11857	63633021-495300-0-0	rybkies.ru	0.000008	1	0	0
11864	65101275-576513-0-0	v1.ru	0.000008	1	0	0
12507	6734741-159080-0-0	drive-ru.turbopages.org	0.000008	1	0	0
12507	51452342-452088-0-0	abnews.ru	0.000008	2	0	0
8592	1beee90e506de5fc1e24fa033f213af5-4a98db655d70eee4d	1190849728	0.000089	1	0	0
12507	56603979-395450-0-0	chiptuner.ru	0.000008	1	0	0
11905	2251717-484541-0-0	misterklop.ru	0.000008	1	0	0
11865	49608361-418964-0-0	1000.menu	0.000008	1	0	0
12512	980566-48186-0-0	dic.academic.ru	0.000008	1	0	0
12507	8381155-721597-0-0	sb-by.turbopages.org	0.000008	1	0	0
13254	1-0	newsru.co.il	0.000089	1	0	0
12512	75495020-518849-0-0	summa-propisyu.ru	0.000008	1	0	0
13256	14934-0	mxplayer.in	0.000089	1	0	0
11864	1616975-142736-0-0	totalexpo.ru	0.000008	1	0	0
13156	1-com.MadOut.BIG-Appodeal^20SSP-MadOut2^20BCO	com.madout.big	0.000574	1	0	0
13256	1-0	com.shaiban.audioplayer.mplayer	0.000089	1	0	0
12507	34527282-272177-0-0	moskva.regreestr.com	0.000008	1	0	0
11865	3223322-754578-0-0	tur-gid.net	0.000008	2	0	0
12507	1789134-449660-0-0	emigrating.ru	0.000008	1	0	0
12509	16694044-184991-0-0	www.finam.ru	0.000008	2	0	0
8592	6b9522673289aaff45034591d5975ec3-363b86d97fcd4ab75	solitaire.puzzlemaker.solitaire.klondike.cardgame.patience	0.000089	2	0	0
12509	1869318-79310-0-0	fincalculator.ru	0.000008	1	0	0
11864	69492613-475158-0-0	www.dp.ru	0.000008	1	0	0
8592	fc9ee257780148f6fd98bd16bbb2d904-567e2a9eb8a055786	com.bettafishwallpaper.bullandro	0.000089	1	0	0
11857	24142277-191235-0-0	vyatka-grad.ru	0.000008	2	0	0
13256	1-0	com.gzl.drivebus.parking.game	0.000089	1	0	0
11858	65101275-577826-0-0	59.ru	0.000008	1	0	0
11857	1151239-249152-0-0	kupidonia.ru	0.000008	1	0	0
12507	9160476-322887-0-0	gogov.ru	0.000008	1	0	0
11905	6732883-142543-0-0	base.garant.ru	0.000008	1	0	0
12507	64787259-444503-0-0	domekonom.su	0.000008	1	0	0
11905	30415581-195397-0-0	sverdlovskayaoblast.flagma.ru	0.000008	1	0	0
12509	503611-30324-0-0	bataysk.blizko.ru	0.000008	1	0	0
11909	2308841-469460-0-0	babysongs.ru	0.000008	1	0	0
12507	37240261-429616-0-0	trkterra-ru.turbopages.org	0.000008	1	0	0
11865	54770757-1312675-0-0	xn----btbkutdbneel0i.xn--p1ai	0.000008	2	0	0
12507	49657268-323488-0-0	mastergrad-com.turbopages.org	0.000008	1	0	0
11864	2029124-87589-0-0	www.vzsar.ru	0.000008	1	0	0
11857	65101275-575586-0-0	m.love.ngs.ru	0.000008	1	0	0
13256	1-0	blockpuzzle.new1010.jewelgames.puzzlegames	0.000089	2	0	0
12507	915412-108160-0-0	1prime-ru.turbopages.org	0.000008	1	0	0
12507	45733288-671799-0-0	sports.uz	0.000008	1	0	0
13256	1-0	com.buffstudio.uwofficefree	0.000089	1	0	0
11858	34927579-459280-0-0	pochva.net	0.000008	1	0	0
