BidCostStat	2.5
2021-10-19
12176	9875-0	r.mradx.net	0.000834	1	1	0
12176	62-0	supernatural.fandom.com	0.000834	0	1	0
12176	18864-0	59.ru	0.000834	1	1	0
12176	1-0	reshak.ru	0.000834	0	1	0
12176	2391-0	www.mhealth.ru	0.000834	0	1	0
12176	6598-0	travelask.ru	0.000834	1	1	0
12176	1-0	amdm.ru	0.000834	0	1	0
12176	6598-0	roomble.com	0.000834	0	1	0
12176	18413-0	www.najzena.rs	0.000834	0	1	0
12176	8995-0	meduza.io	0.000834	1	1	0
12176	18864-0	29.ru	0.000834	0	1	0
12176	13349-0	uchebniki-rabochie-tetradi.com	0.000834	0	1	0
12176	1-0	www.ptwxz.com	0.000834	1	1	0
12176	18864-0	www.fontanka.ru	0.000773	1	1	0
12176	14978-0	www.futbin.com	0.000834	1	1	0
