BidCostStat	2.5
2021-11-05
11858	51898059-974103-0-0	gisher.org	0.000074	1	0	0
11865	92442305-731887-0-0	mynewslent.com	0.000008	1	0	0
11909	509780-287590-0-0	v102.ru	0.000008	1	0	0
11791	5620f5369c38b9d48759ca99e05110ab-58a79a966b8bee0ac	com.mgc.rope.hero	0.000096	1	0	0
11909	42813817-276165-0-0	www.znak.com	0.000008	1	0	0
12507	42813817-276165-0-0	znak-com.turbopages.org	0.000008	1	0	0
8592	68b46d282bfd1d35652e7b12e149b982-10de2f153d6cb6306	com.pyrogames.squidsniper3d	0.000096	1	0	0
11909	5050120-263444-0-0	gibddgai.ru	0.000008	1	0	0
11868	1560494-485869-0-0	lenta.ru	0.000074	1	0	0
11904	81098328-554206-0-0	ulan-ude.careerist.ru	0.000008	1	0	0
9866	0-216200-0-0	primamedia.ru	0.000582	1	0	0
11858	9509578-188213-0-0	tractorreview.ru	0.000008	1	0	0
11864	6438395-142108-0-0	e.mail.ru	0.000003	1	0	0
11857	81243776-574578-0-0	ru.memorize.vkam	0.000096	1	0	0
10049	10-844-0-0	biznew.site	0.000008	4	0	0
11791	10-844-0-0	biznew.site	0.000006	1	0	0
13256	1-0	com.bcsofts.colorlinesreborn	0.000096	1	0	0
12512	3809858-144718-0-0	xchess.ru	0.000008	1	0	0
11858	39777815-280116-0-0	com.easybrain.puzzles	0.000096	1	0	0
10009	10-844-0-0	biznew.site	0.000008	3	0	0
11909	66475862-459160-0-0	vostokmedia-com.turbopages.org	0.000008	1	0	0
13420	1679789-3ac01d1db9ad7303d1a63dc76b2f87ca-0-Match^203	com.loop.match3d	0.000096	1	0	0
10049	10-844-0-0	biznew.site	0.000004	1	0	0
12507	33277031-228362-0-0	www.jv.ru	0.000008	1	0	0
11909	93836300-1210014-0-0	www.bolshoyvopros.ru	0.000008	1	0	0
13252	1-0	com.oneblockmap.survivalskyblocks	0.000069	1	0	0
13266	1-0	com.karmangames.hearts	0.000096	1	0	0
11909	33397807-230529-0-0	tsargrad.tv	0.000008	1	0	0
12507	33397807-242671-0-0	tsargrad-tv.turbopages.org	0.000008	1	0	0
11865	46009201-455568-0-0	listaj.ru	0.000008	1	0	0
12507	48272767-989426-0-0	gb21perm-ru.turbopages.org	0.000008	2	0	0
11909	36882225-267966-0-0	rusvesna.su	0.000008	1	0	0
11865	54770757-709406-0-0	gnt24.ru	0.000008	1	0	0
13420	1222667-455838dad16cf70d46165928e8ffe823-0-Link^20An	com.noithu	0.000096	1	0	0
8592	8ed6f47b0c62c474dac96288928874a1-87e7b9c112b6575af	com.hey.color.number.coloring.paint	0.000096	1	0	0
13256	1-0	com.phonemaster.jewelhunter	0.000096	1	0	0
11860	71191770-486682-0-0	mainstyles.ru	0.001008	1	0	0
13266	1-0	mobi.smeshariki.pine	0.000096	1	0	0
11857	38661274-635651-0-0	mir-knigi.info	0.000008	1	0	0
11909	66475862-459160-0-0	56orb-ru.turbopages.org	0.000008	1	0	0
12507	504193-28011-0-0	zr-ru.turbopages.org	0.000008	1	0	0
11909	46070359-286282-0-0	super.ru	0.000008	1	0	0
11904	388665-162561-0-0	www.servicebox.ru	0.000008	1	0	0
11864	49905584-324706-0-0	sport24.ru	0.000008	1	0	0
13256	1-0	com.blockpuzzle.jewels.legend	0.000096	1	0	0
11791	10-844-0-0	in-fa.ru	0.000006	1	0	0
14037	462-120220966-0-NoxCleaner	com.noxgroup.app.cleaner	0.000119	1	0	0
11909	38661274-635651-0-0	mir-knigi.info	0.000008	1	0	0
12509	65949452-777073-0-0	tass.ru	0.000008	1	0	0
11857	36493473-331129-0-0	primpress.ru	0.000004	1	0	0
8592	1beee90e506de5fc1e24fa033f213af5-a4a13894d1643915b	com.gma.ball.sort.puzzle	0.000149	1	1	0
11864	2011141-131559-0-0	www.gismeteo.ru	0.000008	1	0	0
12507	3223322-490664-0-0	tehno--gid-net.turbopages.org	0.000008	1	0	0
11857	51468706-330066-0-0	m.vz.ru	0.000001	1	0	0
11858	1694625-291940-0-0	audioskazki-online.ru	0.000008	1	0	0
12507	51020038-328213-0-0	tvsamara-ru.turbopages.org	0.000008	1	0	0
11858	57648680-392466-0-0	onrealt.ru	0.000008	1	0	0
11909	2214953-342128-0-0	www.ural56.ru	0.000008	1	0	0
11868	1560494-208186-0-0	ru.ideast.championat	0.000024	1	0	0
11865	65101275-447110-0-0	63.ru	0.000008	1	0	0
11791	9df7f8c0217efca328edc86154acacfe-94c28057d0ed22edc	com.sir.racing.ultimatecardrivingsimulator	0.000096	1	0	0
13680	35566-608608-0-0	primpress.ru	0.000051	1	0	0
11858	39777815-266906-0-0	com.easybrain.sudoku.ios	0.000048	1	0	0
11909	30938911-206868-0-0	53news-ru.turbopages.org	0.000006	1	0	0
11864	6438395-142108-0-0	e.mail.ru	0.000007	1	0	0
13420	1012539-c209ecc44623610c2596b410e03617c8-0-DEAD^20TA	com.vng.g6.a.zombie	0.000096	1	0	0
12507	68133542-467211-0-0	osnmedia-ru.turbopages.org	0.000003	1	0	0
12507	915412-108160-0-0	1prime-ru.turbopages.org	0.000005	1	0	0
12507	72896180-498580-0-0	www.babyplan.ru	0.000074	1	0	0
12509	492185-414669-0-0	www.yuga.ru	0.000008	1	0	0
11865	91037825-706811-0-0	protechniky.ru	0.000008	1	0	0
11909	1178311-509134-0-0	proakkym.ru	0.000008	1	0	0
11909	897808-247369-0-0	aif-ru.turbopages.org	0.000008	1	0	0
12507	3223322-731820-0-0	mebel--expert-info.turbopages.org	0.000008	1	0	0
11857	3849096-126345-0-0	www.gorodche.ru	0.000005	1	0	0
12507	84160257-600994-0-0	catshere.ru	0.000008	1	0	0
13256	1-0	com.bigc.solitaire.spider	0.000096	1	0	0
10208	10-844-0-0	runovosti24.ru	0.000074	1	0	0
11858	9866563-170093-0-0	crimeapress.info	0.000008	1	0	0
8592	c5599b72f94872a7d65b4bed0d7b72ab-7876dc380472f64ef	com.playspare.watersort3d	0.000096	1	0	0
11858	91122342-653694-0-0	fanat1k.ru	0.000008	2	0	0
11909	4604244-609183-0-0	pogadayte.ru	0.000008	1	0	0
13256	1-0	com.infolink.limeiptv	0.000096	1	0	0
13256	1-0	com.word.riddles.brain.puzzlegame	0.000096	2	0	0
12507	95730696-1347443-0-0	gameson.ru	0.000007	1	0	0
11904	92442305-731887-0-0	mynewslent.com	0.000008	1	0	0
13898	b1b9356c7817b9fefcd8ce9cf8657872-1331564260-0-Yes^20	com.tgame.yesorno	0.000109	1	0	0
11868	48084745-293947-0-0	mediametrics.ru	0.000008	1	0	0
11865	24111355-1291364-0-0	readmanga.io	0.000008	1	0	0
13256	1-0	ddidev94.fishingweather	0.000096	1	0	0
12509	65949452-453595-0-0	rg.ru	0.000008	1	0	0
8592	70d374d66c472d64a7af5d9064635d9d-d0e954c7ae01cfac8	candymanor.homedesign.match3	0.000109	1	0	0
11791	f88892c498bb482d3cb7f61b5d3c9834-b9324fc63aec2ffba	com.gta.real.gangster.crime.two	0.000096	1	0	0
11904	335602-10175-0-0	www.redyarsk.ru	0.000008	1	0	0
12512	42813817-276165-0-0	www.znak.com	0.000008	1	0	0
12507	47018685-290050-0-0	m.1obl.ru	0.000008	1	0	0
11857	9144462-165736-0-0	molokov.tvguide	0.000012	1	0	0
13256	1-0	com.tile.match.connect.game	0.000149	1	1	0
11858	39030852-728714-0-0	kakhranit.ru	0.000008	1	0	0
11909	737991-54232-0-0	moe-online.ru	0.000002	1	0	0
11909	36493473-331129-0-0	primpress.ru	0.000018	1	0	0
11865	31398683-1291937-0-0	billiards-games.ru	0.000008	1	0	0
11857	1487103-116916-0-0	tmn.qlaster.ru	0.000008	1	0	0
8592	093bf3151cd085e19f7ac203cb48c778-57582773dc80933ed	1387897651	0.000096	1	0	0
11864	3599275-124827-0-0	www.pomnivoinu.ru	0.000008	1	0	0
10009	10-844-0-0	biznew.site	0.000005	1	0	0
12507	36882225-529990-0-0	gamesisart.ru	0.000007	1	0	0
13256	1-0	id1407852246	0.000128	1	1	0
11904	33245886-249016-0-0	spb.promindex.ru	0.000008	1	0	0
11857	50529880-327135-0-0	com.tomato.pasbayan	0.000094	1	0	0
8592	d175edc338fd33fa1c8c2da3918f86ef-0217c8afae9ebc530	com.outfit7.talkinggingerfree	0.000096	1	0	0
13256	1-0	com.mahjong.free.puzzlegame	0.000096	1	0	0
12507	570920-38708-0-0	news.vtomske.ru	0.000074	2	0	0
8592	093bf3151cd085e19f7ac203cb48c778-68482c17bfdc626b7	com.upperpik.hairchallenge	0.000096	1	0	0
14037	pub236088034304-app307992346304-0-OFA^20Final	com.opera.browser	0.000118	1	0	0
8592	be13a2699e74029344d6a0ad369d354e-c1924a966995f9d27	604044220	0.000096	1	0	0
12507	91437683-992150-0-0	setafi-com.turbopages.org	0.000008	1	0	0
12507	67632165-464019-0-0	kartaslov.ru	0.000008	2	0	0
11909	1906677-93092-0-0	m.tomsk.ru09.ru	0.000008	1	0	0
12507	478574-381897-0-0	gadgetok-ru.turbopages.org	0.000008	1	0	0
11865	54817670-462059-0-0	tale.su	0.000008	1	0	0
11857	39777815-455628-0-0	com.easybrain.blockudoku	0.000088	1	0	0
13256	3917-0	com.fusionmedia.investing	0.000096	1	0	0
13256	1-0	-	0.000096	1	0	0
12507	39468809-264423-0-0	business--class-su.turbopages.org	0.000005	1	0	0
8592	2c6fa275319f2ac7888559476603ff34-91bbe996017671890	com.mediaget.android	0.000096	1	0	0
10009	10-844-0-0	in-fa.ru	0.000008	3	0	0
11909	8562776-751706-0-0	www.kp.ru	0.000008	1	0	0
12512	335602-10175-0-0	www.redyarsk.ru	0.000008	1	0	0
10006	10-844-0-0	in-fa.ru	0.000008	8	0	0
11857	51452342-443163-0-0	moika78.ru	0.000008	2	0	0
8592	f92f603db3fedb815818d778c16fae4c-e42ee4511088276ac	com.mad.videovk	0.000096	1	0	0
11865	5092869-134625-0-0	echo.msk.ru	0.000008	1	0	0
8592	4cae5d72635ceaa0222a40f6e3d69f11-b14defbd12eea12a5	com.gramgames.tenten	0.000096	1	0	0
12507	82862297-569223-0-0	tvoi-setevichok.ru	0.000074	1	0	0
12507	7664547-442805-0-0	m--strana-ru.turbopages.org	0.000008	2	0	0
12507	38661274-635651-0-0	mir-knigi.info	0.000008	1	0	0
13256	1-0	com.jewels.gems.free.android	0.000096	1	0	0
12507	38661274-644362-0-0	knigi-audio.com	0.000074	1	0	0
11858	1023760-52282-0-0	bikepost.ru	0.000008	1	0	0
11857	2983481-409927-0-0	vklist.ru	0.000062	1	0	0
11857	57580809-392051-0-0	gorodglazov.com	0.000003	1	0	0
13410	1885296-a92eaf02843c53cc7d2b0ff453967424-0-Badoo^20-	com.badoo.mobile	0.000109	1	0	0
8592	aa2e59ae3e1b2aeb490e1fb747bcb28f-353e28f630f991ead	com.easybrain.nonogram.color	0.000096	1	0	0
11909	84014513-606774-0-0	octagon-media.turbopages.org	0.000008	1	0	0
12507	5350121-136704-0-0	football.kulichki.net	0.000008	2	0	0
13256	1-0	com.seyeonsoft.diary	0.000096	1	0	0
11865	54770757-427234-0-0	asp.sk-newtime.ru	0.000008	1	0	0
10049	10-844-0-0	in-fa.ru	0.000008	5	0	0
11791	10-844-0-0	in-fa.ru	0.000008	10	0	0
11857	5092869-134625-0-0	echo.msk.ru	0.000008	1	0	0
11857	54709207-553976-0-0	com.fugo.solitaire.cardgame	0.000096	1	0	0
12507	3223322-746020-0-0	agronom-guru.turbopages.org	0.000008	1	0	0
12507	7632479-217147-0-0	politexpert.net	0.000008	2	0	0
14037	pub236088034304-app307992346304-0-OFA^20Final	com.opera.browser	0.000115	1	0	0
11905	2112549-91685-0-0	opolitike.mirtesen.ru	0.000008	1	0	0
11857	70028346-493246-0-0	ezoterkin.ru	0.000008	1	0	0
12507	92928962-752036-0-0	animego.org	0.000074	1	0	0
12507	8240866-155688-0-0	belnovosti-by.turbopages.org	0.000008	1	0	0
12507	1801033-247350-0-0	mangalib.me	0.000024	1	0	0
12507	3293020-125354-0-0	goodhouse-ru.turbopages.org	0.000004	1	0	0
11858	38661274-755113-0-0	online-knigi.com.ua	0.000008	1	0	0
12507	1114383-242664-0-0	avtonovostidnya-ru.turbopages.org	0.000008	1	0	0
12509	933211-335831-0-0	www.ball-8.ru	0.000008	1	0	0
12509	65949452-453151-0-0	echo.msk.ru	0.000008	2	0	0
11909	87276007-592219-0-0	www.mk.ru	0.000074	3	0	0
11909	504193-28011-0-0	www.zr.ru	0.000008	2	0	0
13256	1-0	com.ucdevs.jcross	0.000096	2	0	0
11909	43061655-276631-0-0	m.vz.ru	0.000008	1	0	0
11868	56663774-593163-0-0	ktv-ray.ru	0.000008	1	0	0
11868	75907078-655460-0-0	ru.photostrana.mobile	0.000096	1	0	0
11868	8240168-505071-0-0	ru.thousandcardgame.android	0.000096	2	0	0
11857	974947-49517-0-0	9111-ru.turbopages.org	0.000008	2	0	0
12507	91235966-660718-0-0	lifehacker-ru.turbopages.org	0.000008	1	0	0
12507	7687782-411447-0-0	www.fresh.ru	0.000008	1	0	0
11857	3293020-125354-0-0	www.goodhouse.ru	0.000008	1	0	0
11857	3090793-147280-0-0	pravoved.ru	0.000008	1	0	0
10009	1a1e574e9702216c640af8d1c8ba1056-4e47b6e56f4122ad3	1514542157	0.000096	1	0	0
11905	30415581-195397-0-0	flagma.ru	0.000008	1	0	0
10009	10-844-0-0	bydstroi.ru	0.000003	1	0	0
11858	57648680-392466-0-0	onrealt.ru	0.000007	1	0	0
12507	8240866-155688-0-0	www.belnovosti.by	0.000006	1	0	0
12507	1041287-136866-0-0	trendymen.ru	0.000004	1	0	0
12507	47693966-667747-0-0	sorokoviny.ru	0.000008	1	0	0
12507	476196-292318-0-0	onlayn-radio.ru	0.000008	2	0	0
12507	65101275-577826-0-0	59.ru	0.000008	1	0	0
11857	1445456-330233-0-0	limehd.ru.lite	0.000109	1	0	0
10009	10-844-0-0	bydstroi.ru	0.000008	1	0	0
11865	915412-108160-0-0	1prime.ru	0.000008	1	0	0
11858	40879015-268596-0-0	naavtotrasse.ru	0.000008	1	0	0
11909	90484702-639713-0-0	turistas-me.turbopages.org	0.000008	1	0	0
11909	62044202-763219-0-0	building-info.ru	0.000008	1	0	0
12507	32810368-417522-0-0	russian-rt-com.turbopages.org	0.000004	1	0	0
11909	95091700-1331102-0-0	best--mix-ru.turbopages.org	0.000008	1	0	0
11857	5092531-241790-0-0	ura-news.turbopages.org	0.000001	1	0	0
11905	1167633-53619-0-0	calorizator.ru	0.000008	1	0	0
11909	36143836-272894-0-0	car-ru.turbopages.org	0.000008	1	0	0
11868	65101275-476013-0-0	ru.ngs.ngs	0.000096	1	0	0
11904	5878455-139705-0-0	recepty.7dach.ru	0.000074	1	0	0
11909	33397807-230529-0-0	rostov.tsargrad.tv	0.000008	1	0	0
11857	3849096-126345-0-0	www.gorodche.ru	0.000004	1	0	0
11905	52535961-573192-0-0	social.rt.com	0.000008	1	0	0
11865	61657907-412959-0-0	m.spletnik.ru	0.000008	2	0	0
11858	1386626-1294341-0-0	readmanga.io	0.000008	1	0	0
11857	2013471-87094-0-0	onlinetestpad.com	0.000003	1	0	0
11868	498578-196262-0-0	kp-ru.turbopages.org	0.000008	2	0	0
11868	71813031-545728-0-0	www.gismeteo.ru	0.000008	8	0	0
8592	2c6fa275319f2ac7888559476603ff34-95d7a80352016b0b1	com.lihuhu.woodblockmerger	0.000096	1	0	0
11868	71813031-545728-0-0	www.gismeteo.ru	0.000004	1	0	0
13256	1-0	id997362197	0.000075	1	0	0
11909	95406672-1330312-0-0	tootsy.ru	0.000008	1	0	0
9866	0-216200-0-0	www.lentainform.com	0.000056	1	0	0
12509	1202504-330212-0-0	skolkogramm.ru	0.000008	1	0	0
12507	509629-29789-0-0	rg.ru	0.000008	1	0	0
9865	0-216200-0-0	www.drive.ru	0.000074	1	0	0
11909	498578-196262-0-0	kp-ru.turbopages.org	0.000008	1	0	0
11865	38597905-260645-0-0	transportspb.com	0.000008	1	0	0
12507	65101275-575586-0-0	m.forum.ngs.ru	0.000008	1	0	0
11857	1445456-330233-0-0	limehd.ru.lite	0.000011	1	0	0
13256	1-0	com.crazylabs.sausage.run	0.000096	1	0	0
10208	d02ff298d7e9598c6b823222406f7da7-614518624782ea698	www.avtoradio.ru	0.001008	1	0	0
11858	1055963-816214-0-0	spac1.net	0.000004	1	0	0
12507	4684670-155160-0-0	ogorod-ru.turbopages.org	0.000008	1	0	0
11857	61888675-417677-0-0	brod.kz	0.000008	1	0	0
8592	615efb29b37bfafb5fa5525df2d9932a-b650bf529567f38e9	1502227743	0.000096	1	0	0
11857	33397807-230529-0-0	tsargrad-tv.turbopages.org	0.000008	1	0	0
13256	1-0	info.secondreality.fishingbaron	0.000096	1	0	0
12507	997092-142443-0-0	travelask.ru	0.000008	1	0	0
11868	1075270-104044-0-0	sec.reshmat.ru	0.000008	1	0	0
8669	10-844-0-0	in-fa.ru	0.000003	1	0	0
11865	6470026-1225601-0-0	sochi24.tv	0.000008	1	0	0
12507	94848661-1268895-0-0	povar-ru.turbopages.org	0.001008	1	0	0
11905	440544-5782-0-0	ruskino.ru	0.000008	1	0	0
13420	2846799-decfc8a88d7611868a4cb130032a8b48-0-Liquid^20	com.picolaf.liquidsortpuzzle	0.000096	1	0	0
11864	6438395-147025-0-0	my.mail.ru	0.000008	1	0	0
10049	10-844-0-0	in-fa.ru	0.000012	1	1	0
12507	7517911-148375-0-0	5--tv-ru.turbopages.org	0.000008	2	0	0
8592	b45507412168a5c2d02f57939816abeb-c48e01bb0013d0805	com.superbox.aos.fire2048	0.00009	1	0	0
12507	60593289-405812-0-0	parcelsapp.com	0.000007	1	0	0
13256	1-0	com.pixign.premium.coloring.book	0.000096	1	0	0
12507	69891566-602765-0-0	udipedia-live.ru	0.000008	1	0	0
12507	94992061-1279309-0-0	news102.ru	0.000008	2	0	0
8592	6efbddfa9f7e6a4a22af892072781953-24f09d1af4cdbb7c9	com.match3d.matchtriple3d.tilemaster	0.000096	1	0	0
11865	18373836-1324321-0-0	podborkino.com	0.000008	1	0	0
11909	71195898-486717-0-0	mbib.ru	0.000008	1	0	0
8592	2c6fa275319f2ac7888559476603ff34-8740e463c09db9c21	wp.wattpad	0.000096	1	0	0
12507	14477514-740793-0-0	sib-fm.turbopages.org	0.000008	1	0	0
11858	24121608-484795-0-0	forum.valetudo.ru	0.000008	1	0	0
13420	14412-e10f5ad9af2b7988b94a506726d32032-0-Angry^20Bir	com.rovio.angrybirdsfriends	0.000096	1	0	0
11868	1322075-207738-0-0	fb.ru	0.000008	1	0	0
12507	50521278-327084-0-0	360tv-ru.turbopages.org	0.000008	1	0	0
11857	39777815-675840-0-0	com.easybrain.art.puzzle	0.000096	1	0	0
11904	448817-45172-0-0	gotovim-doma.ru	0.000008	1	0	0
12512	51898059-1212039-0-0	doramy.top	0.000074	1	0	0
11857	36493473-331594-0-0	konkurent.ru	0.000008	2	0	0
12507	7236874-245014-0-0	privetpeople-ru.turbopages.org	0.000008	1	0	0
11909	62068039-463641-0-0	avoka.do	0.000008	1	0	0
11865	54770757-1313230-0-0	xn----btbkutdbneel0i.xn--p1ai	0.000008	1	0	0
11865	498578-26254-0-0	www.kp.ru	0.000008	1	0	0
8592	0b34674083a20231af59488de164fcd0-ef57cdd6d35617986	1462401086	0.000089	1	0	0
8592	f243a5c3c8dc51015e0f2a02562234e8-f2f9f9009e872cc7d	com.ketchapp.knifehit	0.000096	1	0	0
11865	91778783-709725-0-0	masterfibre03.ru	0.000004	1	0	0
11857	36986173-534173-0-0	com.whisperarts.kids.breastfeeding	0.000096	1	0	0
8592	61115a6a86f6dee7251980a9d315c0b9-4cf6be484a27c6113	com.gym.racegame	0.000096	1	0	0
11857	3849096-126345-0-0	www.gorodche.ru	0.000001	2	0	0
11909	3293020-129367-0-0	popmech-ru.turbopages.org	0.000008	1	0	0
12507	36493473-331129-0-0	primpress.ru	0.000007	1	0	0
13256	1-0	com.tomato.pasbayan	0.000096	1	0	0
8592	d175edc338fd33fa1c8c2da3918f86ef-0217c8afae9ebc530	com.outfit7.talkinggingerfree	0.000081	1	0	0
11858	1216716-384205-0-0	zakupki-kontur.ru	0.000008	1	0	0
11868	965566-175007-0-0	nplus1.ru	0.000008	1	0	0
12512	24111355-1291364-0-0	readmanga.io	0.000008	1	0	0
11860	89527345-623512-0-0	oboiman.ru	0.000008	1	0	0
12513	65101275-447180-0-0	pogoda.e1.ru	0.000008	2	0	0
11904	32781733-221907-0-0	stavropol.move.ru	0.000008	1	0	0
12509	91864171-708690-0-0	www.vesti.ru	0.000008	1	0	0
12507	30952014-579430-0-0	punkt--a-info.turbopages.org	0.000006	1	0	0
11868	504193-28011-0-0	zr-ru.turbopages.org	0.000008	1	0	0
12507	49274173-447072-0-0	n--e--n-ru.turbopages.org	0.000008	1	0	0
12507	1124250-54642-0-0	krsk.au.ru	0.000008	1	0	0
11865	9577719-990556-0-0	vk-look.com	0.000008	1	0	0
14146	42666-622170-0-0	profile.ru	0.000074	1	0	0
13256	1-0	com.mimisoftware.emojicreatoremoticonosemoticones	0.000096	1	0	0
11857	39777815-954613-0-0	com.easybrain.number.puzzle.game	0.000109	1	0	0
12507	3573409-267229-0-0	mebel-exp.info	0.000008	1	0	0
11905	2004221-94787-0-0	berkat.ru	0.000074	1	0	0
11857	50529880-338643-0-0	com.tomato.scanword.collection	0.000069	1	0	0
12509	9382999-183136-0-0	m.leboard.ru	0.000008	1	0	0
11909	6438395-457268-0-0	youla.ru	0.000008	1	0	0
11905	93683367-979907-0-0	aktnews.ru	0.000004	1	0	0
11865	40406530-608271-0-0	xn--80anjd4dyb.xn--p1ai	0.000008	1	0	0
12507	31446184-207688-0-0	trudohrana-ru.turbopages.org	0.000008	1	0	0
11864	56953682-478194-0-0	www.inmyroom.ru	0.000008	1	0	0
13256	1-0	com.rejoy.block.logic	0.000096	1	0	0
11905	503611-30324-0-0	rostov.blizko.ru	0.000003	1	0	0
11864	6438395-147025-0-0	my.mail.ru	0.000001	1	0	0
8592	2c6fa275319f2ac7888559476603ff34-5bf75ae2a128a37d1	jigsaw.hexa.boombox	0.000096	2	0	0
11791	10-844-0-0	bydstroi.ru	0.000008	2	0	0
11865	4438373-129798-0-0	xn----ctbsbazhbctieai.ru-an.info	0.000008	1	0	0
11909	6438395-561690-0-0	auto-mail-ru.turbopages.org	0.000008	1	0	0
12507	4436289-425860-0-0	yomed.ru	0.000008	1	0	0
11857	5092531-223754-0-0	m.ura.news	0.000006	1	0	0
10009	41b3cb8776bb080007be6e0c435825c6-b8aeaba1ace4758bc	510153374	0.000096	2	0	0
11858	1728009-162266-0-0	www.1tv.ru	0.000008	1	0	0
12509	4817705-131942-0-0	www.u-mama.ru	0.000006	1	0	0
12507	37098483-256588-0-0	oktools.ru	0.000008	2	0	0
11857	728568-82840-0-0	lovefond.ru	0.000008	1	0	0
11909	7929179-953725-0-0	mult.tv	0.000007	1	0	0
11868	1864612-501080-0-0	dobrogoutra.ru	0.000008	1	0	0
12509	61048825-408907-0-0	vedom.ru	0.000008	1	0	0
11857	9627859-521185-0-0	com.zimad.magicword	0.000096	2	0	0
12507	897669-56459-0-0	pikabu-ru.turbopages.org	0.000008	1	0	0
11857	39777815-954613-0-0	com.easybrain.number.puzzle.game	0.000096	2	0	0
12507	56953682-526860-0-0	food.inmyroom.ru	0.000008	1	0	0
10009	10-844-0-0	bydstroi.ru	0.000012	1	1	0
11868	19595962-187721-0-0	www.kommersant.ru	0.000074	1	0	0
10208	10-844-0-0	biznew.site	0.000008	5	0	0
11865	30552953-203602-0-0	data-vykhoda.ru	0.000003	1	0	0
11865	36494725-252049-0-0	zab.ru	0.000008	1	0	0
13256	1-0	com.hyperbeard.catopia	0.000096	1	0	0
11909	32657900-220340-0-0	iz-ru.turbopages.org	0.000008	1	0	0
12507	64297897-441824-0-0	spasibovsem-ru.turbopages.org	0.000008	1	0	0
11905	19652095-989223-0-0	namenu.ru	0.000008	1	0	0
11868	94967137-1288536-0-0	com.codevs.firstappmozg	0.000096	1	0	0
13420	1026895-9ce73f001e94b1afa7f6d3ff63bbb626-0-Kick^20th	com.playgendary.kickthebuddy	0.000096	1	0	0
11865	12295891-177672-0-0	obninsk.name	0.000008	2	0	0
12507	3293020-125354-0-0	goodhouse-ru.turbopages.org	0.000008	2	0	0
11857	38748038-260973-0-0	www.bashinform.ru	0.000004	1	0	0
11864	11393977-175920-0-0	newslab.ru	0.000008	1	0	0
13256	1-0	com.fingerlab.word.blockpuzzles	0.000149	1	1	0
12507	5314155-136380-0-0	dni-ru.turbopages.org	0.000008	1	0	0
11905	7969546-601900-0-0	syuyumbike.ru	0.000008	1	0	0
8592	2c6fa275319f2ac7888559476603ff34-7a2eb55e765689f56	bubble.escape	0.000096	1	0	0
11860	5706550-281826-0-0	ren.tv	0.000008	1	0	0
12507	51526388-237403-0-0	povarenok-ru.turbopages.org	0.000008	1	0	0
8592	2c6fa275319f2ac7888559476603ff34-dfb2550984dc99aed	com.rs.explorer.filemanager	0.000096	1	0	0
13988	3980626193-1946810047-0-0	muzonovs.ru	0.001008	1	0	0
10208	10-844-0-0	bydstroi.ru	0.000008	5	0	0
12507	7687782-1346645-0-0	infozoid.ru	0.000008	1	0	0
11868	1560494-225219-0-0	news-rambler-ru.turbopages.org	0.000008	1	0	0
8592	18755fa7b1f3741715cd1f7d99533ac4-3110464737921cc81	game.bubble.shooter.dragon.pop	0.000096	1	0	0
11909	93087228-768550-0-0	www.expertcen.ru	0.000008	1	0	0
11909	1029848-190974-0-0	krovlyakrishi.ru	0.000008	1	0	0
13256	1-0	com.tayu.tau.pedometer	0.000096	1	0	0
13256	1-0	com.solitaire.fish.klondike.card.aquarium	0.000096	1	0	0
11857	56336832-381479-0-0	m.tabor.ru	0.000008	2	0	0
11857	62068039-416384-0-0	bus.vse42.ru	0.000008	1	0	0
11857	50529880-338643-0-0	com.tomato.scanword.collection	0.000068	1	0	0
12507	1167633-53619-0-0	calorizator-ru.turbopages.org	0.000006	2	0	0
12507	89459135-727922-0-0	gp--prsmah-ru.turbopages.org	0.000008	1	0	0
10009	c5599b72f94872a7d65b4bed0d7b72ab-7876dc380472f64ef	com.playspare.watersort3d	0.000096	1	0	0
14144	4121887983-3009202577-0-0	blitz.plus	0.001008	1	0	0
11858	39777815-266906-0-0	com.easybrain.sudoku.ios	0.000096	2	0	0
11909	7687782-448212-0-0	profile.ru	0.000074	1	0	0
11865	4908132-70775-0-0	www.photorecept.ru	0.000008	1	0	0
11791	ae5cdab6adb51712c71a039cc1ae5f46-1278ac6249e3c0a6c	com.raspberryapp.russian_films	0.000096	1	0	0
13266	1-0	com.maxxt.pcradio	0.000096	1	0	0
11909	3849512-125905-0-0	www.liveinternet.ru	0.000002	1	0	0
11865	41296583-270827-0-0	pol-exp.com	0.000008	1	0	0
11909	66475862-459160-0-0	atas-info.turbopages.org	0.000006	1	0	0
10006	10-844-0-0	biznew.site	0.000008	1	0	0
13256	1-0	com.skgames.trafficrider	0.000096	1	0	0
8592	70d374d66c472d64a7af5d9064635d9d-d0e954c7ae01cfac8	candymanor.homedesign.match3	0.000076	1	0	0
11904	93546597-919831-0-0	spb.mk.ru	0.000074	1	0	0
13256	1-0	com.bitmango.go.bunnypopbubble	0.000149	1	1	0
11865	43368662-278094-0-0	podrobno.uz	0.000008	1	0	0
12507	30570339-658609-0-0	7days.ru	0.000074	1	0	0
11858	51526388-159406-0-0	www.stranamam.ru	0.000008	1	0	0
12507	78925847-636653-0-0	list-vk.com	0.000008	1	0	0
11858	4817705-131942-0-0	www.u-mama.ru	0.000008	1	0	0
8592	01c805c53049664e9e27430ecb979458-62baf5521f553a3b3	1532189895	0.000096	1	0	0
11858	1801033-247350-0-0	mangalib.me	0.000074	1	0	0
11860	3047150-358127-0-0	bakdar.org	0.000004	1	0	0
8592	5a4e6f1a78fd3304d40336db5c3d6550-8e849a4a624a810a2	com.onelion.newcrane	0.000096	1	0	0
12507	5373718-210050-0-0	xn----9sbgsqkhcu7ah.turbopages.org	0.000008	1	0	0
8592	4cae5d72635ceaa0222a40f6e3d69f11-4e3f8a8289992b5f0	com.gramgames.london.tentencolor	0.000096	1	0	0
12507	10199885-328870-0-0	autotuning.expert	0.000008	1	0	0
13256	1-0	com.lyoomatch.glowpuzzleblock.blockgame	0.000096	1	0	0
10009	3bbe220490b7408c237aa4754dc4dafb-7b04af80dcddf11c6	com.vive.riderleague	0.000096	2	0	0
12507	915412-108160-0-0	1prime-ru.turbopages.org	0.000003	1	0	0
11858	438943-6419-0-0	www.startfilm.ru	0.000024	1	0	0
11865	91778783-709725-0-0	masterfibre03.ru	0.000008	1	0	0
12507	94090555-1211309-0-0	praca.by	0.000008	1	0	0
11864	6438395-152034-0-0	hi-tech.mail.ru	0.000008	2	0	0
11857	87936520-601046-0-0	love.mail.ru	0.000008	3	0	0
11909	56953682-478194-0-0	www.inmyroom.ru	0.000008	1	0	0
13420	43305-5fe0fc57f9a3a96e048dba6238359dfb-0-MORTAL^20KO	com.wb.goog.mkx	0.000096	1	0	0
11857	31734734-354099-0-0	m.tabor.ru	0.000007	1	0	0
11909	3849096-126345-0-0	www.gorodche.ru	0.000008	1	0	0
12507	89739637-985800-0-0	coronavirus-control.ru	0.000008	1	0	0
13256	1-0	com.cloudycastlegames.wordline	0.000096	4	0	0
11857	95025195-1281649-0-0	com.swiftsoft.anixartx	0.000096	1	0	0
11865	16531335-183936-0-0	optlist.ru	0.000008	1	0	0
8660	4218-75887-0-0	animedub.ru	0.000882	1	0	0
12507	43592429-644519-0-0	poparimsya-com.turbopages.org	0.000008	1	0	0
12507	36882225-268047-0-0	cont.ws	0.000008	1	0	0
8592	2c6fa275319f2ac7888559476603ff34-2c2b72527705d11d2	jp.icepop.steppuzzle	0.000109	1	0	0
11857	7687782-448212-0-0	profile.ru	0.000002	1	0	0
11904	5510286-138138-0-0	razlozhi.ru	0.000007	1	0	0
13256	1-0	com.solitaire.fun.free.klondike.cardgames.farm.friends	0.000096	1	0	0
11909	69891566-602765-0-0	udipedia-news.ru	0.000008	1	0	0
11865	93335226-830873-0-0	www.eg.ru	0.000007	1	0	0
8592	d175edc338fd33fa1c8c2da3918f86ef-d678a6eeb4619ddde	com.cats.kids_cars	0.000096	1	0	0
11864	1250271-565421-0-0	peterburg2.ru	0.000008	1	0	0
12509	65949452-515704-0-0	teleprogramma.pro	0.000006	1	0	0
11904	3953072-127897-0-0	baikal24.ru	0.000008	1	0	0
13256	1-0	sortpuz.water.sort.puzzle.game	0.000018	1	0	0
12512	52902843-579520-0-0	www.meteovesti.ru	0.000008	1	0	0
11865	30570339-653854-0-0	moevideo.biz	0.000008	1	0	0
12512	89760852-626594-0-0	www.rospt.ru	0.000008	1	0	0
11905	47029973-694123-0-0	oko-planet.su	0.000008	1	0	0
12507	1180293-244437-0-0	cher--poisk-ru.turbopages.org	0.000008	1	0	0
11857	3293020-129405-0-0	www.cosmo.ru	0.000008	1	0	0
11864	6438395-142108-0-0	e.mail.ru	0.000006	1	0	0
11860	51898059-1273905-0-0	avtozakony.ru	0.000008	1	0	0
11858	407197-91828-0-0	burdastyle.ru	0.000008	1	0	0
12507	845311-45272-0-0	rosbalt-ru.turbopages.org	0.000008	1	0	0
11864	17831135-192625-0-0	vashumnyidom.ru	0.000008	1	0	0
13901	ddf77e1bf10f358f050211f59e4b6b71-3842892088-0-Brid	1590314550	0.000109	1	0	0
9866	0-216200-0-0	308.howto-news.info	0.000074	1	0	0
11909	6438395-353896-0-0	lady.mail.ru	0.000008	1	0	0
12507	68133542-467211-0-0	osnmedia-ru.turbopages.org	0.000008	3	0	0
11909	1848013-444350-0-0	privet-rostov.ru	0.000006	1	0	0
12507	49849497-1288459-0-0	zensovet-ru.turbopages.org	0.000008	1	0	0
11868	8240168-514831-0-0	com.thousandcardgame.android.huawei	0.000096	1	0	0
11909	7636277-155044-0-0	ohfashion.ru	0.000008	1	0	0
11905	537984-72590-0-0	www.iamcook.ru	0.000008	1	0	0
11857	50363257-326567-0-0	m.loloo.ru	0.000008	1	0	0
11858	369305-1038-0-0	3dnews.ru	0.000008	1	0	0
11857	50529880-338643-0-0	com.tomato.scanword.collection	0.000096	9	0	0
12507	54895708-346889-0-0	rusonline.org	0.000008	1	0	0
11909	1250271-564614-0-0	110km.ru	0.000008	1	0	0
11857	464493-334381-0-0	ru.mamba.client	0.000096	2	0	0
12507	93736421-989340-0-0	kylinariya.ru	0.000008	2	0	0
11857	65101275-446888-0-0	www.ellegirl.ru	0.000008	2	0	0
13256	1-0	com.whatsweb.statussaver.webwhatscan	0.000096	1	0	0
12507	36493473-331129-0-0	primpress.ru	0.000008	8	0	0
8592	2c6fa275319f2ac7888559476603ff34-d76fb90e75a7b19aa	com.cscmobi.merge.plant	0.000068	1	0	0
12507	3293020-129405-0-0	www.cosmo.ru	0.000008	2	0	0
11858	53005446-335356-0-0	nhl.ru	0.000008	1	0	0
8592	2c6fa275319f2ac7888559476603ff34-9b09f167e09884480	com.tilemaster.puzzle.block.match	0.000096	1	0	0
8592	2c6fa275319f2ac7888559476603ff34-d76fb90e75a7b19aa	com.cscmobi.merge.plant	0.000096	1	0	0
11868	36493473-331129-0-0	primpress.ru	0.000008	3	0	0
11868	897808-138129-0-0	kazan.aif.ru	0.000008	1	0	0
11857	75246770-725151-0-0	almondstudio.scanword	0.000096	1	0	0
11909	7663963-584078-0-0	itumnik.ru	0.000008	1	0	0
12507	8562776-755175-0-0	echo.msk.ru	0.000008	1	0	0
11864	65101275-576494-0-0	ufa1.ru	0.000008	1	0	0
11864	52754553-334303-0-0	gazeta.a42.ru	0.000008	1	0	0
11868	897808-143560-0-0	ru.mobifactor.aifnews	0.000096	4	0	0
12507	31266300-205913-0-0	riavrn.ru	0.000008	3	0	0
12507	93379862-1308094-0-0	banki-loans.turbopages.org	0.000008	1	0	0
11868	1560494-344753-0-0	gazeta-ru.turbopages.org	0.000007	1	0	0
11909	941157-244051-0-0	eaomedia-ru.turbopages.org	0.000008	3	0	0
8592	3550986fed12642dfd79b9a6bafec408-3881fdab07feb89bc	com.appcraft.number.puzzle	0.000096	1	0	0
12507	30952014-579430-0-0	punkt--a-info.turbopages.org	0.000008	1	0	0
8592	2c6fa275319f2ac7888559476603ff34-dbbdb7da7663af15b	1528503142	0.000096	2	0	0
12507	3293020-129367-0-0	popmech-ru.turbopages.org	0.000008	2	0	0
11865	1124250-54642-0-0	krsk.au.ru	0.000008	1	0	0
11857	1301877-605692-0-0	com.appoli.greetings	0.000096	2	0	0
11858	471024-17376-0-0	forum.ners.ru	0.000008	4	0	0
11905	9093518-163242-0-0	www.ozersk74.ru	0.000008	1	0	0
8592	aa2e59ae3e1b2aeb490e1fb747bcb28f-ff256f413d7d051a5	com.easybrain.jigsaw.puzzles	0.000092	1	0	0
11868	1560494-208186-0-0	ru.ideast.championat	0.000096	3	0	0
11865	82719115-694678-0-0	ecologicalfood.ru	0.000008	1	0	0
11857	1955115-83743-0-0	medcentre-com-ua.turbopages.org	0.000008	1	0	0
8592	aa2e59ae3e1b2aeb490e1fb747bcb28f-b8241b837bd57ff11	com.easybrain.number.puzzle.game	0.000096	10	0	0
11858	39777815-266906-0-0	com.easybrain.sudoku.ios	0.000109	1	0	0
13256	1-0	com.openmygame.games.android.wordpizza	0.000096	1	0	0
11864	2412782-189903-0-0	www.avito.ru	0.000008	1	0	0
12507	33337629-229707-0-0	domikelectrica.ru	0.000008	1	0	0
11857	3598907-274292-0-0	news.sportbox.ru	0.00126	0	1	0
11909	3293020-129405-0-0	cosmo-ru.turbopages.org	0.000008	2	0	0
12507	1450059-63504-0-0	m.47news.ru	0.000008	1	0	0
12507	65101275-447109-0-0	59-ru.turbopages.org	0.000008	1	0	0
8663	10-844-0-0	www.om1.ru	0.000074	1	0	0
13420	1102107-3ecfcbfd28749694b2f2e34bd947d051-0-Craftsm	com.craftsman.go	0.000096	1	0	0
11909	59227913-398465-0-0	hightech-fm.turbopages.org	0.000008	1	0	0
11857	77163618-882225-0-0	com.veraxen.jigsaw	0.000096	10	0	0
12507	51452342-496695-0-0	4o-20k.daily-inform.ru	0.000008	1	0	0
11904	91624402-821997-0-0	fedpress.ru	0.000008	1	0	0
12507	3046664-115800-0-0	www.sunhome.ru	0.000008	1	0	0
12507	915412-108160-0-0	1prime-ru.turbopages.org	0.000008	9	0	0
12507	34166535-239974-0-0	1gai-ru.turbopages.org	0.000008	1	0	0
12512	51898059-1212039-0-0	doramy.top	0.000008	2	0	0
12507	56501920-382588-0-0	vestinn.ru	0.000008	1	0	0
12507	84014513-606774-0-0	octagon-media.turbopages.org	0.000008	1	0	0
11865	2551308-264355-0-0	lampaexpert.ru	0.000008	1	0	0
11857	5092531-223754-0-0	m.ura.news	0.000002	1	0	0
12509	93335226-830873-0-0	www.eg.ru	0.000008	1	0	0
12507	9132820-163508-0-0	kurer--sreda-ru.turbopages.org	0.000008	1	0	0
12507	91624402-825024-0-0	fedpress.ru	0.000008	3	0	0
11905	3022185-115191-0-0	www.russiapost.su	0.000008	1	0	0
13256	1-0	com.tvc.deletestory	0.000096	1	0	0
11858	2412782-419506-0-0	www.avito.ru	0.000008	7	0	0
10009	10-844-0-0	biznew.site	0.000004	1	0	0
9866	0-216200-0-0	www.lentainform.com	0.000065	1	0	0
8592	70d374d66c472d64a7af5d9064635d9d-21d06140d79f815e7	com.fruitheroes.legend	0.000096	3	0	0
9011	40517-489803-0-0	www.yaplakal.com	0.000007	1	0	0
8592	d175edc338fd33fa1c8c2da3918f86ef-654e34c89a958e166	com.creative.sandbox.number.drawning.coloring	0.000096	1	0	0
12507	509629-486824-0-0	rg-ru.turbopages.org	0.000008	2	0	0
11865	94982353-1345233-0-0	www.kaluga-poisk.ru	0.000008	1	0	0
12507	1011571-227717-0-0	argumenti-ru.turbopages.org	0.000008	1	0	0
12507	39468809-264423-0-0	business--class-su.turbopages.org	0.000008	2	0	0
11909	915412-108160-0-0	1prime.ru	0.000008	2	0	0
12509	33530085-232061-0-0	spb.cian.ru	0.000008	1	0	0
11865	1985182-337607-0-0	kakoperator.ru	0.000008	1	0	0
12507	32810368-417522-0-0	russian-rt-com.turbopages.org	0.000005	1	0	0
11857	1445456-330233-0-0	limehd.ru.lite	0.00007	1	0	0
11857	93530646-1281014-0-0	com.brainfun.bubble.pop.shooter.gp	0.000096	2	0	0
11909	1133796-430869-0-0	www.rulit.me	0.000008	1	0	0
11868	1412746-580208-0-0	m.iamcook.ru	0.000008	2	0	0
11857	65101275-479384-0-0	fontanka-ru.turbopages.org	0.000008	1	0	0
11909	87276007-592219-0-0	www.mk.ru	0.000003	1	0	0
11865	396747-401704-0-0	m.rzn.info	0.000008	1	0	0
11865	91411553-671414-0-0	intrigue.dating	0.000001	1	0	0
13256	1-0	com.fingerlab.word.blockpuzzles	0.000013	1	0	0
12507	63057441-424098-0-0	prombez24.com	0.000008	1	0	0
12507	1801033-247350-0-0	mangalib.me	0.000074	11	0	0
11857	92662474-1225600-0-0	com.openmygame.games.android.wordpizza	0.000095	3	0	0
11865	54770757-1319239-0-0	e.gnt24.ru	0.000007	1	0	0
8592	298716701f2622f214470520ded4d513-d853524c2e0541818	com.zifun.bubble	0.000096	4	0	0
12507	997092-142443-0-0	travelask.ru	0.000074	1	0	0
8592	1a1e574e9702216c640af8d1c8ba1056-4991f7c171115216a	com.gma.ball.sort.puzzle	0.000096	3	0	0
13812	3829146956-817275586-0-0	gazeta19.ru	0.001008	1	0	0
12507	64173066-443007-0-0	radiokp.ru	0.000008	6	0	0
11791	99a0a80cb122880dce4d03670a132b79-96ea700835d4d9f8c	com.noxgroup.app.cleaner	0.000096	1	0	0
12507	34351736-270437-0-0	inkubator.yaplakal.com	0.000008	2	0	0
12507	32657900-220340-0-0	iz-ru.turbopages.org	0.000006	1	0	0
11909	93335226-830873-0-0	www.eg.ru	0.000008	1	0	0
12507	69964289-715754-0-0	4ipping-com.turbopages.org	0.000008	2	0	0
11857	39184832-351267-0-0	tayga.info	0.000008	1	0	0
11864	6438395-248298-0-0	youla.ru	0.000008	3	0	0
13256	1-0	com.linkdeskstudio.popcat	0.000096	1	0	0
12507	8871624-189725-0-0	pluggedin.ru	0.000008	1	0	0
13256	1-0	com.bigcake.android.mergemania	0.000096	1	0	0
8592	8a1e17f77db91d23d06e5b1bdd8a6fdd-8442024b6f25e1492	com.veraxen.colorbynumber.oilpainting	0.000096	1	0	0
11865	902346-341916-0-0	xn----7sbb5adknde1cb0dyd.xn--p1ai	0.000008	1	0	0
11864	51898059-1238537-0-0	ucrazy.ru	0.000008	1	0	0
13252	1-0	ru.topradio	0.00004	1	0	0
12507	87089316-590418-0-0	rubtsovskmv-ru.turbopages.org	0.000008	1	0	0
11791	c4aa8308a439098c2d94c3869e427d33-c604565d027e38c77	com.blackfoxentertainment.driftlegends	0.000096	1	0	0
13266	1-0	id1257992754	0.000096	1	0	0
11909	90720690-643887-0-0	mir-knig.com	0.000008	4	0	0
14123	7-313535353434385f3237393838-0-impossible^20car^20stun	com.impossible.tracks.real.race.games	0.0014	3	3	0
12507	974947-49517-0-0	9111-ru.turbopages.org	0.000005	1	0	0
8592	2c6fa275319f2ac7888559476603ff34-327f8cf5581b7422c	com.dino.rolling.skyball.balance	0.000096	1	0	0
13898	4044630472-2923542780-0-0	eldenring.wiki.fextralife.com	0.001008	1	0	0
13898	dff2dcf918d86286837783903559a20b-3641475496-0-Make	com.make.it.fly	0.000109	1	0	0
14037	pub236088034304-app307992346304-0-OFA^20Final	com.opera.browser	0.000109	1	0	0
11865	69816178-609314-0-0	game-raft.ru	0.000008	1	0	0
11865	32164720-214578-0-0	m.politnavigator.net	0.000008	1	0	0
13256	1-0	teskin.jewels.planet	0.00009	1	0	0
11909	571882-1255923-0-0	crimea.ria.ru	0.000008	1	0	0
12509	5601425-267201-0-0	penzanews.ru	0.000008	1	0	0
11857	2960135-423316-0-0	primpress.ru	0.000074	1	0	0
11865	92519834-1223907-0-0	ru.drivemusic.me	0.000008	1	0	0
11865	89459135-727977-0-0	profservice24.ru	0.000008	1	0	0
8592	b45507412168a5c2d02f57939816abeb-c48e01bb0013d0805	com.superbox.aos.fire2048	0.000109	1	0	0
11864	1913107-81264-0-0	hitfm.ru	0.000008	3	0	0
13256	1-0	art.color.planet.paint.by.number.game.puzzle.free	0.000096	1	0	0
12507	498578-167170-0-0	www.kp.ru	0.000008	1	0	0
8592	093bf3151cd085e19f7ac203cb48c778-a745c96d455dfe957	com.marula.nailstack	0.000096	1	0	0
11865	54817670-1312827-0-0	tale.su	0.000008	1	0	0
12507	9296998-245454-0-0	oblgazeta-ru.turbopages.org	0.000008	2	0	0
12512	8380341-664713-0-0	sotoguide.ru	0.000008	1	0	0
11858	5092869-134625-0-0	echo.msk.ru	0.000008	2	0	0
8592	2c6fa275319f2ac7888559476603ff34-63327e1aef3ad12c0	com.mergewatermelon.puzzle.vsv	0.000096	1	0	0
13266	1-0	com.ucdevs.jcross	0.000096	1	0	0
11865	571882-1255924-0-0	crimea.ria.ru	0.000007	1	0	0
11905	2112549-91685-0-0	social.bigpicture.ru	0.000008	1	0	0
12507	5809954-579050-0-0	gipernn-ru.turbopages.org	0.000008	1	0	0
13256	12364-0	puzzle.blockpuzzle.cube.relax	0.000149	2	2	0
12507	2412782-419507-0-0	m.avito.ru	0.000003	1	0	0
12507	3293020-129405-0-0	cosmo-ru.turbopages.org	0.000008	5	0	0
12512	33530085-232061-0-0	kazan.cian.ru	0.000008	1	0	0
10009	0b34674083a20231af59488de164fcd0-1c5d4a91a49c46464	com.superbox.aos.jewelspharaoh	0.000096	1	0	0
12507	1180293-56287-0-0	www.kaluga-poisk.ru	0.000008	3	0	0
11791	9df7f8c0217efca328edc86154acacfe-8d35c5efeee10c053	com.dodreams.driveahead	0.000056	1	0	0
12507	7286645-580138-0-0	auto-onliner-by.turbopages.org	0.000008	1	0	0
11864	6438395-147025-0-0	my.mail.ru	0.000074	4	0	0
11857	47990698-293798-0-0	com.droid27.transparentclockweather	0.000089	1	0	0
11868	66475862-459160-0-0	nashgorod-ru.turbopages.org	0.000008	1	0	0
8669	10-844-0-0	bydstroi.ru	0.000008	2	0	0
12507	8381155-722011-0-0	apteka.103.by	0.000008	1	0	0
11865	35677060-1233258-0-0	remont220.ru	0.000008	1	0	0
12507	7295714-153743-0-0	russian.rt.com	0.000008	2	0	0
12507	2201084-344968-0-0	tarantas-news.turbopages.org	0.000008	1	0	0
12507	65101275-447131-0-0	e1-ru.turbopages.org	0.000008	4	0	0
13683	42666-622170-0-0	profile.ru	0.000062	2	0	0
11858	1055963-816214-0-0	spac1.net	0.000008	3	0	0
12507	3860622-721164-0-0	ktozvonil.pro	0.000008	1	0	0
8592	aa2e59ae3e1b2aeb490e1fb747bcb28f-36481d1a104435938	com.easybrain.art.puzzle	0.000109	1	0	0
12509	65949452-649143-0-0	www.ntv.ru	0.000008	1	0	0
11909	1626778-128051-0-0	runews24-ru.turbopages.org	0.000008	1	0	0
11864	6438395-142108-0-0	e.mail.ru	0.000001	3	0	0
8592	2c6fa275319f2ac7888559476603ff34-8c396a0a4dbf6c7a6	com.seenax.hideandseek	0.000096	1	0	0
11857	1606471-185733-0-0	trubanet-ru.turbopages.org	0.000008	1	0	0
11860	71813031-490450-0-0	www.gismeteo.ru	0.000008	1	0	0
12509	49905584-324706-0-0	sport24.ru	0.000008	3	0	0
11857	1560494-348664-0-0	lenta-ru.turbopages.org	0.000008	4	0	0
12509	65949452-542792-0-0	radiokp.ru	0.000008	4	0	0
11909	65101275-575584-0-0	www.e1.ru	0.000008	4	0	0
11857	508343-153996-0-0	www.gastronom.ru	0.000008	1	0	0
11857	37945283-564393-0-0	com.appcraft.number.puzzle	0.000096	2	0	0
11865	7540198-154247-0-0	syktyvkar.hipdir.com	0.000008	1	0	0
12507	65101275-447110-0-0	63-ru.turbopages.org	0.000008	1	0	0
8592	2c35fa37133a90b70f0c756d519f1e70-713f5be2ef88b439b	com.easygames.race	0.000096	3	0	0
8592	70d374d66c472d64a7af5d9064635d9d-d0e954c7ae01cfac8	candymanor.homedesign.match3	0.000149	1	1	0
8592	b45507412168a5c2d02f57939816abeb-c48e01bb0013d0805	com.superbox.aos.fire2048	0.000096	6	0	0
10006	10-844-0-0	bydstroi.ru	0.000008	2	0	0
11865	54817670-1312075-0-0	adult.wsesw.ru	0.000008	1	0	0
11904	73622320-500250-0-0	ktv-ray.ru	0.000008	3	0	0
11864	6438395-142108-0-0	e.mail.ru	0.000008	44	0	0
11868	8234785-155845-0-0	kz.kolesa	0.000096	1	0	0
13256	1-0	com.codehaha.football	0.000096	1	0	0
10009	0ca0a448c1a390b3f9555a471735b9bf-aba86b85788703850	com.master.runner	0.000096	1	0	0
11858	49657268-323488-0-0	mastergrad.com	0.000008	2	0	0
11857	38661274-637001-0-0	knigkindom.ru	0.000007	1	0	0
11857	47990698-293798-0-0	com.droid27.transparentclockweather	0.000096	2	0	0
11909	655044-78707-0-0	zdorovieinfo-ru.turbopages.org	0.000008	1	0	0
11857	1560494-225212-0-0	championat-com.turbopages.org	0.000008	3	0	0
11858	39777815-617208-0-0	com.easybrain.sudoku.killer	0.000096	2	0	0
12507	439048-701006-0-0	gazeta-spb-ru.turbopages.org	0.000006	1	0	0
11857	87936520-601046-0-0	love.mail.ru	0.000003	1	0	0
11864	6438395-147023-0-0	news.mail.ru	0.000003	1	0	0
10009	85dc8927ebd82ac774353328276628a2-5f8ef95be93ef5d5a	com.watermelon.merge.puzzle.gp	0.000096	1	0	0
14037	pub236088034304-app307992346304-0-OFA^20Final	com.opera.browser	0.000114	1	0	0
12507	2103170-497885-0-0	dni24-com.turbopages.org	0.000008	1	0	0
11858	39184832-351267-0-0	tayga.info	0.000008	2	0	0
11857	2551308-264355-0-0	lampaexpert.ru	0.000008	1	0	0
11857	32626022-295779-0-0	com.rexplayer.app	0.000096	15	0	0
11909	36493473-331129-0-0	primpress.ru	0.000008	13	0	0
12507	1979119-224594-0-0	vm-ru.turbopages.org	0.000008	1	0	0
11858	8234785-155718-0-0	kolesa.kz	0.000008	1	0	0
11909	13888962-233432-0-0	carsdb.ru	0.000008	1	0	0
11857	498578-167170-0-0	www.kp.ru	0.000008	1	0	0
11858	87936520-601046-0-0	love.mail.ru	0.000005	1	0	0
10009	01c805c53049664e9e27430ecb979458-62baf5521f553a3b3	1474793109	0.000096	1	0	0
13252	1-0	com.cleanteam.oneboost	0.000096	1	0	0
8663	10-844-0-0	sportliga.fun	0.000008	1	0	0
14123	10130-34373535363831325f3336363237-0-0	files.im	0.000896	1	0	0
8592	93c3c1e0a1bc292aca32fd36f19446c9-58f5a30bede482a6f	1566369638	0.000096	1	0	0
11868	571882-151527-0-0	ru.rian.reader	0.000096	4	0	0
12512	7295714-188279-0-0	russian.rt.com	0.000074	1	0	0
8592	5a4e6f1a78fd3304d40336db5c3d6550-29522ae1efaac3c08	com.tgame.yesorno	0.000096	3	0	0
8592	d175edc338fd33fa1c8c2da3918f86ef-e16b15838a18dc34d	com.superbox.aos.jewelsjungle	0.000078	1	0	0
12507	1322075-130167-0-0	businessman-ru.turbopages.org	0.000004	1	0	0
11865	54817670-1312681-0-0	erpweb.ru	0.000008	1	0	0
11905	503611-30324-0-0	rostov.blizko.ru	0.000008	1	0	0
12507	49533561-511257-0-0	lvrach-ru.turbopages.org	0.000008	4	0	0
8592	01c805c53049664e9e27430ecb979458-62baf5521f553a3b3	wp.wattpad	0.000096	1	0	0
11864	6438395-142108-0-0	e.mail.ru	0.001008	1	0	0
11864	47669093-514814-0-0	starifaeton.ru	0.000024	1	0	0
12507	48537776-547400-0-0	jut.su	0.000008	1	0	0
11868	56953682-478194-0-0	food.inmyroom.ru	0.000008	2	0	0
13256	1-0	com.hala.line	0.000096	1	0	0
12512	1124250-54642-0-0	krsk.au.ru	0.000008	1	0	0
11858	51898059-1210843-0-0	bombardir.ru	0.000008	1	0	0
11865	4342450-128930-0-0	topwar.ru	0.000008	1	0	0
11868	897669-56459-0-0	pikabu.ru	0.000008	1	0	0
8592	2c6fa275319f2ac7888559476603ff34-d3ef667fa114d7f72	and.lihuhu.matchingmaster3d	0.000096	1	0	0
10009	6a7f95f2814b41a228d29d8f7c609ee5-74fb92d691f282d41	439873467	0.000096	1	0	0
8669	10-844-0-0	24heart.ru	0.000004	2	0	0
11909	39315718-636644-0-0	mednovelty-ru.turbopages.org	0.000008	1	0	0
11904	395772-80569-0-0	www.hibiny.com	0.000008	1	0	0
11864	6438395-147024-0-0	horo.mail.ru	0.000008	1	0	0
12507	72157518-1327681-0-0	cnc--maniac-ru.turbopages.org	0.000008	1	0	0
13256	12726-0	com.callapp.contacts	0.000119	0	1	0
13256	1-0	net.jeu.spider	0.000096	1	0	0
11868	71813031-545728-0-0	www.gismeteo.ru	0.000007	1	0	0
13266	10555-0	id1126477246	0.000096	1	0	0
11864	1124250-54642-0-0	krsk.au.ru	0.000003	1	0	0
12507	5092531-223754-0-0	ura-news.turbopages.org	0.000005	1	0	0
13256	1-0	com.karmangames.solitaire	0.000096	1	0	0
12507	5339948-223247-0-0	bodybuilding-and-fitness.ru	0.000008	1	0	0
11857	67685236-464313-0-0	com.androvid	0.000096	1	0	0
11909	49905584-324706-0-0	sport24.ru	0.000008	1	0	0
12507	48537776-547400-0-0	jut.su	0.001008	1	0	0
11905	2112549-91685-0-0	mirtesen.ru	0.000008	6	0	0
8592	459f9b6ca949f85c5d5cd21dcafd02c2-f03eea728c53943d7	io.shenron.scr	0.000096	1	0	0
11857	88040569-602925-0-0	com.karmangames.spider	0.000095	1	0	0
11909	91778881-1242181-0-0	keramabratsk-ru.turbopages.org	0.000008	1	0	0
8592	1a1e574e9702216c640af8d1c8ba1056-bff6da30d3823479d	com.gma.water.sort.puzzle	0.000096	9	0	0
11865	93335226-830873-0-0	www.eg.ru	0.000008	4	0	0
10009	10-844-0-0	24heart.ru	0.000008	7	0	0
8592	0b34674083a20231af59488de164fcd0-dc9ae77764902fd3f	com.superbox.aos.jewelblast	0.000096	2	0	0
11857	9144462-165736-0-0	molokov.tvguide	0.000008	1	0	0
11858	39777815-266906-0-0	com.easybrain.sudoku.ios	0.00008	1	0	0
12507	93736421-989340-0-0	kylinariya-ru.turbopages.org	0.000008	5	0	0
11857	38047061-505382-0-0	doma--vkusnee-ru.turbopages.org	0.000008	1	0	0
8669	10-844-0-0	24heart.ru	0.000008	12	0	0
10131	0-35313285-0-0	vjav.com	0.000004	1	0	0
12507	11284083-175926-0-0	enigma--project-ru.turbopages.org	0.000005	1	0	0
12507	68133542-467211-0-0	osnmedia-ru.turbopages.org	0.000002	1	0	0
14123	1-3132343831315f3237393838-0-Bike-Tricks:-Mine-Stu	com.bitofgame.biketricksminestunts	0.00112	0	1	0
11868	55326833-350803-0-0	news.ru	0.000008	1	0	0
11868	3003711-114821-0-0	russian7.ru	0.000008	2	0	0
8592	0ca0a448c1a390b3f9555a471735b9bf-7b9a09fec9a13a5c6	games.vaveda.militaryoverturn	0.000096	2	0	0
8592	b1b9356c7817b9fefcd8ce9cf8657872-699607a8245d8a377	com.onebutton.mrsuper	0.000096	1	0	0
13256	1-0	com.higgs.bubblematch	0.000149	1	1	0
13898	2c35fa37133a90b70f0c756d519f1e70-674264347-0-Sushi	1518389230	0.000109	1	0	0
11909	845311-45272-0-0	m.rosbalt.ru	0.000074	1	0	0
13256	12883-0	sandbox.pixel.number.coloring.book.page.art.free	0.000096	1	0	0
11857	50846152-462592-0-0	com.rugram.android	0.000096	2	0	0
11905	1718328-141569-0-0	cont.ws	0.000008	1	0	0
11857	47990698-293798-0-0	com.droid27.transparentclockweather	0.000006	1	0	0
11904	67572452-463347-0-0	track24.ru	0.000008	1	0	0
11904	64339996-508065-0-0	grib-doma.ru	0.000008	1	0	0
8592	d175edc338fd33fa1c8c2da3918f86ef-e16b15838a18dc34d	com.superbox.aos.jewelsjungle	0.000096	15	0	0
12509	897669-56459-0-0	pikabu.ru	0.000008	1	0	0
11857	1445456-198288-0-0	com.infolink.limeiptv	0.000096	1	0	0
11865	64618363-562341-0-0	www.autoparus.by	0.000008	1	0	0
12507	44170323-320659-0-0	wikipet-ru.turbopages.org	0.000008	1	0	0
12507	51898059-1296025-0-0	ranobes.net	0.000008	1	0	0
11857	728568-69138-0-0	pozdravok.ru	0.000008	3	0	0
8669	10-844-0-0	in-fa.ru	0.000008	6	0	0
8592	d175edc338fd33fa1c8c2da3918f86ef-153600891bdffa817	devian.tubemate.v3	0.000096	2	0	0
11868	2412782-419507-0-0	m.avito.ru	0.000008	11	0	0
12509	65949452-989182-0-0	infourok.ru	0.000008	1	0	0
9866	0-216200-0-0	m.7days.ru	0.000024	1	0	0
11857	92662474-1225600-0-0	com.openmygame.games.android.wordpizza	0.000096	118	0	0
11909	51452342-496695-0-0	4o-20k.daily-inform.ru	0.000008	1	0	0
13256	1-0	com.gamovation.quickcheckers	0.000119	0	1	0
12507	82862297-569223-0-0	tvoi-setevichok.ru	0.000008	1	0	0
12509	65949452-453595-0-0	rg.ru	0.000007	1	0	0
13256	1-0	sp.app.bubblepop	0.000096	1	0	0
12507	91483064-675473-0-0	www.tomat-pomidor.com	0.000008	1	0	0
12507	93584132-938732-0-0	wer-ru.turbopages.org	0.000008	4	0	0
11857	75879660-563776-0-0	pol-master.com	0.000008	1	0	0
11857	89739637-1263037-0-0	www.eg.ru	0.000006	1	0	0
11909	9255659-240691-0-0	gidpokraske.ru	0.000008	2	0	0
8592	d175edc338fd33fa1c8c2da3918f86ef-43e6db8f6342e0e52	com.superbox.aos.jewelblast	0.000119	0	1	0
12509	6746465-148945-0-0	hhcdn.ru	0.000008	1	0	0
12507	1322075-70350-0-0	fb-ru.turbopages.org	0.000008	7	0	0
12507	37382140-335384-0-0	ustaliy.ru	0.000074	1	0	0
11909	66475862-459160-0-0	inkazan-ru.turbopages.org	0.000008	1	0	0
12513	5706550-281826-0-0	ren.tv	0.000074	1	0	0
8592	d175edc338fd33fa1c8c2da3918f86ef-e16b15838a18dc34d	com.superbox.aos.jewelsjungle	0.000119	0	3	0
11864	5350121-136704-0-0	football.kulichki.net	0.000008	4	0	0
11864	18373836-576995-0-0	online.anidub.com	0.000008	1	0	0
11868	92386429-746409-0-0	telik.top	0.000008	2	0	0
11904	32781733-221907-0-0	kirov.move.ru	0.000008	1	0	0
11791	8d0aaacfbe818c2738616522fb056826-253631b0ad56c97c8	audio-books.su	0.001008	1	0	0
12507	94848661-1268895-0-0	povar-ru.turbopages.org	0.000008	3	0	0
11864	65101275-447165-0-0	love.ngs.ru	0.000008	2	0	0
12507	54464709-342612-0-0	korzik.net	0.000008	3	0	0
11868	92386429-814495-0-0	inbusiness.kz	0.000008	1	0	0
11868	91864171-708690-0-0	www.vesti.ru	0.000008	1	0	0
12507	2412782-419506-0-0	www.avito.ru	0.000008	3	0	0
11898	15737-576542-0-atastv.ru	atastv.ru	0.000074	1	0	0
10208	10-844-0-0	24heart.ru	0.00001	0	1	0
11857	87936520-601046-0-0	www.mamba.ru	0.000008	7	0	0
11909	66475862-459160-0-0	gorod55-ru.turbopages.org	0.000008	1	0	0
13256	1-0	com.sukhavati.gotoplaying.bubble.bubbleshooter.mint	0.000096	2	0	0
11909	58905162-397624-0-0	somon.tj	0.000008	1	0	0
10006	10-844-0-0	24heart.ru	0.000008	5	0	0
12507	26809064-446973-0-0	idachi.ru	0.000008	1	0	0
11865	346603-71179-0-0	mirplus.info	0.000008	1	0	0
11909	87276007-592219-0-0	www.mkchita.ru	0.000008	1	0	0
12507	1412746-717079-0-0	m.iamcook.ru	0.000008	2	0	0
13256	1-0	drug.vokrug	0.000096	1	0	0
12513	92453275-732287-0-0	11novosti.ru	0.000008	1	0	0
13256	1-0	com.petrik.shifshedule	0.000096	1	0	0
11857	64003581-441043-0-0	rosserial.be	0.000008	1	0	0
12507	1801033-247350-0-0	mangalib.me	0.000008	1	0	0
8592	b45507412168a5c2d02f57939816abeb-c48e01bb0013d0805	com.superbox.aos.fire2048	0.000092	1	0	0
12507	545208-338379-0-0	potolok.expert	0.000008	1	0	0
12507	5092531-241790-0-0	ura-news.turbopages.org	0.000008	5	0	0
11865	2412782-419506-0-0	www.avito.ru	0.000005	1	0	0
11864	91864171-708690-0-0	www.vesti.ru	0.000074	1	0	0
11857	6379468-141277-0-0	www.gruzovik.ru	0.000008	1	0	0
11865	46431776-287922-0-0	joyreactor.cc	0.000008	1	0	0
11909	6557105-250544-0-0	interfax-ru.turbopages.org	0.000008	2	0	0
11868	4782430-622999-0-0	com.federal.tv	0.000096	1	0	0
12509	51452342-657440-0-0	www.womanhit.ru	0.000005	1	0	0
11857	54497203-471364-0-0	autogear.ru	0.000008	2	0	0
11864	1124250-54642-0-0	krsk.au.ru	0.000008	1	0	0
11857	7687782-448212-0-0	profile.ru	0.000068	1	0	0
8592	5a4e6f1a78fd3304d40336db5c3d6550-29522ae1efaac3c08	com.tgame.yesorno	0.000109	1	0	0
8592	8f1f903b2d623233b5f8fd5a248fb623-61e30f295f2848aba	block.puzzle.sudoku.free.game.classic.offline	0.000119	0	2	0
14056	0-216200-0-0	tass.ru	0.000074	1	0	0
11909	6438395-353890-0-0	tv.mail.ru	0.000008	1	0	0
8592	aa2e59ae3e1b2aeb490e1fb747bcb28f-ff256f413d7d051a5	com.easybrain.jigsaw.puzzles	0.000096	10	0	0
11865	92453275-732287-0-0	11novosti.ru	0.000008	1	0	0
11909	88546469-708736-0-0	www.kleo.ru	0.000008	1	0	0
12509	91864171-708690-0-0	www.vesti.ru	0.000074	7	0	0
11865	494474-102843-0-0	otzovik.com	0.000008	6	0	0
11909	874982-46249-0-0	svpressa.ru	0.000008	2	0	0
11909	34489038-242981-0-0	pressa.tv	0.000008	1	0	0
11868	66475862-459160-0-0	gorod55-ru.turbopages.org	0.000008	2	0	0
12507	907113-386345-0-0	itexts.net	0.000008	1	0	0
11857	2960135-423316-0-0	primpress.ru	0.000008	6	0	0
11865	67329156-462096-0-0	1001goroskop.ru	0.000008	1	0	0
8592	d7d6b4e2ecbdcb4576d8c630e7cfcfcf-31ca334041a79a185	com.fugo.wow	0.000096	3	0	0
11857	39777815-278811-0-0	com.europosit.pixelcoloring	0.000096	5	0	0
12507	34351736-270437-0-0	www.yaplakal.com	0.000008	1	0	0
11868	93683367-979907-0-0	aktnews.ru	0.000008	3	0	0
10009	aa2e59ae3e1b2aeb490e1fb747bcb28f-ff256f413d7d051a5	com.easybrain.jigsaw.puzzles	0.000096	2	0	0
11909	874982-46249-0-0	svpressa.ru	0.000005	1	0	0
13256	1-0	com.openmygame.games.android.fillwordsoffline	0.000149	1	1	0
11858	94655083-1259083-0-0	livebir.ru	0.000004	1	0	0
11868	1180293-56287-0-0	www.kaluga-poisk.ru	0.000008	2	0	0
11909	51020038-328213-0-0	tvsamara.ru	0.000008	1	0	0
13256	1-0	com.everydaycalculation.casiocalculator	0.000096	1	0	0
11858	1250271-564614-0-0	110km.ru	0.000008	1	0	0
12507	8240866-155688-0-0	www.belnovosti.by	0.000008	9	0	0
12512	36520651-255057-0-0	homes.ngs.ru	0.000008	1	0	0
11909	1683593-210293-0-0	dmitrov.jobfilter.ru	0.000004	1	0	0
12512	420734-42319-0-0	forum.sibmama.ru	0.000008	2	0	0
14037	pub236088034304-app307992346304-0-OFA^20Final	com.opera.browser	0.000119	25	3	0
11857	9448837-220504-0-0	spid--vich--zppp-ru.turbopages.org	0.000008	1	0	0
11791	10-844-0-0	biznew.site	0.000008	6	0	0
8592	1a1e574e9702216c640af8d1c8ba1056-4e47b6e56f4122ad3	1514542157	0.000096	1	0	0
12507	498578-196262-0-0	kp-ru.turbopages.org	0.000008	13	0	0
8592	f74bed1098bed14fc3130b7024afe070-67026625ae764919e	1452992954	0.000091	1	1	0
11857	93584132-938732-0-0	wer-ru.turbopages.org	0.000008	1	0	0
8592	e20e3f54452d9ed24f4315bc71d8cb54-5fd02fe84e6fbfa93	com.apalon.alarmclock.smart	0.000096	1	0	0
12512	4624495-130614-0-0	www.vazhno.ru	0.000008	2	0	0
13256	38558-0	com.abi.robber.puzzle.thief	0.000119	0	1	0
12507	65101275-447169-0-0	ngs-ru.turbopages.org	0.000008	2	0	0
12507	49608361-418964-0-0	1000.menu	0.000008	6	0	0
14037	pub236088034304-app307992346304-0-OFA^20Final	com.opera.browser	0.000111	1	0	0
11865	49988489-455267-0-0	wuxiaworld.ru	0.000008	1	0	0
11858	1432019-423155-0-0	federal.tv	0.000008	2	0	0
8592	43e7068c4d624bcaeb73779f9496bb51-1e6f02a03a67085cd	com.fancyforce.happywheels	0.000096	1	0	0
12507	3516547-124081-0-0	comfort--myhouse-ru.turbopages.org	0.000008	1	0	0
11868	1728009-162266-0-0	www.1tv.ru	0.000008	1	0	0
10049	10-844-0-0	bydstroi.ru	0.00001	0	1	0
10006	10-844-0-0	24heart.ru	0.000003	1	0	0
9864	0-216200-0-0	ren.tv	0.000074	1	0	0
11791	10-844-0-0	24heart.ru	0.000007	1	0	0
10049	10-844-0-0	24heart.ru	0.00001	0	2	0
11865	54817670-1312064-0-0	wsesw.ru	0.000008	1	0	0
11909	88830169-613977-0-0	kvartelia.ru	0.000008	3	0	0
12507	2011141-839801-0-0	www.gismeteo.kz	0.000008	1	0	0
12507	7417642-189039-0-0	gadalkindom.ru	0.000005	1	0	0
12507	94471171-1347064-0-0	avr.next-video.ru	0.000001	1	0	0
12507	494474-102843-0-0	otzovik.com	0.000008	7	0	0
8592	aa2e59ae3e1b2aeb490e1fb747bcb28f-2a6a08a1e46b0cf62	com.easybrain.solitaire.klondike.free	0.000096	14	0	0
12507	2412782-419507-0-0	m.avito.ru	0.000008	5	0	0
13256	1-0	com.fingerlab.word.blockpuzzles	0.000096	2	0	0
8592	aa2e59ae3e1b2aeb490e1fb747bcb28f-50f2cd3c9ffd1aea2	com.easybrain.block.puzzle.games	0.000096	19	0	0
12507	44494100-280396-0-0	prostoprosport-ru.turbopages.org	0.000008	1	0	0
12509	4817705-131942-0-0	www.u-mama.ru	0.000008	1	0	0
8592	1a1e574e9702216c640af8d1c8ba1056-bff6da30d3823479d	com.gma.water.sort.puzzle	0.000119	0	1	0
11868	35650980-513061-0-0	ktv-ray.ru	0.000008	10	0	0
13256	1-0	ir.ilmili.telegraph	0.000096	1	0	0
11865	48686613-446932-0-0	nails-mag.ru	0.000008	1	0	0
11865	1560494-351421-0-0	comments.rambler.ru	0.000008	2	0	0
11865	5558298-203178-0-0	simple-fauna.ru	0.000003	1	0	0
11868	43368662-278094-0-0	podrobno.uz	0.000008	1	0	0
12513	1913085-81261-0-0	montecarlo.ru	0.000008	1	0	0
11857	55349292-351272-0-0	www.super.kg	0.000008	1	0	0
8592	d175edc338fd33fa1c8c2da3918f86ef-e16b15838a18dc34d	com.superbox.aos.jewelsjungle	0.000149	5	5	0
11858	73204048-500202-0-0	radiopotok.ru	0.000008	1	0	0
11868	912305-47074-0-0	www.topnews.ru	0.000008	1	0	0
12507	35539312-659762-0-0	urok-1sept-ru.turbopages.org	0.000008	2	0	0
11864	87276007-592220-0-0	www.avtovzglyad.ru	0.000008	1	0	0
9012	36392-475082-0-0	teleprogramma.pro	0.000062	2	0	0
11909	51020038-328213-0-0	tvsamara.ru	0.000007	1	0	0
10208	10-844-0-0	bydstroi.ru	0.00001	0	1	0
11857	1913078-162571-0-0	life-ru.turbopages.org	0.000008	3	0	0
11904	93360914-840292-0-0	avia.pro	0.000008	1	0	0
11858	51452342-496695-0-0	4o-20k.daily-inform.ru	0.000008	1	0	0
8592	57af10a6b76ecc7af9b27df107a3dd4f-aebd2cf663a20c391	draziw.karavan.sudoku	0.000096	1	0	0
11909	36493473-331129-0-0	primpress.ru	0.000074	8	0	0
11868	2390032-357688-0-0	www.msn.com	0.000008	1	0	0
11857	36493473-331129-0-0	primpress.ru	0.000008	11	0	0
11857	50529880-327135-0-0	com.tomato.pasbayan	0.000096	11	0	0
11857	7687782-448212-0-0	profile.ru	0.000074	8	0	0
11909	66475862-459160-0-0	newsnn-ru.turbopages.org	0.000008	1	0	0
11857	915412-108160-0-0	1prime-ru.turbopages.org	0.000008	1	0	0
11909	494474-102843-0-0	otzovik.com	0.000008	4	0	0
11857	7295714-153743-0-0	russian.rt.com	0.000008	1	0	0
13256	1-0	ru.vse42.bus.transport	0.000096	1	0	0
10009	aa2e59ae3e1b2aeb490e1fb747bcb28f-79a720ed4d6a9aa58	com.europosit.pixelcoloring	0.000096	1	0	0
12507	7687782-448212-0-0	profile.ru	0.000002	1	0	0
11905	2112549-91685-0-0	mirtesen.ru	0.00001	0	2	0
12507	3598907-329895-0-0	ntv-ru.turbopages.org	0.000008	2	0	0
12507	45324596-283885-0-0	bugaga-ru.turbopages.org	0.000008	1	0	0
12509	46034330-357769-0-0	all-catalog.ru	0.000001	1	0	0
12507	36493473-331594-0-0	konkurent.ru	0.000008	20	0	0
12507	56839981-451324-0-0	znaniyaetosila-ru.turbopages.org	0.000008	1	0	0
8869	464-48-0-0	video.like	0.000385	0	1	0
8592	2c6fa275319f2ac7888559476603ff34-c48835115ac3f8587	com.and.windyef.try2048	0.000096	1	0	0
11858	70647119-483130-0-0	ekat.novobyt.ru	0.000008	1	0	0
8592	57df7a332b78fae37bf1e19756172faa-87e41006fbd8cf417	com.app.booster.cleaner.batterysaver.boost.cleanmaster	0.000096	2	0	0
11904	1254993-60351-0-0	www.vitamarg.com	0.000005	1	0	0
13812	4044630472-2923542780-0-0	eldenring.wiki.fextralife.com	0.001008	1	0	0
11865	7540198-154247-0-0	hipdir.com	0.000008	1	0	0
11909	37178852-256747-0-0	www.kramola.info	0.000008	1	0	0
11909	87276007-592219-0-0	www.mk.ru	0.000008	1	0	0
12512	68543924-531163-0-0	cars.av.by	0.000008	1	0	0
11858	40879015-268596-0-0	naavtotrasse.ru	0.000006	1	0	0
11905	87936520-601046-0-0	www.mamba.ru	0.000008	1	0	0
11857	9144462-165736-0-0	molokov.tvguide	0.000096	6	0	0
11865	54770757-1314116-0-0	xn----btbkutdbneel0i.xn--p1ai	0.000008	1	0	0
12507	2028465-346434-0-0	kafanews.com	0.000008	2	0	0
11791	10-844-0-0	24heart.ru	0.000008	13	0	0
11909	6438395-353890-0-0	kino.mail.ru	0.000008	1	0	0
11791	d175edc338fd33fa1c8c2da3918f86ef-66efd38d8d404cb69	com.naver.linewebtoon	0.000035	1	0	0
11857	1445456-330233-0-0	limehd.ru.lite	0.000096	8	0	0
11865	54770757-1320367-0-0	penosteklo.clay24.ru	0.000008	1	0	0
11865	7236874-245014-0-0	privetpeople.ru	0.000008	1	0	0
11857	47990698-293798-0-0	com.droid27.transparentclockweather	0.000088	1	0	0
11868	16674850-453149-0-0	com.espiru.mashinakg	0.000096	1	0	0
12507	38661274-725920-0-0	doramiru.com	0.000008	1	0	0
11864	65101275-575584-0-0	www.e1.ru	0.000008	1	0	0
11865	897669-460527-0-0	pikabu.ru	0.000008	2	0	0
11858	1370098-61448-0-0	murman-fishing.ru	0.000008	1	0	0
11857	54709207-344888-0-0	com.fugo.wow	0.000096	10	0	0
12507	61554-32340-0-0	novate-ru.turbopages.org	0.000008	2	0	0
11868	523900-231491-0-0	teleprogramma-pro.turbopages.org	0.000008	1	0	0
13814	1030243151-2426664535-0-0	poslednie-news.ru	0.001008	1	0	0
12507	94471171-1347064-0-0	avr.next-video.ru	0.000008	6	0	0
12507	1616916-722899-0-0	brodude-ru.turbopages.org	0.000008	1	0	0
13256	1-0	teskin.jewels.planet	0.000096	6	0	0
8592	2c6fa275319f2ac7888559476603ff34-687de0b63a5bae747	link.merge.puzzle.onnect.number	0.000022	1	0	0
11791	9df7f8c0217efca328edc86154acacfe-c604565d027e38c77	com.blackfoxentertainment.driftlegends	0.000096	1	0	0
11904	46431776-287922-0-0	lol.reactor.cc	0.000008	1	0	0
8592	2c6fa275319f2ac7888559476603ff34-0974cc53a04475e20	com.pronetis.ironball2	0.000096	1	0	0
12507	4817705-131942-0-0	www.u-mama.ru	0.000008	2	0	0
12507	32657900-220340-0-0	iz-ru.turbopages.org	0.000008	3	0	0
11857	32798581-222182-0-0	com.dmitry.social.nets.vkontakevkmini	0.000096	3	0	0
11857	88040569-602926-0-0	com.karmangames.solitaire	0.000096	13	0	0
11864	6438395-152036-0-0	sportmail.ru	0.000008	1	0	0
12507	33162632-226336-0-0	newizv-ru.turbopages.org	0.000008	2	0	0
11857	1560494-350937-0-0	moslenta-ru.turbopages.org	0.000008	1	0	0
11868	36493473-331129-0-0	primpress.ru	0.000074	10	0	0
11865	2412782-419506-0-0	www.avito.ru	0.000008	27	0	0
8592	41b3cb8776bb080007be6e0c435825c6-bcb78484c3b7d5b62	com.p74.player	0.000119	0	1	0
11858	7929329-154169-0-0	topbanki.ru	0.000008	1	0	0
9012	41316-586119-0-0	m.7days.ru	0.000062	1	0	0
12507	15829677-398358-0-0	ural--meridian-ru.turbopages.org	0.000008	3	0	0
11904	3849512-125905-0-0	www.liveinternet.ru	0.000008	3	0	0
12378	41316-586119-0-0	m.7days.ru	0.000062	1	0	0
8592	d175edc338fd33fa1c8c2da3918f86ef-e16b15838a18dc34d	com.superbox.aos.jewelsjungle	0.000092	1	0	0
11858	2935048-113729-0-0	fleetphoto.ru	0.000008	1	0	0
11857	92662474-1225600-0-0	com.openmygame.games.android.wordpizza	0.000109	2	0	0
11868	1974615-260019-0-0	m.pg21.ru	0.000074	1	0	0
11904	91025405-650271-0-0	inoeda.com	0.000008	1	0	0
12507	54689608-349697-0-0	design-homes.ru	0.000008	2	0	0
12507	2745-45551-0-0	forumhouse-ru.turbopages.org	0.000002	1	0	0
11857	92519834-1274115-0-0	muzus.net	0.000008	1	0	0
12507	92945426-752689-0-0	sibdepo-ru.turbopages.org	0.000008	1	0	0
12507	1322075-600549-0-0	nacion-ru.turbopages.org	0.000008	1	0	0
11865	91411553-671414-0-0	intrigue.dating	0.000008	2	0	0
12507	45469338-384684-0-0	avikot.site	0.000008	1	0	0
11791	10-844-0-0	24heart.ru	0.000005	1	0	0
11791	9df7f8c0217efca328edc86154acacfe-527f37b1a0245c32a	com.moon.craft.buildingcraft	0.000096	1	0	0
13252	1-0	free.vpn.private	0.000119	0	1	0
11865	36882225-267966-0-0	rusvesna.su	0.000008	1	0	0
11857	1560494-348664-0-0	lenta-ru.turbopages.org	0.000001	1	0	0
11868	36493473-331129-0-0	primpress.ru	0.000034	1	0	0
11857	5092531-223754-0-0	m.ura.news	0.000008	14	0	0
10208	10-844-0-0	24heart.ru	0.000008	11	0	0
11909	1864612-750336-0-0	malinkakat.ru	0.000008	1	0	0
11868	35155990-246387-0-0	trashbox.ru	0.000008	1	0	0
11865	33263340-264961-0-0	smo333.com	0.000004	1	0	0
11857	2412782-419507-0-0	m.avito.ru	0.000008	4	0	0
11904	68176286-624312-0-0	antijob.vip	0.000008	1	0	0
11909	2112549-91685-0-0	opolitike.mirtesen.ru	0.000008	1	0	0
11865	36882225-456345-0-0	deita.ru	0.000074	1	0	0
11909	974947-49517-0-0	9111-ru.turbopages.org	0.000008	1	0	0
11865	54817670-1319253-0-0	tale.su	0.000005	1	0	0
11909	39769365-264758-0-0	etodiabet.ru	0.000008	1	0	0
11905	2112549-91685-0-0	lubopytnosti.mirtesen.ru	0.000008	3	0	0
11904	94272869-1234455-0-0	www.mk-pskov.ru	0.000008	2	0	0
13256	1-0	com.fingerlab.word.blockpuzzles	0.000056	1	0	0
8592	d175edc338fd33fa1c8c2da3918f86ef-f9748ab51577b1569	com.gamebility.onet	0.000096	2	0	0
12513	34382785-242460-0-0	krasnoyarsk.vsn.ru	0.000008	1	0	0
11865	1718328-141569-0-0	cont.ws	0.000008	1	0	0
12507	6308623-141255-0-0	dailyhoro.ru	0.000008	1	0	0
11857	7836874-243923-0-0	ru.aspres.yatr	0.000096	1	0	0
11791	9df7f8c0217efca328edc86154acacfe-8d35c5efeee10c053	com.dodreams.driveahead	0.000096	1	0	0
13420	1466307-ab725675a63c8344e3afa1aec0acb8cc-0-One^20Lin	com.one.liner.happyfull	0.000083	1	0	0
12507	51452342-496695-0-0	daily-inform.ru	0.000008	1	0	0
11864	1244907-2197-0-0	www.amalgama-lab.com	0.000005	1	0	0
12507	69492613-475158-0-0	dp-ru.turbopages.org	0.000008	1	0	0
11857	7687782-448212-0-0	profile.ru	0.000008	1	0	0
12507	7687782-448212-0-0	profile.ru	0.000018	1	0	0
11858	1362761-61277-0-0	www.eurocups.ru	0.000008	1	0	0
8592	75c1201e5d6af88aed2630f4193d1d28-5ac424393f5cdc9a8	art.color.planet.paint.by.number.game.puzzle.free	0.000119	0	1	0
11865	46046317-671401-0-0	www.4living.ru	0.000008	1	0	0
10009	10-844-0-0	24heart.ru	0.000012	1	1	0
9866	0-216200-0-0	www.lentainform.com	0.000074	4	0	0
8592	aa2e59ae3e1b2aeb490e1fb747bcb28f-79a720ed4d6a9aa58	com.europosit.pixelcoloring	0.000096	7	0	0
11868	90313043-636373-0-0	kapital.kz	0.000008	1	0	0
12507	36161251-250731-0-0	abw-by.turbopages.org	0.000008	1	0	0
13256	1-0	com.creativejoy.jewelsancient2	0.000096	1	0	0
12507	54495039-782272-0-0	izsnt.ru	0.000008	1	0	0
11868	36493473-331129-0-0	primpress.ru	0.000002	2	0	0
13256	1-0	sort.water.puzzle.pour.color.tubes.sorting.game	0.000096	1	0	0
12509	65949452-563305-0-0	www.kp.ru	0.000008	6	0	0
11909	790055-17782-0-0	obzor.city	0.000008	1	0	0
11905	4482117-129967-0-0	aftershock.news	0.000008	2	0	0
11857	505506-719698-0-0	ru.sports.fskating	0.000096	1	0	0
11865	40406530-608271-0-0	xn--80anjd4dyb.xn--p1ai	0.000001	1	0	0
11909	61657907-412959-0-0	m.spletnik.ru	0.000008	2	0	0
11905	4629890-334578-0-0	love-sims.ru	0.000008	2	0	0
11857	87936520-601046-0-0	love.mail.ru	0.000002	1	0	0
12507	523900-231491-0-0	teleprogramma-pro.turbopages.org	0.000008	2	0	0
11864	965566-175007-0-0	nplus1.ru	0.000007	1	0	0
12507	36493473-331129-0-0	primpress.ru	0.000074	1	0	0
13252	1-0	com.gf.projectrunway.cityairport.constructionbuilder	0.000096	1	0	0
11868	54819708-345982-0-0	com.hornet.android	0.000096	1	0	0
11857	498578-196262-0-0	kp-ru.turbopages.org	0.000008	2	0	0
12507	570920-38708-0-0	news.vtomske.ru	0.000008	2	0	0
11864	36520651-255057-0-0	homes.ngs.ru	0.000008	1	0	0
11857	1166165-64979-0-0	kru4ok.ru	0.000074	1	0	0
11865	76147860-696296-0-0	dosuga.net	0.000008	1	0	0
11857	24111355-1291364-0-0	readmanga.io	0.000002	1	0	0
12507	2412782-419507-0-0	m.avito.ru	0.000005	1	0	0
13256	1-0	champions.empire.bubble	0.000096	1	0	0
11857	2960135-423317-0-0	konkurent.ru	0.000008	2	0	0
11909	68133542-467211-0-0	osnmedia-ru.turbopages.org	0.000008	1	0	0
11868	67685236-464313-0-0	com.androvid	0.000096	1	0	0
12509	65949452-515704-0-0	teleprogramma.pro	0.000008	6	0	0
11909	2447581-1336074-0-0	m.sibkray.ru	0.000003	1	0	0
11864	3849096-126345-0-0	www.gorodche.ru	0.000008	4	0	0
11904	87958458-601378-0-0	knpair.ru	0.000008	1	0	0
12507	7687782-1346645-0-0	infozoid.ru	0.000007	1	0	0
14123	7-313535353630385f3237393838-0-Screen^20broadcaster	com.smamolot.gusher	0.0014	1	1	0
8592	aa2e59ae3e1b2aeb490e1fb747bcb28f-36481d1a104435938	com.easybrain.art.puzzle	0.000096	10	0	0
12512	91114828-653308-0-0	cyberleninka.ru	0.000008	1	0	0
10049	10-844-0-0	24heart.ru	0.000008	9	0	0
8592	166e717235fdef05ed6f210ea9b97c39-87e41006fbd8cf417	com.app.booster.cleaner.batterysaver.boost.cleanmaster	0.000073	1	0	0
8592	70d374d66c472d64a7af5d9064635d9d-d0e954c7ae01cfac8	candymanor.homedesign.match3	0.000088	1	0	0
11858	360988-499315-0-0	diary.ru	0.000008	1	0	0
11860	2431011-287345-0-0	chel.mk.ru	0.000001	1	0	0
11909	965566-175007-0-0	nplus1-ru.turbopages.org	0.000005	1	0	0
11909	83384515-567219-0-0	orenday.ru	0.000008	3	0	0
11858	2412782-419506-0-0	www.avito.ru	0.000004	1	0	0
11857	40853337-467476-0-0	com.icepower.greetcard	0.000096	1	0	0
13898	2c6fa275319f2ac7888559476603ff34-1383057680-0-Pict	com.appynation.wbpc	0.000109	1	0	0
11868	87276007-592221-0-0	www.womanhit.ru	0.000008	2	0	0
11868	509629-29789-0-0	rg.ru	0.000008	2	0	0
11905	1678431-146351-0-0	19rus.info	0.000008	1	0	0
12507	94624243-1256505-0-0	twizz.ru	0.000008	1	0	0
13420	1683374-93e2cddb5a0e4f6c6781e4299a363f3c-0-Park^20To	com.rbx.m3.android	0.000096	1	0	0
11864	6438395-147023-0-0	news.mail.ru	0.000008	2	0	0
11858	92519834-1339798-0-0	my.mp3ha.org	0.000008	1	0	0
12507	8562776-777206-0-0	rg.ru	0.000008	2	0	0
11904	8241282-603771-0-0	rielt.su	0.000008	1	0	0
11904	475686-728766-0-0	amedia.online	0.000006	1	0	0
11857	88040569-602925-0-0	com.karmangames.spider	0.000096	5	0	0
13812	3046333842-2161484944-0-0	primamedia.ru	0.00126	0	1	0
11857	39777815-617208-0-0	com.easybrain.sudoku.killer	0.000096	1	0	0
13256	1-0	com.openmygame.games.android.wordpizza	0.000149	3	3	0
11909	95030716-1353604-0-0	1000testov.com	0.000008	1	0	0
11857	36859922-255561-0-0	medside-ru.turbopages.org	0.000008	1	0	0
9866	0-216200-0-0	www.m24.ru	0.000092	0	1	0
11904	47693966-500224-0-0	sazhaemvsadu.ru	0.000008	1	0	0
11909	65101275-684050-0-0	starhit-ru.turbopages.org	0.000008	1	0	0
8592	aa2e59ae3e1b2aeb490e1fb747bcb28f-50f2cd3c9ffd1aea2	com.easybrain.block.puzzle.games	0.000149	1	1	0
11909	504193-28011-0-0	www.zr.ru	0.000005	1	0	0
11858	89834739-627758-0-0	www.meteonova.ru	0.000008	1	0	0
11791	10-844-0-0	sportliga.fun	0.000008	2	0	0
12507	504193-28011-0-0	www.zr.ru	0.000008	15	0	0
11858	8240866-155688-0-0	www.belnovosti.by	0.000008	1	0	0
12507	48537776-547400-0-0	jut.su	0.000074	2	0	0
12507	8381155-722011-0-0	apteka-103-by.turbopages.org	0.000008	1	0	0
14123	1-3330343132373434365f3237393838-0-PerfectVideoCut	video.cut.editor	0.0014	1	1	0
10009	44c8f50204b5da2199e65ae3befd7013-36cddf7cfa8c8e421	com.miniit.ispotted	0.000096	2	0	0
11909	5387468-155559-0-0	zebra-tv.ru	0.000008	1	0	0
11909	3598907-329895-0-0	ntv-ru.turbopages.org	0.000008	1	0	0
11858	5092531-223754-0-0	ura.news	0.000008	2	0	0
11857	66051405-872037-0-0	ru.codev.wow	0.000014	1	0	0
11909	2400607-105923-0-0	ap22-ru.turbopages.org	0.000008	1	0	0
12507	7687782-448212-0-0	profile.ru	0.000008	15	0	0
11857	91778881-706199-0-0	instanko.ru	0.000008	1	0	0
11904	79962354-547934-0-0	dm-st.ru	0.000008	1	0	0
11857	92662474-1225600-0-0	com.openmygame.games.android.wordpizza	0.000094	2	0	0
11857	66051405-677938-0-0	com.fsdgames.aroundword	0.000096	1	0	0
13256	1-0	bubbleshooter.orig	0.000096	1	0	0
8592	2c6fa275319f2ac7888559476603ff34-687de0b63a5bae747	link.merge.puzzle.onnect.number	0.000096	6	0	0
12507	498578-196262-0-0	vrn-kp-ru.turbopages.org	0.000008	1	0	0
11865	985920-49912-0-0	www.vidal.ru	0.000006	1	0	0
9866	0-216200-0-0	m.7days.ru	0.000074	3	0	0
14123	1-3330343132373434365f3237393838-0-PerfectVideoCut	video.cut.editor	0.000896	2	0	0
11909	65101275-577826-0-0	59.ru	0.000008	3	0	0
11865	88690383-611984-0-0	jaomix.ru	0.000008	1	0	0
12507	2103170-226960-0-0	actualnews-org.turbopages.org	0.000008	2	0	0
11857	3598907-324656-0-0	7days-ru.turbopages.org	0.000008	1	0	0
11909	548057-52397-0-0	www.astromeridian.ru	0.000074	1	0	0
13256	1-0	com.kb.mobfree	0.000096	1	0	0
13256	1-0	mini.block.craft.free.mc	0.000022	1	0	0
12507	1591201-108029-0-0	fighttime.ru	0.000008	1	0	0
8592	2c6fa275319f2ac7888559476603ff34-3401ac4d3bc996af7	com.hyperkani.bomberfriends	0.000096	1	0	0
12507	91864171-708690-0-0	vesti-ru.turbopages.org	0.000008	3	0	0
13256	1-0	com.amberfog.vkfree	0.000096	1	0	0
14055	0-216200-0-0	doramy.top	0.000115	1	1	0
11858	2412782-419506-0-0	www.avito.ru	0.000002	1	0	0
12507	52946227-335165-0-0	business--gazeta-ru.turbopages.org	0.000008	2	0	0
12507	915412-108160-0-0	1prime.ru	0.000008	1	0	0
13420	2300584-0aadce44bd449e77acdd24f8083615df-0-Craft^20W	com.build.vip.realm.city	0.000096	1	0	0
12507	30025181-246104-0-0	discover24-ru.turbopages.org	0.000008	1	0	0
11868	1412746-580826-0-0	www.litmir.me	0.000002	1	0	0
11909	1976532-88865-0-0	mosaica.ru	0.000008	1	0	0
11865	3851078-208465-0-0	rumpus.ru	0.000008	1	0	0
14123	1-313535353435385f3237393838-0-Trial^20and^20Error:^20Ha	com.bitofgame.trialanderrorhalloween	0.00112	0	1	0
11864	65101275-578374-0-0	www.nn.ru	0.000008	1	0	0
11868	571882-151527-0-0	ru.rian.reader	0.000094	1	0	0
11909	2364206-165246-0-0	m.bk55.ru	0.000008	1	0	0
11864	1913056-81260-0-0	dfm.ru	0.000074	1	0	0
8592	2c6fa275319f2ac7888559476603ff34-5c5929bccf80ba401	1516852802	0.000096	1	0	0
11904	32781733-221907-0-0	omsk.move.ru	0.000008	1	0	0
11868	8562776-751699-0-0	regnum.ru	0.000008	1	0	0
8592	2c6fa275319f2ac7888559476603ff34-4e400b4bb7089e006	and.lihuhu.tiletriple3d	0.000096	3	0	0
13256	1-0	com.newnormalgames.phonecasediy	0.000096	1	0	0
11791	59dc3ab7957a91b334256aeaa2f1a26b-bb63b3228a2b0e230	com.taggedapp	0.000096	1	0	0
12507	1412746-1325270-0-0	www.litmir.me	0.000008	2	0	0
8592	2c6fa275319f2ac7888559476603ff34-638e773521dfb4352	com.dino.robot.transformation	0.000096	1	0	0
11858	14309150-547407-0-0	youwebcams.net	0.000008	1	0	0
11857	7546835-148644-0-0	chess-samara.ru	0.000008	1	0	0
11868	88121411-603877-0-0	glavnoe.net	0.000008	1	0	0
12507	18218482-186487-0-0	pogoda7.ru	0.001008	1	0	0
12507	50363257-327452-0-0	m.beboo.ru	0.000008	1	0	0
12507	94848661-1268895-0-0	povar-ru.turbopages.org	0.000004	1	0	0
12507	32810368-417522-0-0	russian-rt-com.turbopages.org	0.000007	1	0	0
11857	32798581-222182-0-0	com.dmitry.social.nets.vkontakevkmini	0.000069	1	0	0
8592	e9c4ddeeda05a71da4ab4d5e959dcbe3-f871c53a7e3dcc9f1	com.lovnee.fashionqueen3d	0.000096	1	0	0
13256	1-0	com.hyperionics.avar	0.000096	2	0	0
11865	54817670-1313142-0-0	wisely.su	0.000008	1	0	0
11868	49905584-324706-0-0	sport24.ru	0.000008	1	0	0
8592	2c6fa275319f2ac7888559476603ff34-28ed4fae804826d81	1553900372	0.000096	1	0	0
11857	504193-28011-0-0	zr-ru.turbopages.org	0.000008	1	0	0
11864	82757547-634531-0-0	izhlife.ru	0.000008	1	0	0
12509	33530085-232061-0-0	spb.cian.ru	0.000002	1	0	0
8592	b0e92ca5d254de5b14bf5425e44c172b-2cdb9043518f76c12	1190849728	0.000149	1	1	0
11909	59767463-418972-0-0	book-online.com.ua	0.000008	1	0	0
13256	1-0	by.rthc.a4hideseek	0.000096	1	0	0
12507	43951914-279321-0-0	vkusneetut-ru.turbopages.org	0.000008	1	0	0
11868	65101275-447181-0-0	m.pogoda.ngs.ru	0.000008	1	0	0
12507	92493306-733615-0-0	bez-makiyazha.ru	0.000008	1	0	0
11857	452669-10552-0-0	www.tutu.ru	0.000008	1	0	0
10208	10-844-0-0	24heart.ru	0.000006	1	0	0
12507	897808-247369-0-0	aif-ru.turbopages.org	0.000008	2	0	0
8592	8f3d7e5bc1644857c2045c8eeaed2afa-2a036a41b6f19fe4b	1452227871	0.000102	1	1	0
11909	5771739-139650-0-0	centrasia.org	0.000008	1	0	0
11865	54770757-1313018-0-0	trewq.ru	0.000008	1	0	0
8592	1a1e574e9702216c640af8d1c8ba1056-bff6da30d3823479d	com.gma.water.sort.puzzle	0.00009	1	0	0
11857	2571917-108562-0-0	www.penzainform.ru	0.000008	1	0	0
12507	18373836-480435-0-0	womans.ws	0.000008	1	0	0
11858	1055963-816214-0-0	spaces.im	0.000008	1	0	0
11860	5706550-281826-0-0	ren.tv	0.000074	2	0	0
12507	65101275-578759-0-0	www.marieclaire.ru	0.000008	1	0	0
11865	54817670-1313187-0-0	wisely.su	0.000008	1	0	0
11904	93178036-774550-0-0	knijky.ru	0.000008	2	0	0
11868	27064358-192495-0-0	pravoved.ru	0.000008	2	0	0
12507	65101275-447175-0-0	ngs24-ru.turbopages.org	0.000008	1	0	0
12507	43263113-277831-0-0	rubaltic-ru.turbopages.org	0.000008	2	0	0
11857	41724942-333441-0-0	libcat.ru	0.000008	1	0	0
11857	464493-334384-0-0	ru.mail.love	0.000096	1	0	0
11865	54977641-347613-0-0	2samogona.ru	0.000008	1	0	0
13256	1-0	com.bigcake.android.mergemania	0.000149	1	1	0
11909	448817-45172-0-0	gotovim--doma-ru.turbopages.org	0.000008	1	0	0
12507	91531139-1287754-0-0	severdv.ru	0.000008	1	0	0
8592	7089f100ca75deb2986b593ff629fd57-7fdea58fae4fe5723	com.inspiredsquare.blocks	0.000096	2	0	0
12507	49274173-447070-0-0	nashideti-site.turbopages.org	0.000008	1	0	0
11904	91864171-708690-0-0	www.vesti.ru	0.000074	1	0	0
12512	51452342-657440-0-0	www.womanhit.ru	0.000008	1	0	0
11904	369305-1038-0-0	3dnews.ru	0.000008	1	0	0
11865	9848988-169278-0-0	ped-kopilka.ru	0.000008	1	0	0
11857	51452342-496695-0-0	daily-inform.ru	0.000074	2	0	0
11865	32125188-806689-0-0	bloknot-volgograd.ru	0.000008	1	0	0
11858	471383-17418-0-0	www.bmwclub.ru	0.000008	1	0	0
12507	71195898-486717-0-0	novosibirsk.mbib.ru	0.000008	1	0	0
12507	5482593-340688-0-0	diabetsahar-ru.turbopages.org	0.000008	1	0	0
13256	1-0	com.hybirdpuzzle.blockpuzzlejewel	0.000096	1	0	0
8592	a644ddb514ec83e02ef96095155ffe47-4df48e9bce5d9be6b	com.es.mod	0.000096	1	0	0
11857	69345697-474152-0-0	com.marulgames.wordsurf	0.000096	2	0	0
12507	41519228-343288-0-0	sonnik.expert	0.000008	1	0	0
11868	91864171-708690-0-0	www.vesti.ru	0.000074	4	0	0
13818	e20e3f54452d9ed24f4315bc71d8cb54-4215833054-0-Alar	com.apalon.myclockfree	0.000109	1	0	0
11909	3945213-322466-0-0	newsbash.ru	0.000013	1	0	0
11868	7226200-154932-0-0	www.chita.ru	0.000008	1	0	0
11865	54817670-1319241-0-0	tale.su	0.000008	1	0	0
11909	87276007-592220-0-0	www.avtovzglyad.ru	0.000008	1	0	0
11857	421215-4959-0-0	mnogodetok.ru	0.000008	2	0	0
12507	51452342-582170-0-0	news-evi.net	0.000008	1	0	0
11857	91411553-671414-0-0	intrigue.dating	0.000074	2	0	0
11857	3046664-115800-0-0	sunhome-ru.turbopages.org	0.000008	1	0	0
11864	6438395-142108-0-0	e.mail.ru	0.000004	1	0	0
11868	75907078-741372-0-0	ru.photostrana.mobile	0.000096	2	0	0
14123	7-313535353434385f3237393838-0-impossible^20car^20stun	com.impossible.tracks.real.race.games	0.000896	2	0	0
8592	2c6fa275319f2ac7888559476603ff34-e823eb75552009d78	com.hts.ambulance.doctor.rescue.games	0.000096	1	0	0
12512	53394450-337082-0-0	www.linux.org.ru	0.000008	1	0	0
11868	36493473-331129-0-0	primpress.ru	0.000042	1	0	0
11864	57585354-392072-0-0	potokmedia.ru	0.000008	1	0	0
11857	88040569-602926-0-0	com.karmangames.solitaire	0.000094	1	0	0
11909	70381402-480827-0-0	tverigrad.ru	0.000008	1	0	0
11857	36493473-331129-0-0	primpress.ru	0.000074	9	0	0
11865	6477779-284177-0-0	sims4pack.ru	0.000008	1	0	0
11864	65101275-578824-0-0	www.ellegirl.ru	0.000008	1	0	0
11857	11393977-175920-0-0	newslab.ru	0.000004	1	0	0
11858	1693336-141266-0-0	webos-forums.ru	0.000008	1	0	0
12507	2103170-226960-0-0	actualnews-org.turbopages.org	0.000002	1	0	0
8669	10-844-0-0	vanzai.ru	0.000008	1	0	0
8592	70d374d66c472d64a7af5d9064635d9d-ecc76f662c79700bb	game.bubble.shooter.dragon.pop	0.000096	10	0	0
13256	1-0	com.tohsoft.free.bubble.shooter.games	0.000085	1	0	0
12507	5092531-223754-0-0	ura-news.turbopages.org	0.000008	10	0	0
8592	0ca0a448c1a390b3f9555a471735b9bf-74963ea5eac1b8656	games.taplab.vertex	0.000096	1	0	0
12507	6734741-154950-0-0	drive2-ru.turbopages.org	0.000008	5	0	0
12507	65101275-575586-0-0	ngs.ru	0.000005	1	0	0
12507	65101275-579437-0-0	www.parents.ru	0.000008	1	0	0
12507	504193-28011-0-0	www.zr.ru	0.000001	1	0	0
13898	4e5030997f90af0bf8d3855684402505-697737464-0-0	com.mad.videovk	0.000109	1	0	0
12513	33263340-358010-0-0	meganovosti.net	0.000003	1	0	0
11858	1006591-50518-0-0	www.amic.ru	0.000008	1	0	0
12507	91159049-655744-0-0	remanga.org	0.000008	1	0	0
11909	498578-1350402-0-0	kp-ru.turbopages.org	0.000008	1	0	0
11909	66475862-459160-0-0	atas-info.turbopages.org	0.000008	1	0	0
11857	66051405-742667-0-0	com.crashtime.realcarcrash	0.000096	2	0	0
12507	7837711-325941-0-0	appetitres.ru	0.000008	1	0	0
13420	1115380-354f951e25da76cd3e07eec1628843d9-0-	com.fingerlab.word.blockpuzzles	0.000096	1	0	0
11865	494474-129944-0-0	fotorecept.com	0.000008	1	0	0
12507	985920-49912-0-0	www.vidal.ru	0.000008	3	0	0
11864	65101275-575586-0-0	ngs.ru	0.000008	1	0	0
12512	2411802-554098-0-0	desu.me	0.000008	1	0	0
11857	39777815-905974-0-0	com.easybrain.solitaire.klondike.free	0.000096	3	0	0
11857	66051405-872037-0-0	ru.codev.wow	0.000096	1	0	0
13256	1-0	frogo.music	0.000096	1	0	0
8669	10-844-0-0	24heart.ru	0.000007	1	0	0
11865	54770757-1320371-0-0	tale.su	0.000008	1	0	0
13256	1-0	id1243672846	0.000096	1	0	0
11904	5510286-1335853-0-0	puzzleheap.ru	0.000001	1	0	0
11864	75381992-755155-0-0	feelindancelabomsk.vsite.biz	0.000008	1	0	0
11868	1412746-580826-0-0	www.litmir.me	0.000008	2	0	0
12507	38661274-725920-0-0	doramiru.com	0.000003	1	0	0
11909	66475862-459160-0-0	nashgorod-ru.turbopages.org	0.000008	2	0	0
10208	21fee56a7508a045067e16181bb7cc2c-24c33cbe19d5fde9e	animenime.ru	0.001008	1	0	0
11858	94820217-1266839-0-0	m.progorod43.ru	0.000008	1	0	0
11857	5092531-241790-0-0	ura-news.turbopages.org	0.000008	4	0	0
11905	93599099-944073-0-0	deti-online.com	0.000008	1	0	0
12507	53377211-1355976-0-0	shtorydekor-ru.turbopages.org	0.000008	1	0	0
11909	1852631-163316-0-0	litrpg.ru	0.000008	1	0	0
11865	1432019-400402-0-0	www.glaz.tv	0.000014	1	0	0
11865	53761435-553870-0-0	pay-koshelek.ru	0.000008	1	0	0
12507	489104-59468-0-0	irecommend.ru	0.000008	1	0	0
11857	92662474-1230829-0-0	com.openmygame.games.ios.wordspizza	0.000096	1	0	0
11864	32125188-427918-0-0	bloknot-volgodonsk.ru	0.000008	1	0	0
11865	51452342-496695-0-0	daily-inform.ru	0.000008	1	0	0
12507	2447581-1336074-0-0	m.sibkray.ru	0.000008	3	0	0
13266	1-0	com.infolink.limeiptv	0.000149	1	1	0
11857	54481034-343003-0-0	com.olvic.gigiprikol	0.000096	1	0	0
13256	1-0	limehd.ru.ctv	0.000096	2	0	0
12507	7687782-448212-0-0	profile.ru	0.000074	9	0	0
12507	65101275-578603-0-0	www.fontanka.ru	0.000008	1	0	0
11898	15737-609610-0-0	puzzle.blockpuzzle.cube.relax	0.000096	1	0	0
11909	548057-52397-0-0	astromeridian-ru.turbopages.org	0.000008	2	0	0
11864	6438395-142108-0-0	e.mail.ru	0.000051	1	0	0
12509	51452342-657440-0-0	www.womanhit.ru	0.000008	2	0	0
13420	34918-2f732047d8d174ec70bd2057cdf4c136-0-Heroes^20Ma	heroes.battle.strategy.card.game	0.000031	1	0	0
12512	51898059-1238537-0-0	ucrazy.ru	0.000008	1	0	0
11858	65101275-575586-0-0	ngs.ru	0.000008	1	0	0
8592	2c6fa275319f2ac7888559476603ff34-ca686bdde783a6151	com.games2win.internationalmakeupartist	0.000096	2	0	0
12507	974947-49517-0-0	9111-ru.turbopages.org	0.000004	1	0	0
11864	1250262-478106-0-0	zabaykalskiy-kray.restate.ru	0.000008	1	0	0
11857	88040569-602925-0-0	com.karmangames.spider	0.000051	1	0	0
12507	32810368-417522-0-0	russian-rt-com.turbopages.org	0.000008	1	0	0
13252	1-0	com.root.clean.boost.explorer.filemanager	0.000096	2	0	0
12507	36859922-255561-0-0	medside-ru.turbopages.org	0.000008	8	0	0
12367	0-216200-0-0	www.om1.ru	0.000074	1	0	0
11909	4100839-54830-0-0	www.newsler.ru	0.000008	1	0	0
12507	39209784-262892-0-0	stuki--druki-com.turbopages.org	0.000008	1	0	0
12507	91622640-728007-0-0	xn----ctbjkjyhmqwq.turbopages.org	0.000003	1	0	0
11857	39777815-653271-0-0	com.easybrain.nonogram.color	0.000096	1	0	0
11909	1913085-81261-0-0	montecarlo.ru	0.000008	3	0	0
12509	65949452-515704-0-0	teleprogramma.pro	0.000074	10	0	0
11791	f88892c498bb482d3cb7f61b5d3c9834-eba86cb46a4008d8a	com.mgc.crime.santa	0.000096	1	0	0
11909	1079701-154772-0-0	bankiclub.ru	0.000008	1	0	0
11865	31135642-216517-0-0	cennyemonety.ru	0.000008	1	0	0
11857	20438162-563646-0-0	m.realnoevremya.ru	0.000008	1	0	0
11858	24111355-1291364-0-0	readmanga.io	0.000008	1	0	0
11868	61500391-640045-0-0	xn----7sbbeeptbfadjdvm5ab9bqj.xn--p1ai	0.000008	1	0	0
12507	59767463-727863-0-0	book-online.com.ua	0.000008	3	0	0
11904	74524890-760231-0-0	swoofe.ru	0.000008	1	0	0
12512	533155-35644-0-0	forum.motolodka.ru	0.000008	1	0	0
11909	33397807-230529-0-0	m.tsargrad.tv	0.000074	1	0	0
13812	2975741273-188602580-0-0	gazeta19.ru	0.001008	1	0	0
8589	1873291845-4080364494-0-0	www.edimdoma.ru	0.001008	1	0	0
11791	ce7028492e2d4a88ec0a315c349c710b-b0b6709a0f8ad3261	com.ucmobile.intl	0.000087	1	0	0
12507	5538648-138320-0-0	bragazeta-ru.turbopages.org	0.000008	3	0	0
8592	70d374d66c472d64a7af5d9064635d9d-d0e954c7ae01cfac8	candymanor.homedesign.match3	0.000087	1	0	0
11865	24142277-191235-0-0	vyatka-grad.ru	0.000008	1	0	0
12507	6706937-586581-0-0	wtftime.ru	0.000008	1	0	0
13256	1-0	com.tilemaster.puzzle.block.match	0.000149	1	1	0
11857	77163618-882225-0-0	com.veraxen.jigsaw	0.000109	3	0	0
12507	6564613-142211-0-0	marpravda-ru.turbopages.org	0.000008	1	0	0
10009	18755fa7b1f3741715cd1f7d99533ac4-3110464737921cc81	1505735640	0.000096	1	0	0
13420	1039598-3abf9b3df815d76f76a1dffc48d5003f-0-Jungle^20	com.cooyostudio.marble.blast	0.000056	1	0	0
11857	32626022-295779-0-0	com.rexplayer.app	0.000095	1	0	0
11905	44302395-279960-0-0	betonpro100.ru	0.000008	2	0	0
11898	15737-609610-0-0	fi.twomenandadog.zombiecatchers	0.000096	2	0	0
11791	10-844-0-0	sportliga.fun	0.00001	0	2	0
12507	1412746-580826-0-0	www.litmir.me	0.000008	1	0	0
11909	42813817-276165-0-0	znak-com.turbopages.org	0.000008	1	0	0
8669	10-844-0-0	carss24.ru	0.000008	1	0	0
12507	36859922-255561-0-0	medside-ru.turbopages.org	0.000007	1	0	0
11904	64173066-440960-0-0	radiokp.ru	0.000008	1	0	0
13256	1-0	com.apalon.myclockfree	0.000096	2	0	0
11864	32125188-427920-0-0	bloknot-krasnodar.ru	0.000008	2	0	0
12507	3293020-752104-0-0	mhealth-ru.turbopages.org	0.000008	1	0	0
11865	91411553-671414-0-0	intrigue.dating	0.000074	1	0	0
13898	01c805c53049664e9e27430ecb979458-1839100016-0-0	com.zifun.bubble	0.000101	1	0	0
10049	10-844-0-0	bydstroi.ru	0.000008	2	0	0
11909	65101275-578759-0-0	www.marieclaire.ru	0.000008	1	0	0
12507	58383-165525-0-0	www.bankodrom.ru	0.000008	1	0	0
12507	407197-91828-0-0	burdastyle.ru	0.000008	1	0	0
11868	65101275-476016-0-0	ru.e1	0.000096	1	0	0
11857	1560494-344753-0-0	gazeta-ru.turbopages.org	0.000006	1	0	0
13685	36195-472385-0-0	www.mk.ru	0.000062	1	0	0
11857	39777815-409217-0-0	com.easybrain.jigsaw.puzzles	0.000096	7	0	0
11865	2412782-419506-0-0	www.avito.ru	0.000003	2	0	0
11858	87936520-601046-0-0	love.mail.ru	0.000008	3	0	0
11904	8157577-352414-0-0	love.ru	0.000008	1	0	0
11868	571882-585106-0-0	ru.rian.reader	0.000096	2	0	0
11865	54770757-1313019-0-0	gnt24.ru	0.000008	1	0	0
12507	94471171-1347064-0-0	avr.next-video.ru	0.000002	1	0	0
8592	2c6fa275319f2ac7888559476603ff34-a8cdc449f74038d88	com.storms.azrun	0.000096	1	0	0
11857	74011181-504039-0-0	postila.ru	0.000008	1	0	0
12507	1528997-89051-0-0	ladyelena-ru.turbopages.org	0.000002	1	0	0
11858	94655083-1259083-0-0	livebir.ru	0.000008	2	0	0
11909	2571917-108562-0-0	www.penzainform.ru	0.000008	1	0	0
13256	5281-0	com.softissimo.reverso.context	0.000096	1	0	0
8592	d175edc338fd33fa1c8c2da3918f86ef-e16b15838a18dc34d	com.superbox.aos.jewelsjungle	0.000077	1	0	0
11909	51020038-328213-0-0	tvsamara-ru.turbopages.org	0.000008	1	0	0
11868	56953682-478194-0-0	www.inmyroom.ru	0.000008	1	0	0
12509	32173729-462648-0-0	technosovet.ru	0.000008	1	0	0
11865	34887135-244725-0-0	delaypol.com	0.000008	1	0	0
11909	6557105-250544-0-0	www.interfax.ru	0.000074	1	0	0
11864	65101275-577872-0-0	74.ru	0.000008	1	0	0
11904	8241282-603771-0-0	rielt.su	0.000007	1	0	0
11909	799371-41196-0-0	www.sport.ru	0.000074	2	0	0
11857	35863817-249501-0-0	tatarlove.ru	0.000008	1	0	0
11791	59dc3ab7957a91b334256aeaa2f1a26b-28ff2042f3eb4c282	com.skout.android	0.000096	1	0	0
11909	91122342-653694-0-0	fanat1k.ru	0.000008	1	0	0
8592	604c7ee8b4cd8212f2189c8f4efb51a7-98cf5012e959ecb65	com.cybernate.slapstickfighter	0.000096	1	0	0
12507	951248-127611-0-0	infox.sg	0.000008	2	0	0
11857	528031-35213-0-0	rusbiathlon.ru	0.000008	1	0	0
11858	39777815-278811-0-0	com.europosit.pixelcoloring	0.000096	1	0	0
11857	39777815-278811-0-0	com.europosit.pixelcoloring	0.000095	2	0	0
11858	31875336-210089-0-0	izvmor.ru	0.000008	1	0	0
11857	1445456-405719-0-0	limehd.ru.ctv	0.000096	16	0	0
8592	8f1f903b2d623233b5f8fd5a248fb623-61e30f295f2848aba	block.puzzle.sudoku.free.game.classic.offline	0.000096	6	0	0
13898	d175edc338fd33fa1c8c2da3918f86ef-975622612-0-456^20S	com.survivallight.survivalgame.candychallenge.survivalchallenge	0.000109	1	0	0
11858	7789417-194566-0-0	kakbiz.ru	0.000008	1	0	0
13580	1dede33b-462b-4625-af5b-3988653b2088-3A6B7EC5-AA3B	ren.tv	0.000046	1	0	0
8592	70d374d66c472d64a7af5d9064635d9d-d0e954c7ae01cfac8	candymanor.homedesign.match3	0.000096	3	0	0
11857	75246770-630542-0-0	com.almondstudio.findwordsoup	0.000096	1	0	0
11865	54817670-1313108-0-0	wisely.su	0.000003	1	0	0
12507	82436991-561344-0-0	kostroma.today	0.000008	2	0	0
11865	93721351-983592-0-0	mensby.com	0.000008	2	0	0
12512	49623587-700970-0-0	www.antik-forum.ru	0.000008	1	0	0
11909	1893637-80562-0-0	zdr-ru.turbopages.org	0.000008	1	0	0
8592	b1b9356c7817b9fefcd8ce9cf8657872-38288fcb451aa181b	com.loop.match3d	0.000091	1	0	0
12512	71813031-490450-0-0	www.gismeteo.ru	0.000008	5	0	0
11909	974947-49517-0-0	www.9111.ru	0.000008	1	0	0
11858	7490678-322588-0-0	ontvtime.tv	0.000008	1	0	0
11857	33397807-230529-0-0	tsargrad-tv.turbopages.org	0.000004	1	0	0
12513	498578-26254-0-0	www.kp.ru	0.000008	1	0	0
12507	7661283-186746-0-0	rem--stroitelstvo-ru.turbopages.org	0.000008	1	0	0
11904	30477641-200831-0-0	moskva.trud.com	0.000008	1	0	0
11868	1412746-1207820-0-0	m.iamcook.ru	0.000008	1	0	0
11864	49657268-323488-0-0	mastergrad.com	0.000008	1	0	0
12507	52946227-341532-0-0	business--gazeta-ru.turbopages.org	0.000008	1	0	0
8592	b1b9356c7817b9fefcd8ce9cf8657872-38288fcb451aa181b	com.loop.match3d	0.000035	1	0	0
11868	33263340-551203-0-0	infotime.co	0.000008	1	0	0
8669	10-844-0-0	biznew.site	0.000008	3	0	0
12507	85896899-706917-0-0	menunedeli-ru.turbopages.org	0.000005	1	0	0
8669	10-844-0-0	24heart.ru	0.000012	1	1	0
11857	31734734-354099-0-0	m.tabor.ru	0.000008	2	0	0
11864	37098483-256588-0-0	oktools.ru	0.000008	4	0	0
12507	1536184-122170-0-0	novozybkov-su.turbopages.org	0.000006	1	0	0
14003	12643-318906-0-lentainform.com	www.lentainform.com	0.000074	1	0	0
11857	1560494-344753-0-0	gazeta-ru.turbopages.org	0.000008	2	0	0
11909	1808940-94217-0-0	allhockey.ru	0.000008	1	0	0
12507	7687782-448212-0-0	profile.ru	0.000005	1	0	0
12507	7687782-1281863-0-0	news.myseldon.com	0.000008	1	0	0
8592	2c6fa275319f2ac7888559476603ff34-88271e2512c1373d4	com.games2win.decisions	0.000096	1	0	0
12367	0-216200-0-0	tass.ru	0.000074	1	0	0
11868	18373836-582153-0-0	designwiki.ru	0.000005	1	0	0
8592	e46feb123831dfba7be5877d9429556b-0e0286ecbf376f43c	com.colobolo.chainball	0.000089	1	0	0
11857	1591201-108029-0-0	fighttime.ru	0.000008	1	0	0
11904	464493-111364-0-0	www.mamba.ru	0.000008	2	0	0
11868	1412746-1325270-0-0	www.litmir.me	0.000008	1	0	0
14037	2bcf6c47-ebdc-4329-8586-1f5121024026-5fa3b14a5a9dc	com.mgc.crime.santa	0.000119	3	1	0
12507	419034-69122-0-0	autolada.ru	0.000008	1	0	0
11857	1180293-56287-0-0	www.kaluga-poisk.ru	0.000008	2	0	0
11868	18373836-1324321-0-0	podborkino.com	0.000008	1	0	0
8592	5a4e6f1a78fd3304d40336db5c3d6550-692adc1063017df35	com.gamestart.moshquito	0.000096	2	0	0
13812	1503422719-876059207-0-0	www.edimdoma.ru	0.001008	1	0	0
12507	4752014-510922-0-0	stroyguru-com.turbopages.org	0.000008	2	0	0
11857	88689873-612941-0-0	com.mocomediallc.fastfriend	0.000082	1	0	0
11857	941157-244051-0-0	eaomedia-ru.turbopages.org	0.000008	1	0	0
8592	345a7e717d80770e7f45e7fd1d19c8f6-068a78cb1ff274602	com.ymirmobile.lunomosik	0.000096	1	0	0
11868	71885840-490795-0-0	www.nur.kz	0.000008	2	0	0
11857	54709207-344887-0-0	com.fugo.wow	0.000096	2	0	0
11857	55359207-555740-0-0	com.softissimo.reverso.context	0.000096	1	0	0
11904	16906968-215596-0-0	homius.ru	0.000008	1	0	0
12507	43061655-276631-0-0	vz-ru.turbopages.org	0.000008	1	0	0
11865	51452342-496695-0-0	daily-inform.ru	0.000074	1	0	0
11904	32657900-220340-0-0	iz.ru	0.000008	1	0	0
12507	24109265-241001-0-0	dekoriko.ru	0.000008	1	0	0
8592	2c6fa275319f2ac7888559476603ff34-758f94d55ce3edea0	cacacat.wobble.man.upstairs	0.000096	1	0	0
8592	aa2e59ae3e1b2aeb490e1fb747bcb28f-50f2cd3c9ffd1aea2	com.easybrain.block.puzzle.games	0.00009	1	0	0
8592	be13a2699e74029344d6a0ad369d354e-c1924a966995f9d27	604044220	0.00006	1	0	0
11858	38661274-637001-0-0	knigkindom.ru	0.000008	1	0	0
11865	69816178-603443-0-0	npcriz-bigshop.ru	0.000008	1	0	0
12507	64173066-443007-0-0	radiokp.ru	0.000006	1	0	0
11865	37713809-258781-0-0	capitalgains.ru	0.000008	1	0	0
13256	1-0	com.dankolab.bablometnew	0.000029	1	0	0
10009	41b3cb8776bb080007be6e0c435825c6-5d66dad7241dc100f	com.wogergames.stickmanannihilation	0.000096	1	0	0
11909	67329156-462096-0-0	1001goroskop.ru	0.000008	3	0	0
11860	1380725-208191-0-0	gazetabiznes.ru	0.000008	1	0	0
11864	6438395-147023-0-0	news.mail.ru	0.000001	1	0	0
12507	42367580-324151-0-0	m.berdsk-online.ru	0.000008	1	0	0
13256	1-0	solitaire.classicgame.klondike.solitaire.freecard	0.000096	1	0	0
13256	1-0	com.tilemaster.puzzle.block.match	0.000096	1	0	0
11865	47693966-667747-0-0	sorokoviny.ru	0.000008	1	0	0
11909	38748038-260973-0-0	www.bashinform.ru	0.000003	1	0	0
12507	31023497-255643-0-0	zachestnyibiznes.ru	0.000008	1	0	0
11909	1955115-430451-0-0	poisklekarstv-com.turbopages.org	0.000008	1	0	0
12507	65101275-684050-0-0	starhit-ru.turbopages.org	0.000008	2	0	0
11858	1124250-54642-0-0	krsk.au.ru	0.000008	2	0	0
11864	6438395-147023-0-0	news.mail.ru	0.000007	1	0	0
9866	0-188086-0-0	m-gazeta-ru.cdn.ampproject.org	0.001008	1	0	0
11865	4826290-321056-0-0	empires-and-puzzles.ru	0.000008	1	0	0
11909	6438395-353887-0-0	otvet.mail.ru	0.000008	1	0	0
11857	76096585-538209-0-0	com.krutigrama.games.android.words.collector	0.000009	1	0	0
12507	7295714-153743-0-0	russian.rt.com	0.000074	2	0	0
11909	26809064-675583-0-0	avtika.ru	0.000008	2	0	0
12507	32810368-417522-0-0	russian-rt-com.turbopages.org	0.000006	1	0	0
12512	985313-152565-0-0	trinixy.ru	0.000008	1	0	0
11791	9df7f8c0217efca328edc86154acacfe-f1c75af72783c25d7	com.pencil.madness	0.000096	1	0	0
14055	0-216200-0-0	www.om1.ru	0.000074	1	0	0
11865	30570339-1247823-0-0	www.9111.ru	0.000008	1	0	0
11865	3916508-284699-0-0	igra-pasyans.ru	0.000008	1	0	0
11865	91778881-706199-0-0	instanko.ru	0.000008	1	0	0
12507	407197-196583-0-0	forum.ivd.ru	0.000002	1	0	0
12507	91864171-708690-0-0	www.vesti.ru	0.000008	1	0	0
11858	31575695-208854-0-0	www.orgpage.ru	0.000008	1	0	0
11865	812502-329558-0-0	anynews.ru	0.000008	1	0	0
11864	2214953-342128-0-0	www.ural56.ru	0.000008	1	0	0
12507	90720690-643887-0-0	mir-knig.com	0.000004	1	0	0
13420	1748585-b4ddf2efee15a1606a37ffc09326f67c-0-Standof	com.harpiastudios.scs	0.000096	1	0	0
11865	915412-108160-0-0	1prime.ru	0.000004	1	0	0
11857	51468706-330066-0-0	m.vz.ru	0.000008	8	0	0
12507	65101275-479384-0-0	fontanka-ru.turbopages.org	0.000002	1	0	0
12507	3281497-226986-0-0	sport--express-ru.turbopages.org	0.000008	2	0	0
12507	32039088-212225-0-0	tehnika.expert	0.000008	1	0	0
11858	2412782-189903-0-0	www.avito.ru	0.000008	1	0	0
11865	54770757-533399-0-0	clay24.ru	0.000008	1	0	0
12513	1913064-81259-0-0	rusradio.ru	0.000008	1	0	0
13256	1-0	com.fingerlab.word.blockpuzzles	0.000119	0	2	0
9864	0-216200-0-0	m.7days.ru	0.000074	3	0	0
8592	41b3cb8776bb080007be6e0c435825c6-629991a25151568c4	com.winwingames.scanwords	0.000119	0	1	0
11858	93178036-774550-0-0	knijky.ru	0.000008	1	0	0
12512	419034-69122-0-0	autolada.ru	0.000008	1	0	0
10009	9e47c9ac784eb641f314f76a379e8f95-12629b97e30eeb4e5	com.herocraft.game.cut.arcade.catchthecandy	0.000095	1	0	0
12507	471383-17418-0-0	www.bmwclub.ru	0.000008	1	0	0
10208	10-844-0-0	bydstroi.ru	0.000006	1	0	0
14056	0-216200-0-0	teleprogramma.pro	0.000074	4	0	0
13256	1-0	pozdravuha.ru.pozdravleniya	0.000096	1	0	0
11857	88689873-612941-0-0	com.mocomediallc.fastfriend	0.000057	1	0	0
11864	71813031-490450-0-0	www.gismeteo.ru	0.000008	1	0	0
11865	461352-14070-0-0	cat.mau.ru	0.000008	1	0	0
10009	29271786d90dcd90788b1165d0f37c2c-f8f8559a62e93d643	com.tile.match.connect.game	0.000096	1	0	0
11909	24063418-242868-0-0	stroy-podskazka.ru	0.000008	2	0	0
12507	90484702-639714-0-0	csn--tv-ru.turbopages.org	0.000008	1	0	0
12512	51452342-714624-0-0	www.avtovzglyad.ru	0.000008	2	0	0
12512	72896180-498580-0-0	www.babyplan.ru	0.000074	1	0	0
11865	65101275-579334-0-0	www.vokrugsveta.ru	0.000008	1	0	0
12513	1913064-81259-0-0	rusradio.ru	0.000074	1	0	0
11857	2103170-497885-0-0	dni24-com.turbopages.org	0.000008	3	0	0
12507	407197-158840-0-0	lisa-ru.turbopages.org	0.000008	1	0	0
9866	0-216200-0-0	clck.lentainform.com	0.000074	1	0	0
12507	931235-747347-0-0	my-calend.ru	0.000008	1	0	0
11868	52902843-579520-0-0	www.meteovesti.ru	0.000008	1	0	0
11858	850341-45493-0-0	www.cqham.ru	0.000008	1	0	0
11857	65101275-447162-0-0	www.fontanka.ru	0.000008	4	0	0
11857	47990698-293798-0-0	com.droid27.transparentclockweather	0.000012	1	0	0
13898	350950cdc03143ca263e8c3a3563a174-3320549152-0-Park	com.lszenlamzr.parkingjam	0.000109	1	0	0
8592	2c6fa275319f2ac7888559476603ff34-0974cc53a04475e20	com.pronetis.ironball2	0.000019	1	0	0
11857	88689873-612941-0-0	com.mocomediallc.fastfriend	0.000096	4	0	0
11868	91320665-688690-0-0	yastatic.net	0.000074	1	0	0
8592	b1b9356c7817b9fefcd8ce9cf8657872-0edbd8a08cbf5cbf5	1557233964	0.000096	1	0	0
11909	34205345-240680-0-0	akket.com	0.000008	3	0	0
12512	1312384-59770-0-0	izgr.ru	0.000006	1	0	0
13256	1-0	com.brucemax.boxintervals	0.000096	1	0	0
11865	54770757-1321635-0-0	resort.trewq.ru	0.000008	1	0	0
11857	8381155-721620-0-0	bankiros-ru.turbopages.org	0.000008	1	0	0
11791	d175edc338fd33fa1c8c2da3918f86ef-66efd38d8d404cb69	com.naver.linewebtoon	0.000096	1	0	0
11868	371996-604547-0-0	lapkins.ru	0.000008	1	0	0
12507	24111355-1291364-0-0	readmanga.io	0.000008	2	0	0
11865	984635-747803-0-0	daynotes.ru	0.000008	1	0	0
12507	2201084-344968-0-0	tarantas-news.turbopages.org	0.000002	1	0	0
11904	5510286-138138-0-0	razlozhi.ru	0.000008	3	0	0
8592	7089f100ca75deb2986b593ff629fd57-612222c1a43e7dfaa	1480338372	0.000096	1	0	0
11909	93261812-810117-0-0	doramalive.ru	0.000008	1	0	0
11865	54817670-382757-0-0	jokeru.ru	0.000008	2	0	0
11909	66475862-459160-0-0	mkset-ru.turbopages.org	0.000008	1	0	0
13252	13818-0	www.sports.ru	0.000096	1	0	0
12512	915412-108160-0-0	1prime.ru	0.000008	2	0	0
12507	90720690-643887-0-0	mir-knig.com	0.000008	5	0	0
11865	6557105-250544-0-0	www.interfax.ru	0.000008	1	0	0
12507	88546469-708736-0-0	www.kleo.ru	0.000074	2	0	0
11857	51898059-1212039-0-0	doramy.top	0.000007	1	0	0
8592	b1b9356c7817b9fefcd8ce9cf8657872-38288fcb451aa181b	com.loop.match3d	0.000096	4	0	0
8669	10-844-0-0	bydstroi.ru	0.000003	1	0	0
11904	92869524-750730-0-0	nissan-modus.ru	0.000008	1	0	0
9011	40621-491126-0-0	gajets24.ru	0.000062	1	0	0
12509	5092869-134625-0-0	echo.msk.ru	0.000008	1	0	0
11865	88690383-611984-0-0	jaomix.ru	0.000074	2	0	0
11860	61604753-450467-0-0	ctroikin.ru	0.000008	1	0	0
