BidCostStat	2.5
2021-10-13
12176	1-0	com.homedesign.makeover.story.mansion.free	0.000667	0	1	0

2021-10-14
11909	93087228-768550-0-0	www.expertcen.ru	0.000002	1	0	0
11909	92945426-752689-0-0	sibdepo-ru.turbopages.org	0.000008	1	0	0
12507	91072570-651430-0-0	igromania-ru.turbopages.org	0.000008	1	0	0
11864	1913112-81265-0-0	maximum.ru	0.000008	1	0	0
12507	4684670-155160-0-0	ogorod-ru.turbopages.org	0.000008	1	0	0
11904	2411802-554098-0-0	desu.me	0.000008	1	0	0
12507	88546469-708736-0-0	www.kleo.ru	0.000072	1	0	0
12507	571882-179755-0-0	ru.armeniasputnik.am	0.000006	1	0	0
11860	2112549-91685-0-0	mirtesen.ru	0.000008	1	0	0
11858	24111355-1291364-0-0	readmanga.io	0.000008	1	0	0
11909	611794-251060-0-0	www.syzran-small.ru	0.000008	1	0	0
12507	5015738-115491-0-0	toyotacamry.ru	0.000003	1	0	0
11864	65101275-576513-0-0	v1.ru	0.000008	1	0	0
11864	800047-595979-0-0	mix.sibnet.ru	0.000008	1	0	0
9012	35566-603693-0-0	www.kleo.ru	0.000061	1	0	0
12507	91864171-708690-0-0	www.vesti.ru	0.000008	1	0	0
11858	38661274-635654-0-0	pdf-book.ru	0.000008	1	0	0
11865	475686-728766-0-0	amedia.online	0.000008	1	0	0
10006	65bd063b3720d703fa73072dcabb277a-9c78d4358b08e3587	englishpromo.ru	0.000008	1	0	0
8669	3938cf97ea84e2a9485f979e908bda87-6dd7f7a279120d51b	www.playground.ru	0.000008	1	0	0
11791	65bd063b3720d703fa73072dcabb277a-9c78d4358b08e3587	rserial.net	0.000072	1	0	0
11791	65bd063b3720d703fa73072dcabb277a-9c78d4358b08e3587	zetserial.online	0.000008	1	0	0
11909	1913085-81261-0-0	montecarlo.ru	-20.833258	1	0	0
11791	65bd063b3720d703fa73072dcabb277a-9c78d4358b08e3587	www.soloby.ru	0.000008	1	0	0
11858	36494725-252049-0-0	zab.ru	0.000008	1	0	0
14056	0-187544-0-0	doctorpiter.ru	0.000072	1	0	0
11868	51898059-994668-0-0	trinixy.ru	0.000008	1	0	0
9868	0-187544-0-0	haikyuu.fandom.com	0.000072	1	0	0
12507	93999566-1270170-0-0	dacharai.ru	0.000008	1	0	0
11858	2412782-419506-0-0	www.avito.ru	0.000007	1	0	0
11909	14202643-181300-0-0	asktel.ru	0.000008	1	0	0
11909	410659-1400-0-0	www.f1news.ru	0.000003	1	0	0
12507	5015738-115491-0-0	toyotacamry.ru	0.000008	1	0	0
11864	65101275-577844-0-0	76.ru	0.000005	1	0	0
11909	1718328-210972-0-0	cont.ws	0.000008	1	0	0
12509	464493-142053-0-0	www.mamba.ru	0.000005	1	0	0
14056	0-216200-0-0	tass.ru	0.000072	1	0	0
11909	92547660-736449-0-0	sm.news	0.000008	1	0	0
9866	0-187544-0-0	t-grad.fandom.com	0.000072	1	0	0
11909	36882225-356036-0-0	kolesa-ru.turbopages.org	0.000008	1	0	0
12512	980566-48186-0-0	books.academic.ru	0.000008	1	0	0
12507	24111355-1291364-0-0	readmanga.io	0.000006	1	0	0
12507	14912667-505343-0-0	messengers.guru	0.000008	1	0	0
11909	65101275-575584-0-0	m.e1.ru	0.000008	1	0	0
11909	56408691-382093-0-0	rb.ru	0.000008	1	0	0
11865	67138575-460538-0-0	dating.ru	0.000003	1	0	0
9012	35566-604023-0-0	www.kleo.ru	0.000061	1	0	0
11857	7295714-153743-0-0	russian.rt.com	0.000007	1	0	0
11904	88683488-643583-0-0	hd01.ru	0.000072	1	0	0
11857	509629-196263-0-0	rg-ru.turbopages.org	0.000008	1	0	0
11865	4342450-247290-0-0	politobzor.net	0.000008	1	0	0
11868	407197-99551-0-0	playboyrussia.com	0.000008	1	0	0
11857	55881117-834558-0-0	transportspb.com	0.000008	1	0	0
12507	5092869-134625-0-0	echo-msk-ru.turbopages.org	0.000008	1	0	0
11865	6477779-284177-0-0	sims4pack.ru	0.000008	1	0	0
11865	54464709-342612-0-0	korzik.net	0.000008	1	0	0
11904	5332802-136546-0-0	kupiprodai.ru	0.000005	1	0	0
12507	3003711-114821-0-0	russian7.ru	0.000008	1	0	0
12507	33530085-232061-0-0	barnaul.cian.ru	0.000008	1	0	0
11865	2112549-91685-0-0	mirtesen.ru	0.000008	1	0	0
11858	522469-74936-0-0	www.qrz.ru	0.000006	1	0	0
11865	3916508-284699-0-0	igra-pasyans.ru	0.000008	1	0	0
11868	4342450-263322-0-0	topcor.ru	0.000007	1	0	0
12507	1359387-188353-0-0	moskva.firmsbase.ru	0.000008	1	0	0
12507	8381155-721620-0-0	bankiros-ru.turbopages.org	0.000008	1	0	0
12507	89917519-628951-0-0	altapress-ru.turbopages.org	0.000003	1	0	0
11909	93087228-768550-0-0	www.expertcen.ru	0.000001	1	0	0
11864	6438395-152034-0-0	hi-tech.mail.ru	0.000008	2	0	0
12507	91437683-986333-0-0	autosaratov-ru.turbopages.org	0.000008	1	0	0
12507	2112549-91685-0-0	rjjaca.ru	0.000008	1	0	0
11905	4800911-418638-0-0	seahair.ru	0.000038	1	0	0
12507	845311-45272-0-0	m.rosbalt.ru	0.000072	1	0	0
11905	2112549-91685-0-0	recepty.mirtesen.ru	0.000004	1	0	0
11858	65101275-575584-0-0	www.e1.ru	0.000007	1	0	0
11909	2112549-91685-0-0	mirtesen.sputnik.ru	0.000008	1	0	0
9866	0-187544-0-0	www.psychologies.ru	0.000072	1	0	0
11865	31979275-487732-0-0	nissan-modus.ru	0.000008	1	0	0
11905	6622038-491998-0-0	cleany.biz	0.000008	1	0	0
12509	65949452-515704-0-0	teleprogramma.pro	0.000025	1	0	0
11865	31757949-331795-0-0	krepezhinfo.ru	0.000008	1	0	0
12368	0-216200-0-0	doctorpiter.ru	0.000072	2	0	0
11864	92614311-739884-0-0	maxpark.com	0.000003	1	0	0
11909	49697278-424313-0-0	proosteklenie.com	0.000008	1	0	0
11909	66475862-459160-0-0	inkazan-ru.turbopages.org	0.000008	1	0	0
11865	91356535-1311131-0-0	finmarket.ru	0.000008	1	0	0
12513	3293020-125354-0-0	www.goodhouse.ru	0.000008	1	0	0
12507	7286645-580131-0-0	tech.onliner.by	0.000005	1	0	0
11864	93915523-1220312-0-0	viarum.ru	0.000008	1	0	0
9869	0-187544-0-0	klops.ru	0.000072	1	0	0
12507	51427268-608233-0-0	teron.online	0.000008	1	0	0
11909	34521910-357240-0-0	mediasole.ru	0.000008	1	0	0
11865	88351087-745818-0-0	www.amur.life	0.000008	1	0	0
11909	6734741-154950-0-0	drive2-ru.turbopages.org	0.000008	1	0	0
9866	0-187544-0-0	m.orakul.com	0.000072	1	0	0
11858	1073961-59722-0-0	cmet4uk.ru	0.000008	1	0	0
11865	61326047-410657-0-0	www.zelenograd.ru	0.000008	1	0	0
11904	1011571-129791-0-0	an-crimea.ru	0.000008	1	0	0
11858	65101275-578374-0-0	www.nn.ru	0.000008	2	0	0
12507	17831135-257562-0-0	profazu-ru.turbopages.org	0.000008	1	0	0
11864	17298947-195429-0-0	helpiks.org	0.000008	1	0	0
11904	31446184-207709-0-0	www.rnk.ru	0.000008	1	0	0
11868	1412746-580826-0-0	www.litmir.me	0.000002	1	0	0
11905	91099357-756448-0-0	planshet-info.ru	0.000008	1	0	0
11858	503611-30324-0-0	persey-kovka.blizko.ru	0.000008	1	0	0
11909	67794112-465151-0-0	www.motoforum.ru	0.000002	1	0	0
11868	1412746-1325270-0-0	www.litmir.me	0.000006	1	0	0
12507	56724359-734681-0-0	dieta-prosto.ru	0.000008	1	0	0
12507	65101275-447116-0-0	76-ru.turbopages.org	0.000008	1	0	0
11908	3420410-122989-0-0	moskva.regmarkets.ru	0.000008	1	0	0
12507	1412746-580826-0-0	www.litmir.me	0.000008	1	0	0
12507	48537776-547400-0-0	jut.su	0.000018	1	0	0
12507	8381155-721610-0-0	lentachel-ru.turbopages.org	0.000008	1	0	0
11909	92150295-716961-0-0	www.lsgeotar.ru	0.000008	1	0	0
11909	39315718-724782-0-0	informing-ru.turbopages.org	0.000008	1	0	0
12507	7668328-149888-0-0	nalog--nalog-ru.turbopages.org	0.000008	2	0	0
11858	66148688-954324-0-0	motivators.ru	0.000008	1	0	0
12507	8984986-262233-0-0	agrognom.ru	0.000008	1	0	0
11858	1322075-70350-0-0	fb.ru	0.000008	1	0	0
11868	1560494-485869-0-0	lenta.ru	0.000072	1	0	0
11857	87936520-601046-0-0	www.mamba.ru	0.000007	1	0	0
11865	92228712-720838-0-0	the-moment.ru	0.000008	1	0	0
12507	8562776-755147-0-0	www.adme.ru	0.000008	1	0	0
12512	51898059-1212039-0-0	doramy.top	0.000008	1	0	0
11864	37098483-256588-0-0	oktools.ru	0.000001	1	0	0
12507	5451716-137716-0-0	informing-ru.turbopages.org	0.000008	1	0	0
8669	10-844-0-0	www.gorno-altaisk.info	0.000008	1	0	0
11865	45819849-488052-0-0	domashnierecepty.info	0.000008	1	0	0
11865	8381155-722027-0-0	www.belta.by	0.000008	1	0	0
11868	897669-56459-0-0	pikabu.ru	0.000001	1	0	0
12507	51898059-1263934-0-0	podborkino.com	0.000008	1	0	0
11909	61657907-412959-0-0	m.spletnik.ru	0.000008	1	0	0
11858	1150722-343724-0-0	imageban.ru	0.000008	1	0	0
11857	1339383-583358-0-0	parazitdoma-ru.turbopages.org	0.000008	1	0	0
11858	6374880-141239-0-0	4pda.to	0.000008	1	0	0
9866	0-187544-0-0	klops.ru	0.000072	1	0	0
12507	526151-320628-0-0	cubiq.ru	0.000008	1	0	0
11909	83384515-567219-0-0	orenday.ru	0.000001	1	0	0
12509	69023754-472787-0-0	www.realtymag.ru	0.000007	1	0	0
11864	71813031-490450-0-0	www.gismeteo.ru	0.000008	1	0	0
12513	1913064-81259-0-0	rusradio.ru	0.000008	1	0	0
12507	4684670-155160-0-0	ogorod-ru.turbopages.org	0.000003	1	0	0
12507	5092531-223754-0-0	ura-news.turbopages.org	0.000008	2	0	0
12507	16906968-215596-0-0	homius.ru	0.000008	1	0	0
11909	2064639-164017-0-0	classinform.ru	0.000008	1	0	0
11864	6438395-505321-0-0	vkrabota.ru	0.000008	1	0	0
11865	5092869-134625-0-0	echo.msk.ru	0.000008	2	0	0
11909	34521910-357240-0-0	onashem.mediasole.ru	0.000008	1	0	0
11857	4684670-155160-0-0	ogorod-ru.turbopages.org	0.000008	1	0	0
9865	0-216200-0-0	teleprogramma.pro	0.000072	1	0	0
12507	1769765-73403-0-0	www.kp40.ru	0.000005	1	0	0
12507	61701008-724684-0-0	my--expert-ru.turbopages.org	0.000006	1	0	0
12507	34408360-242635-0-0	history.wikireading.ru	0.000008	1	0	0
12507	94765604-1263597-0-0	sprosivracha.com	0.000003	1	0	0
12507	3770863-111361-0-0	kazan.1000bankov.ru	0.000007	1	0	0
11865	69816178-664588-0-0	newlb.ru	0.000008	2	0	0
11905	2112549-91685-0-0	antimrakobes.mirtesen.ru	0.000008	1	0	0
11868	1412746-580208-0-0	m.iamcook.ru	0.000003	1	0	0
11865	9848988-169280-0-0	alegri.ru	0.000008	1	0	0
11868	30477641-200831-0-0	www.trud.com	0.000008	1	0	0
12507	1432019-400402-0-0	www.glaz.tv	0.000072	1	0	0
12507	6734741-154950-0-0	drive2-ru.turbopages.org	0.000008	1	0	0
12367	0-216200-0-0	m.7days.ru	0.000072	1	0	0
11857	31072018-203802-0-0	vkuso.ru	0.000008	1	0	0
11858	8176469-155098-0-0	forum.na-svyazi.ru	0.000008	1	0	0
11857	88359830-607457-0-0	mishka-knizhka.ru	0.000008	1	0	0
12507	94346353-1299351-0-0	www.cyberforum.ru	0.000004	1	0	0
11865	93379862-1308094-0-0	banki.loans	0.000008	1	0	0
11858	1560494-660797-0-0	mail.rambler.ru	0.000001	1	0	0
12507	87276007-688589-0-0	avtovzglyad-ru.turbopages.org	0.000008	1	0	0
11858	31023497-255643-0-0	zachestnyibiznes.ru	0.000008	1	0	0
12507	4206240-536980-0-0	sadgrad-ru.turbopages.org	0.000008	1	0	0
11857	1166165-66274-0-0	knitka.ru	0.000072	1	0	0
12507	7762060-209389-0-0	fclmnews.ru	0.000002	1	0	0
12507	7687782-448212-0-0	profile.ru	0.000001	1	0	0
11868	1560494-344753-0-0	gazeta-ru.turbopages.org	0.000001	1	0	0
9866	0-216200-0-0	286.howto-news.info	0.000072	1	0	0
11864	6557105-250544-0-0	www.interfax.ru	0.000052	1	0	0
11909	7773941-513280-0-0	storyone.ru	0.000003	1	0	0
11908	575797-267611-0-0	newsbryansk.ru	0.000007	1	0	0
12512	91114828-653308-0-0	cyberleninka.ru	0.000008	2	0	0
11868	6557105-513007-0-0	moya-planeta.ru	0.000008	1	0	0
11865	32125188-428270-0-0	bloknot-kamyshin.ru	0.000008	1	0	0
11865	1448522-80672-0-0	medside.ru	0.000008	1	0	0
11858	1172082-270498-0-0	azimutlife.ru	0.000008	1	0	0
12512	92928962-752036-0-0	animego.org	0.000036	1	0	0
11858	65101275-577844-0-0	76.ru	0.000008	1	0	0
12512	6746465-142629-0-0	kurgan.hh.ru	0.000008	1	0	0
12507	94346353-1232639-0-0	nauka.club	0.000007	1	0	0
11857	5550422-138437-0-0	m.tvzvezda.ru	0.000008	1	0	0
12507	8381155-721605-0-0	bobsoccer.ru	0.000006	1	0	0
11905	2112549-91685-0-0	kvartira.mirtesen.ru	0.000008	1	0	0
11909	1386626-1294341-0-0	readmanga.io	0.000008	2	0	0
11858	5092869-134625-0-0	echo.msk.ru	0.000006	1	0	0
11904	5165396-135358-0-0	newsroom24.ru	0.000008	1	0	0
9011	42917-616717-0-0	turkcinema.org	0.000061	1	0	0
11909	40879015-268596-0-0	naavtotrasse.ru	0.000008	1	0	0
12507	36882225-356036-0-0	kolesa-ru.turbopages.org	0.000008	2	0	0
11857	5247121-70983-0-0	yarportal.ru	0.000008	1	0	0
12507	2441487-107386-0-0	bryansktoday-ru.turbopages.org	0.000008	1	0	0
12507	354367-6817-0-0	tvcenter-ru.turbopages.org	0.000008	1	0	0
11860	71813031-490450-0-0	www.gismeteo.ru	0.000005	1	0	0
11865	1023760-52282-0-0	bikepost.ru	0.000008	1	0	0
11904	48821797-320410-0-0	malaya-purga.gde.ru	0.000008	1	0	0
12507	33530085-232061-0-0	spb.cian.ru	0.000008	1	0	0
12507	2412782-106253-0-0	www.avito.ru	0.000008	1	0	0
11909	41934011-272783-0-0	thebell.io	0.000004	1	0	0
12378	34951-104560-0-0	www.baby.ru	0.000061	1	0	0
11858	2814265-341850-0-0	osemenah.ru	0.000003	1	0	0
11865	902346-341916-0-0	xn----7sbb5adknde1cb0dyd.xn--p1ai	0.000008	1	0	0
11865	36097531-340866-0-0	www.loverme.ru	0.000008	1	0	0
12509	1202504-330212-0-0	skolkogramm.ru	0.000008	1	0	0
11860	71813031-490450-0-0	www.gismeteo.ru	0.000008	1	0	0
12509	49905584-324706-0-0	sport24.ru	0.000008	1	0	0
12507	7687782-448212-0-0	profile.ru	0.000014	1	0	0
11868	33162632-226336-0-0	newizv-ru.turbopages.org	0.000008	1	0	0
12507	5633386-138917-0-0	myslo.ru	0.000008	1	0	0
11905	2112549-91685-0-0	kp.mirtesen.ru	0.000008	1	0	0
11858	57648680-392466-0-0	onrealt.ru	0.000008	2	0	0
8669	10-844-0-0	www.gorno-altaisk.info	0.000005	1	0	0
11858	65101275-447165-0-0	love.ngs.ru	0.000008	2	0	0
11909	8207458-155370-0-0	m.1777.ru	0.000008	1	0	0
11904	450596-9524-0-0	www.profinance.ru	0.000008	1	0	0
12507	4436289-425860-0-0	yomed.ru	0.000008	1	0	0
10131	0-35313285-0-0	vjav.com	0.000007	1	1	0
12507	73147933-495963-0-0	makeword.ru	0.000008	1	0	0
12512	91517824-1254361-0-0	plwind.ru	0.000008	1	0	0
12507	943573-289991-0-0	gadgetstyle-com-ua.turbopages.org	0.000008	1	0	0
12507	7525791-336655-0-0	oprofnastile.ru	0.000008	1	0	0
12507	34382785-242460-0-0	sharypovo.vsn.ru	0.000002	1	0	0
12507	93736421-989340-0-0	kylinariya-ru.turbopages.org	0.000002	1	0	0
12507	35137317-386378-0-0	gradusplus.com	0.000005	1	0	0
14055	0-187544-0-0	m.7days.ru	0.00006	1	0	0
11864	65101275-577826-0-0	59.ru	0.000008	2	0	0
11904	68133542-467211-0-0	www.osnmedia.ru	0.000008	1	0	0
12507	30529568-197530-0-0	anisima-ru.turbopages.org	0.000008	1	0	0
11865	93721351-983592-0-0	mensby.com	0.000008	1	0	0
11865	91483064-675473-0-0	www.tomat-pomidor.com	0.000008	1	0	0
11865	1432019-400402-0-0	www.glaz.tv	0.000072	1	0	0
11865	91622640-695445-0-0	medbzz.com	0.000008	1	0	0
11865	91774418-710028-0-0	roscomland.ru	0.000008	1	0	0
11865	3181465-730766-0-0	www.online-perevozka.ru	0.000008	1	0	0
12507	49533561-511257-0-0	lvrach-ru.turbopages.org	0.000005	1	0	0
11857	8381155-721620-0-0	bankiros-ru.turbopages.org	0.000008	1	0	0
11865	354367-6817-0-0	tvcenter.ru	0.000072	1	0	0
11858	3181465-730766-0-0	www.online-perevozka.ru	0.000008	1	0	0
11909	39315718-724782-0-0	informing-ru.turbopages.org	0.000003	1	0	0
11909	30384494-195174-0-0	mycollages.ru	0.000008	1	0	0
11857	7222300-453784-0-0	xchip.ru	0.000008	1	0	0
12507	91483064-675473-0-0	www.tomat-pomidor.com	0.000008	1	0	0
9866	0-187544-0-0	skam.online	0.000072	1	0	0
11865	14202643-181300-0-0	asktel.ru	0.000008	1	0	0
11909	7222300-211187-0-0	opnevmonii.ru	0.000008	1	0	0
11864	87276007-592220-0-0	www.avtovzglyad.ru	0.000008	1	0	0
11865	92149542-716935-0-0	playmaker24.ru	0.000008	1	0	0
11857	464493-142053-0-0	www.mamba.ru	0.000005	1	0	0
12509	6746465-142629-0-0	hh.ru	0.000006	1	0	0
12507	523900-231491-0-0	teleprogramma-pro.turbopages.org	0.000008	2	0	0
11905	92386429-872461-0-0	cxem.net	0.000008	1	0	0
11858	423405-145194-0-0	www.sberometer.ru	0.000004	1	0	0
12507	845311-45272-0-0	rosbalt-ru.turbopages.org	0.000008	2	0	0
12507	5804892-188569-0-0	domsdelat.ru	0.000008	1	0	0
11858	897795-259301-0-0	forum.ixbt.com	0.000008	1	0	0
11904	73222433-496671-0-0	gif.d3.ru	0.000007	1	0	0
11858	51898059-542538-0-0	www.amic.ru	0.000008	1	0	0
12507	63615999-591127-0-0	propotolok-guru.turbopages.org	0.000005	1	0	0
12507	41296583-409102-0-0	posobie--expert-com.turbopages.org	0.000008	1	0	0
11905	1085061-547807-0-0	be5.biz	0.000008	1	0	0
11864	6438395-147023-0-0	news.mail.ru	0.000001	1	0	0
12507	36882225-271972-0-0	altapress.ru	0.000008	1	0	0
12507	805568-239247-0-0	cosmo--frost-ru.turbopages.org	0.000008	1	0	0
12507	38661274-637001-0-0	knigkindom.ru	0.000008	1	0	0
11791	10-844-0-0	s-otvet.ru	0.000006	1	0	0
9866	0-187544-0-0	animeonline.cc	0.000072	1	0	0
11857	41296583-479805-0-0	stroyday.ru	0.000008	1	0	0
12507	6963345-143476-0-0	vestivrn-ru.turbopages.org	0.000008	1	0	0
11909	1850342-501134-0-0	os.x-pdf.ru	0.000008	1	0	0
12507	1756154-113576-0-0	m.sibkray.ru	0.000003	1	0	0
11865	30570339-681436-0-0	ahtubinsk.bezformata.com	0.000008	1	0	0
11860	5706550-281826-0-0	ren.tv	0.000072	2	0	0
11865	980566-164678-0-0	dic.academic.ru	0.000008	1	0	0
11865	67329156-462096-0-0	1001goroskop.ru	0.000008	1	0	0
12507	8562776-755177-0-0	www.gismeteo.ru	0.000004	1	0	0
11904	73222433-496671-0-0	barbatus.d3.ru	0.000008	1	0	0
11904	73622320-500250-0-0	ktv-ray.ru	0.000008	1	0	0
11865	65101275-579434-0-0	www.elledecoration.ru	0.000008	2	0	0
12513	3293020-129405-0-0	www.cosmo.ru	0.000008	3	0	0
11904	64173066-440960-0-0	radiokp.ru	0.000008	1	0	0
12507	32828127-698229-0-0	rovnayadoroga.ru	0.000008	1	0	0
11864	6438395-152035-0-0	pogoda.mail.ru	0.000008	1	0	0
11909	93261812-810117-0-0	doramalive.ru	0.000072	2	0	0
11909	93836300-1210014-0-0	www.bolshoyvopros.ru	0.000004	1	0	0
11865	41239617-270330-0-0	d-russia.ru	0.000006	1	0	0
9865	0-187544-0-0	haikyuu.fandom.com	0.000072	1	0	0
9866	0-187544-0-0	www.film.ru	0.000072	1	0	0
12507	3030129-115169-0-0	krasnoyarsk.unibo.ru	0.000008	1	0	0
11858	3379876-262275-0-0	vkfaces.com	0.000008	1	0	0
11857	1491773-984860-0-0	wbcon-ru.turbopages.org	0.000008	1	0	0
11865	8562776-854242-0-0	forum.littleone.ru	0.000008	1	0	0
12507	3293020-129367-0-0	popmech-ru.turbopages.org	0.000008	3	0	0
11857	2103170-226960-0-0	actualnews-org.turbopages.org	0.000008	1	0	0
9864	0-187544-0-0	m.7days.ru	0.000067	1	0	0
12507	31113536-204531-0-0	markakachestva.ru	0.000008	1	0	0
11858	843386-47290-0-0	verstov.info	0.000008	1	0	0
11857	22684436-260651-0-0	expert-kachestva.ru	0.000008	1	0	0
11865	9577719-990556-0-0	vk-look.com	0.000008	1	0	0
11865	41296583-479805-0-0	stroyday.ru	0.000008	1	0	0
12507	70693224-599999-0-0	dachnyuchastok.ru	0.000008	1	0	0
11858	7295714-188279-0-0	russian.rt.com	0.000072	1	0	0
11864	51543156-330548-0-0	www.rusfootball.info	0.000008	1	0	0
11857	1560494-250393-0-0	auto-rambler-ru.turbopages.org	0.000008	1	0	0
12509	33530085-232061-0-0	ulyanovsk.cian.ru	0.000004	1	0	0
11865	91411553-671414-0-0	intrigue.dating	0.000008	5	0	0
12509	51898059-1302353-0-0	readmanga.io	0.000008	1	0	0
12509	12015-19204-0-0	m.svadba.net.ru	0.000008	1	0	0
12507	52946227-335165-0-0	business--gazeta-ru.turbopages.org	0.000008	1	0	0
11858	2412782-419506-0-0	www.avito.ru	0.000002	2	0	0
11909	74526880-541957-0-0	fishki-net.turbopages.org	0.000008	1	0	0
11904	30477641-200831-0-0	www.trud.com	0.000008	1	0	0
12509	51898059-578331-0-0	www.om1.ru	0.000072	1	0	0
11865	30570339-681432-0-0	svpressa.ru	0.000008	2	0	0
12512	31446184-207679-0-0	www.hr-director.ru	0.000008	1	0	0
11865	93335226-830873-0-0	www.eg.ru	0.000004	1	0	0
12509	65949452-777099-0-0	www.amic.ru	0.000008	1	0	0
11860	2390032-357688-0-0	www.msn.com	0.000005	1	0	0
12512	7295714-188279-0-0	russian.rt.com	0.000008	1	0	0
14056	0-216200-0-0	101.ru	0.000072	1	0	0
11858	1164991-193153-0-0	arc.familyspace.ru	0.000008	1	0	0
14049	41316-586119-0-0	m.7days.ru	0.000039	1	0	0
10009	6d4e33980ff0d340926898fa68e2f0cf-ac0cfa0dfcc0909ac	atastv.ru	0.000072	1	0	0
11909	93335226-830873-0-0	www.eg.ru	0.000008	1	0	0
11857	456103-357463-0-0	reklama.sarov.info	0.000008	1	0	0
11857	65101275-579344-0-0	doctorpiter.ru	0.000006	1	0	0
12507	36143836-272894-0-0	car-ru.turbopages.org	0.000008	2	0	0
11857	15911475-183515-0-0	meteoinfo.ru	0.000008	1	0	0
11905	30415581-195397-0-0	sanktpeterburg.flagma.ru	0.000008	1	0	0
11904	1873567-129758-0-0	mir24.tv	0.000072	1	0	0
11865	462006-279104-0-0	bezbukv.ru	0.000008	1	0	0
9012	42919-585884-0-0	animedub.ru	0.000054	1	0	0
12509	65949452-515704-0-0	teleprogramma.pro	0.000005	1	0	0
11905	544012-26792-0-0	www.apsny.ge	0.000008	1	0	0
11857	87936520-601046-0-0	love.mail.ru	0.000007	1	0	0
12507	2268602-274478-0-0	2bitcoins-ru.turbopages.org	0.000008	1	0	0
11858	5764493-278531-0-0	kineshemec.ru	0.000008	1	0	0
11909	35316052-624494-0-0	vitdoors.ru	0.000008	1	0	0
12509	87243665-1214378-0-0	vtorichka24.ru	0.000008	1	0	0
8669	d02ff298d7e9598c6b823222406f7da7-4ffa511090f592d2d	101.ru	0.000072	3	0	0
12507	90484702-639714-0-0	csn--tv-ru.turbopages.org	0.000008	1	0	0
12507	5538648-138320-0-0	bragazeta-ru.turbopages.org	0.000008	1	0	0
12509	33530085-232061-0-0	yaroslavl.cian.ru	0.000008	1	0	0
11868	2412782-419507-0-0	m.avito.ru	0.000001	1	0	0
9866	0-216200-0-0	www.tourprom.ru	0.000072	1	0	0
12507	476196-292318-0-0	onlayn-radio.ru	0.000008	1	0	0
11858	43551868-278924-0-0	dacha365.net	0.000008	1	0	0
10009	21fee56a7508a045067e16181bb7cc2c-e4a26f930c0db018d	animeonline.cc	0.000072	1	0	0
12507	4752014-512150-0-0	pchelgid.ru	0.000008	1	0	0
11864	31446184-207704-0-0	www.gazeta-unp.ru	0.000072	2	0	0
11904	360130-237019-0-0	spravokno.ru	0.000008	1	0	0
10009	6d4e33980ff0d340926898fa68e2f0cf-ac0cfa0dfcc0909ac	animeonline.cc	0.000072	3	0	0
11858	6734741-142545-0-0	www.drive2.com	0.000008	1	0	0
12507	3293020-129405-0-0	www.cosmo.ru	0.000008	1	0	0
11858	2412782-419506-0-0	www.avito.ru	0.000003	1	0	0
11865	43501167-384283-0-0	shkaf-kupe-info.ru	0.000003	1	0	0
11905	1678431-146351-0-0	19rus.info	0.000008	1	0	0
11865	43501167-384283-0-0	shkaf-kupe-info.ru	0.000008	1	0	0
11868	1560494-718748-0-0	www.livejournal.com	0.000072	1	0	0
12507	8236148-168743-0-0	baby-ru.turbopages.org	0.000008	1	0	0
11864	2182784-95065-0-0	k1news.ru	0.000008	1	0	0
11858	3148565-117598-0-0	forum.vsalde.ru	0.000008	1	0	0
11858	24111355-1291364-0-0	readmanga.io	0.000005	1	0	0
11868	3090793-147280-0-0	pravoved.ru	0.000007	1	0	0
11905	2112549-91685-0-0	dachaa.mirtesen.ru	0.000008	1	0	0
11857	5131788-753823-0-0	joxi.ru	0.000002	1	0	0
11864	532164-35333-0-0	forum.mfd.ru	0.000008	1	0	0
11865	6490011-233828-0-0	healthy-lady.ru	0.000008	1	0	0
11864	65101275-576144-0-0	29.ru	0.000008	1	0	0
11909	1024057-50948-0-0	eva.ru	0.000008	1	0	0
12507	318248-38292-0-0	alc44.ru	0.000008	1	0	0
11868	71813031-545728-0-0	www.gismeteo.ru	0.000005	1	0	0
11858	5092869-134625-0-0	echo.msk.ru	0.000008	2	0	0
11865	92147898-728499-0-0	srtmx.ru	0.000008	1	0	0
11857	74098768-753548-0-0	miwiki.ru	0.000008	1	0	0
12507	395247-2681-0-0	agroserver.ru	0.000008	1	0	0
11904	10322213-277627-0-0	100realt.ru	0.000006	1	0	0
11865	91778881-698607-0-0	profter.ru	0.000072	1	0	0
11909	1913085-81261-0-0	montecarlo.ru	0.000005	1	0	0
9864	0-216200-0-0	www.eg.ru	0.000072	1	0	0
11868	503611-30324-0-0	izhevsk.blizko.ru	0.000008	1	0	0
11858	4360456-647830-0-0	regioninformburo.ru	0.000008	1	0	0
11858	438943-6419-0-0	www.startfilm.ru	0.000072	1	0	0
10208	65bd063b3720d703fa73072dcabb277a-9c78d4358b08e3587	domashka-doma.ru	0.000008	1	0	0
11909	45831074-426271-0-0	lenta-spb.ru	0.000008	1	0	0
12507	3223322-913275-0-0	fructberry-com.turbopages.org	0.000008	2	0	0
11908	93473535-887242-0-0	proshkolu.ru	0.000008	1	0	0
11864	7889672-405632-0-0	almetievsk-ru.ru	0.000008	1	0	0
11857	36493473-331129-0-0	primpress.ru	0.000008	1	0	0
10049	3938cf97ea84e2a9485f979e908bda87-be42ed724014c720b	www.yaplakal.com	0.000008	1	0	0
11909	36347347-289558-0-0	adrum.ru	0.000002	1	0	0
11909	5872841-1268335-0-0	mangabook.org	0.000008	1	0	0
12507	8153363-187978-0-0	foodandhealth-ru.turbopages.org	0.000006	1	0	0
11865	3451193-1249760-0-0	mir-knigi.net	0.000008	1	0	0
11909	1575077-270664-0-0	raskras-etot-mir.ru	0.000003	1	0	0
11868	70390261-678361-0-0	xn--80abig4adlcfon.xn--p1ai	0.000008	1	0	0
11860	45746419-284959-0-0	schlock.ru	0.000007	1	0	0
12507	92928962-752036-0-0	animego.org	0.000072	1	0	0
11909	76348590-527241-0-0	coronavirus-monitor.info	0.000008	1	0	0
12507	33530085-232061-0-0	ryazan.cian.ru	0.000008	2	0	0
11864	941157-244057-0-0	ussurmedia.ru	0.000008	2	0	0
11858	51452342-582170-0-0	news.news-evi.net	0.000008	1	0	0
11858	32125188-427184-0-0	bloknot.ru	0.000008	1	0	0
11905	452669-10552-0-0	www.tutu.ru	0.000008	1	0	0
9864	0-187544-0-0	m.7days.ru	0.000055	1	0	0
11865	37338157-453473-0-0	kraski-net.ru	0.000005	1	0	0
11865	88690383-611984-0-0	jaomix.ru	0.000008	2	0	0
11858	73222433-496671-0-0	gif.d3.ru	0.000008	1	0	0
11868	89739637-984354-0-0	komiinform.ru	0.000008	1	0	0
11858	787004-41591-0-0	taganrog.promportal.su	0.000008	1	0	0
11864	444832-78383-0-0	tragos.ru	0.000008	1	0	0
12507	91864171-708690-0-0	www.vesti.ru	0.000007	1	0	0
11858	31575695-208854-0-0	www.orgpage.ru	0.000008	1	0	0
11905	2112549-91685-0-0	glagol.mirtesen.ru	0.000008	1	0	0
11909	79428861-545653-0-0	ranobes.com	0.000008	2	0	0
11857	728568-69138-0-0	pozdravok.ru	0.000008	1	0	0
11857	71191770-486682-0-0	mainstyles.ru	0.000008	1	0	0
11865	46431776-287922-0-0	reactor.cc	0.000008	1	0	0
11857	941157-244057-0-0	ussurmedia.ru	0.000008	1	0	0
12507	51468706-330066-0-0	vz-ru.turbopages.org	0.000008	2	0	0
11904	7388780-187174-0-0	domostr0y.ru	0.000072	1	0	0
12507	39077187-262482-0-0	teksty-pesenok.ru	0.000044	1	0	0
11909	35004741-246962-0-0	po-krymu.ru	0.000008	1	0	0
11909	5594412-138704-0-0	regnum.ru	0.000008	1	0	0
12507	1386626-1294341-0-0	readmanga.io	0.000008	1	0	0
12507	94346353-1232639-0-0	nauka.club	0.000008	1	0	0
11904	6438461-709396-0-0	ok.ru	0.000003	1	0	0
11909	65101275-579344-0-0	doctorpiter.ru	0.000034	1	0	0
11860	51898059-994668-0-0	trinixy.ru	0.000008	1	0	0
11865	7325353-258553-0-0	beton-house.com	0.000008	1	0	0
10009	65bd063b3720d703fa73072dcabb277a-9c78d4358b08e3587	turkcinema.org	0.000072	1	0	0
11865	500274-97839-0-0	uraloved.ru	0.000008	1	0	0
14058	40517-489803-0-0	www.yaplakal.com	0.000008	1	0	0
11868	84665160-683313-0-0	zaycev.net	0.000008	2	0	0
11868	7689119-618604-0-0	kulinarnyj-portal.ru	0.000008	1	0	0
11857	7295714-153743-0-0	russian.rt.com	0.000004	1	0	0
11909	357150-68794-0-0	pf-k.ru	0.000008	1	0	0
12509	91864171-708690-0-0	www.vesti.ru	0.000072	5	0	0
12507	78925847-636653-0-0	list-vk.com	0.000008	1	0	0
12512	1487103-116916-0-0	tumen.qlaster.ru	0.000008	1	0	0
11865	88101756-754798-0-0	genshin-info.ru	0.000008	1	0	0
11904	51468706-330066-0-0	vz.ru	0.000008	4	0	0
11858	51741941-407511-0-0	chudo-udo.info	0.000008	1	0	0
11857	91411553-671414-0-0	intrigue.dating	0.000031	1	0	0
11865	32125188-428267-0-0	bloknot-stavropol.ru	0.000008	1	0	0
10208	3938cf97ea84e2a9485f979e908bda87-be42ed724014c720b	www.yaplakal.com	0.000008	1	0	0
11791	6f74b1d4b2ed506a17af3512d3fe8687-7a4768dd42d5d74b9	turkru.tv	0.000072	1	0	0
11909	2103616-1298380-0-0	septik.guru	0.000008	1	0	0
11858	1447124-63539-0-0	spartak.msk.ru	0.000008	1	0	0
11858	2172096-752040-0-0	calcus.ru	0.000008	1	0	0
12507	30936129-264008-0-0	tur-ray.ru	0.000008	1	0	0
12509	3090793-147280-0-0	pravoved.ru	0.000004	1	0	0
11865	3032033-115425-0-0	www.obltv.ru	0.000008	1	0	0
11858	5092531-223754-0-0	ura.news	0.000008	4	0	0
11858	77920991-1260281-0-0	zvukiknig.net	0.000008	1	0	0
11868	92386429-746409-0-0	telik.top	0.000008	3	0	0
12507	54297489-509047-0-0	habr.guwi.ru	0.000008	1	0	0
12513	1913085-81261-0-0	montecarlo.ru	0.000008	1	0	0
11868	1412746-1325270-0-0	www.litmir.me	0.000008	3	0	0
11909	7378703-147144-0-0	eadaily.com	0.000072	1	0	0
12507	4333524-732646-0-0	el--klinika-ru.turbopages.org	0.000008	1	0	0
11860	88404570-1280164-0-0	siestafood.ru	0.000008	1	0	0
11868	2412782-419507-0-0	m.avito.ru	0.000003	1	0	0
9866	0-216200-0-0	www.lentainform.com	0.000037	1	0	0
14055	0-187544-0-0	www.om1.ru	0.000072	2	0	0
11858	55881117-834558-0-0	transportspb.com	0.000008	1	0	0
12507	49657268-323488-0-0	mastergrad.com	0.000008	2	0	0
11909	6438395-353890-0-0	tv.mail.ru	0.000008	2	0	0
11858	39769321-506418-0-0	old.autopiter.ru	0.000008	2	0	0
12507	45818621-410641-0-0	www.autoezda.com	0.000008	1	0	0
12507	7687782-448212-0-0	profile.ru	0.000011	1	0	0
11904	68543924-531163-0-0	cars.av.by	0.000008	1	0	0
12507	2557137-751119-0-0	itfit-pro.turbopages.org	0.000008	1	0	0
12507	7295714-153743-0-0	russian-rt-com.turbopages.org	0.000008	1	0	0
11868	38661274-725920-0-0	doramiru.com	0.000008	1	0	0
11865	91778783-709727-0-0	sadda.ru	0.000008	1	0	0
11865	35137317-386378-0-0	gradusplus.com	0.000008	1	0	0
11904	6438461-709396-0-0	ok.ru	0.000008	3	0	0
11865	54817670-382757-0-0	jokeru.ru	0.000008	1	0	0
11868	91864171-708690-0-0	www.vesti.ru	0.000048	1	0	0
12507	9486813-188520-0-0	stkoaprf.ru	0.000008	1	0	0
11909	509629-196263-0-0	rg.ru	0.000008	2	0	0
11864	33662969-233503-0-0	forum.novgorod.ru	0.000008	1	0	0
12507	91404400-670896-0-0	1profnastil-ru.turbopages.org	0.000008	1	0	0
12513	93524086-1223262-0-0	xn--c1afjenhpy1e1a.xn--p1ai	0.000008	1	0	0
12507	1694625-291940-0-0	audioskazki-online.ru	0.000008	2	0	0
9012	42617-614939-0-0	24smi.org	0.000061	1	0	0
11905	91547729-718225-0-0	rus-avtomir.ru	0.000008	1	0	0
12507	89984185-630327-0-0	pg13-ru.turbopages.org	0.000008	1	0	0
11909	52535961-573192-0-0	vkusno.mirtesen.ru	0.000008	1	0	0
11858	76348590-527241-0-0	coronavirus-monitor.info	0.000008	1	0	0
11865	91774534-710195-0-0	texnotoys.ru	0.000014	1	0	0
11868	1075270-104044-0-0	sec.reshmat.ru	0.000008	2	0	0
11858	86690274-607061-0-0	ctnews.ru	0.000008	1	0	0
12507	18967467-186981-0-0	salik.biz	0.000008	1	0	0
11909	5092869-134625-0-0	echo.msk.ru	0.000005	1	0	0
11791	10-844-0-0	s-otvet.ru	0.000008	4	0	0
11868	33397807-242671-0-0	tsargrad-tv.turbopages.org	0.000008	1	0	0
12507	1943371-83032-0-0	psy--magic-org.turbopages.org	0.000008	1	0	0
11909	65101275-579334-0-0	www.vokrugsveta.ru	0.000008	1	0	0
11858	5764089-149860-0-0	pravda-sotrudnikov.ru	0.000008	1	0	0
12507	48537776-547400-0-0	jut.su	0.000072	1	0	0
11865	847504-55048-0-0	www.allcarz.ru	0.000008	1	0	0
11868	1412746-700425-0-0	www.litmir.me	0.000008	1	0	0
11865	5878455-139705-0-0	7dach.ru	0.000034	1	0	0
11909	54464709-342612-0-0	korzik.net	0.000008	1	0	0
12507	6477779-284177-0-0	sims4pack.ru	0.000008	1	0	0
12509	6746465-142629-0-0	spb.hh.ru	0.000008	1	0	0
14056	0-216200-0-0	www.m24.ru	0.000072	1	0	0
12507	7687782-253370-0-0	anews-com.turbopages.org	0.000008	2	0	0
11864	65101275-575586-0-0	ngs.ru	0.000002	1	0	0
11865	3874619-125894-0-0	bash.im	0.000008	1	0	0
11858	58502698-395640-0-0	www.yapokupayu.ru	0.000008	2	0	0
11904	5510286-138138-0-0	razlozhi.ru	0.000008	9	0	0
11904	509629-29789-0-0	adfox.ru	0.000008	1	0	0
14056	0-187544-0-0	www.lentainform.com	0.000072	2	0	0
12509	6626107-142338-0-0	www.zemvopros.ru	0.000008	1	0	0
11868	5387468-155559-0-0	zebra-tv.ru	0.000008	3	0	0
13686	40517-489803-0-0	www.yaplakal.com	0.000009	0	1	0
9866	0-216200-0-0	24smi.org	0.000072	1	0	0
12507	544535-187065-0-0	rusfermer-net.turbopages.org	0.000008	1	0	0
11857	16951930-184419-0-0	kitchendecorium.ru	0.000072	3	0	0
11904	1548602-243469-0-0	tesera.ru	0.000008	1	0	0
11905	503611-30324-0-0	msk.blizko.ru	0.000008	1	0	0
11864	11393977-175920-0-0	newslab.ru	0.000008	1	0	0
11860	3374460-122337-0-0	ekb.dk.ru	0.000008	1	0	0
12367	0-187544-0-0	disciples.fandom.com	0.000072	1	0	0
11905	2112549-91685-0-0	mirtesen.ru	0.000008	6	0	0
12507	6601699-142265-0-0	ilive-com-ua.turbopages.org	0.000008	1	0	0
12507	974947-49517-0-0	www.9111.ru	0.000008	2	0	0
9866	0-187544-0-0	disciples.fandom.com	0.000072	1	0	0
12507	7378703-147144-0-0	eadaily.com	0.000008	1	0	0
12507	54837797-677880-0-0	gamergirl-ru.turbopages.org	0.000008	1	0	0
11909	6438395-457268-0-0	youla.ru	0.000008	2	0	0
12507	30946067-920116-0-0	specmahina.ru	0.000008	1	0	0
12507	87276007-592219-0-0	rzn.mk.ru	0.000072	1	0	0
11904	498578-26254-0-0	www.dv.kp.ru	0.000008	1	0	0
11909	318248-213091-0-0	heaclub.ru	0.000008	1	0	0
11909	2738119-109466-0-0	chessfield.ru	0.000008	1	0	0
11858	93335226-830873-0-0	www.eg.ru	0.000008	1	0	0
12507	26809064-1301270-0-0	mon-ecole.ru	0.000008	1	0	0
11865	17384578-552443-0-0	renovatsiya-moskva.ru	0.000008	1	0	0
12507	941157-244057-0-0	ussurmedia.ru	0.000003	1	0	0
11868	50521278-327084-0-0	360tv-ru.turbopages.org	0.000008	2	0	0
11909	68136352-492477-0-0	koffkindom.ru	0.000008	1	0	0
12509	5092869-134625-0-0	echo.msk.ru	0.000008	1	0	0
11864	4140396-127625-0-0	www.newkaliningrad.ru	0.000008	1	0	0
10208	817-3521-0-0	atastv.ru	0.000072	1	0	0
11909	91122342-653694-0-0	fanat1k.ru	0.000008	1	0	0
12507	31266300-205913-0-0	riavrn.ru	0.000008	1	0	0
11858	4012495-76942-0-0	usamodelkina.ru	0.000008	1	0	0
11909	6438395-353887-0-0	otvet.mail.ru	0.000008	1	0	0
11865	494474-102843-0-0	otzovik.com	0.000008	4	0	0
11909	57648680-392466-0-0	onrealt.ru	0.000008	2	0	0
12507	9631807-1284472-0-0	kakzarabativat.ru	0.000008	1	0	0
12507	2239710-205475-0-0	o-sebe.com	0.000008	1	0	0
11865	30570339-692376-0-0	www.business.ru	0.000008	1	0	0
12507	54497203-471364-0-0	autogear.ru	0.000008	2	0	0
11865	63430708-493494-0-0	schemy.ru	0.000001	1	0	0
12509	73222433-496671-0-0	trollitota.d3.ru	0.000008	1	0	0
11857	32402134-217631-0-0	wooordhunt.ru	0.000008	1	0	0
11857	1818286-494149-0-0	sovet-ingenera.com	0.000072	1	0	0
11865	3293020-125354-0-0	www.goodhouse.ru	0.000008	1	0	0
11865	2412782-419506-0-0	www.avito.ru	0.000005	3	0	0
12507	75837862-521503-0-0	kurgan-ru.turbopages.org	0.000008	1	0	0
12507	509629-486824-0-0	rg-ru.turbopages.org	0.000008	3	0	0
11858	93056858-757385-0-0	synapsenet.ru	0.000008	2	0	0
12507	407197-91828-0-0	burdastyle.ru	0.000008	1	0	0
11864	6438395-151536-0-0	health.mail.ru	0.000008	2	0	0
12507	1448522-80672-0-0	medside.ru	0.000008	1	0	0
11858	5878455-139705-0-0	7dach.ru	0.000008	1	0	0
11865	8562776-756197-0-0	www.eg.ru	0.000072	1	0	0
11858	54689608-349697-0-0	design-homes.ru	0.000008	1	0	0
12507	2412782-419506-0-0	www.avito.ru	0.000004	1	0	0
12507	91072570-651429-0-0	kanobu.ru	0.000008	1	0	0
11857	94765604-1263597-0-0	sprosivracha.com	0.000008	2	0	0
12507	2412782-419507-0-0	m.avito.ru	0.000002	2	0	0
11865	91301353-664984-0-0	litlife.club	0.000002	1	0	0
11868	27064358-192495-0-0	pravoved.ru	0.000007	1	0	0
11868	65101275-447164-0-0	m.love.e1.ru	0.000008	1	0	0
9869	0-187544-0-0	hd01.ru	0.000072	1	0	0
11858	73204048-500202-0-0	radiopotok.ru	0.000008	1	0	0
11909	51452342-1209672-0-0	quiz-and-facts.com	0.000008	1	0	0
11864	65101275-447165-0-0	love.ngs.ru	0.000004	1	0	0
12507	8381155-722011-0-0	apteka-103-by.turbopages.org	0.000008	6	0	0
11865	994452-105696-0-0	news.sarbc.ru	0.000008	1	0	0
11791	10-844-0-0	sales2.prime-call.ru	0.000008	1	0	0
11868	8562776-752125-0-0	www.mk.ru	0.000008	2	0	0
11868	371996-604547-0-0	lapkins.ru	0.000004	1	0	0
12507	36493473-331129-0-0	primpress.ru	0.000072	2	0	0
11864	36882225-268239-0-0	www.newkaliningrad.ru	0.000008	2	0	0
11868	8562776-756630-0-0	femmie.ru	0.000008	1	0	0
11909	49533561-511257-0-0	www.lvrach.ru	0.000008	1	0	0
10209	10-844-0-0	rusvesti24.ru	0.00009	0	1	0
11858	1006591-50518-0-0	www.amic.ru	0.000008	1	0	0
11909	42813817-276165-0-0	www.znak.com	0.000008	4	0	0
11909	51452342-496695-0-0	daily-inform.ru	0.000008	1	0	0
11865	31663907-209042-0-0	www.sutynews.ru	0.000008	1	0	0
11868	8562776-753104-0-0	www.inmyroom.ru	0.000008	1	0	0
12507	3281497-226986-0-0	sport--express-ru.turbopages.org	0.000007	1	0	0
12509	985920-49912-0-0	www.vidal.ru	0.000007	1	0	0
11865	486016-722909-0-0	bobik.online	0.000002	1	0	0
11865	6734741-142545-0-0	www.drive2.ru	0.000008	1	0	0
11909	41934011-272783-0-0	thebell.io	0.000008	1	0	0
12507	87276007-606542-0-0	mk-ru.turbopages.org	0.000008	3	0	0
12507	7295714-153743-0-0	russian.rt.com	0.000072	4	0	0
12507	26809064-677990-0-0	allomart.ru	0.000008	1	0	0
11905	732789-15049-0-0	moskva.tradedir.ru	0.000008	1	0	0
11909	19379947-187075-0-0	cpykami.ru	0.000008	1	0	0
12507	7664547-442805-0-0	m--strana-ru.turbopages.org	0.000008	1	0	0
9865	0-216200-0-0	wallscloud.net	0.000072	1	0	0
11858	1055963-816214-0-0	spaces.im	0.000002	1	0	0
12507	91437683-775204-0-0	tkaner-com.turbopages.org	0.000008	1	0	0
11864	86690274-607061-0-0	ctnews.ru	0.000005	1	0	0
12507	31446184-207693-0-0	pro--personal-ru.turbopages.org	0.000005	1	0	0
12507	9132820-163508-0-0	kurer--sreda-ru.turbopages.org	0.000008	1	0	0
12507	91624402-825024-0-0	fedpress.ru	0.000008	2	0	0
11904	2412782-419506-0-0	www.avito.ru	0.000008	2	0	0
11865	91774534-710198-0-0	profzentr.ru	0.000008	2	0	0
11909	36867070-255603-0-0	proshoper.ru	0.000008	1	0	0
12507	48272767-989426-0-0	gb21perm-ru.turbopages.org	0.000008	1	0	0
11858	73147933-495963-0-0	makeword.ru	0.000008	2	0	0
14055	0-187544-0-0	www.om1.ru	0.000053	1	0	0
12507	32750379-224904-0-0	slovarozhegova.ru	0.000008	1	0	0
11909	395772-80569-0-0	www.hibiny.com	0.000008	1	0	0
11857	974947-49517-0-0	9111-ru.turbopages.org	0.000008	1	0	0
12507	32657900-220340-0-0	iz-ru.turbopages.org	0.000008	5	0	0
12507	69338205-474128-0-0	okcomfort.com	0.000008	1	0	0
9864	0-216200-0-0	m.7days.ru	0.000072	4	0	0
11868	1412746-1207820-0-0	www.iamcook.ru	0.000008	1	0	0
12507	30936129-201812-0-0	krymania-ru.turbopages.org	0.000007	1	0	0
12507	62513698-669227-0-0	clinica--opora-ru.turbopages.org	0.000006	1	0	0
11904	8157577-352414-0-0	love.ru	0.000008	1	0	0
12507	68133542-467211-0-0	osnmedia-ru.turbopages.org	0.000008	10	0	0
11868	91419305-993802-0-0	dom-isemya.ru	0.000008	1	0	0
11909	3984262-143115-0-0	bizorg.su	0.000008	1	0	0
11857	31568195-208995-0-0	elektrobiz.ru	0.000008	1	0	0
14123	12058-3239333830313638305f3337313230-0-0	files.im	0.000984	1	0	0
12507	49608361-418964-0-0	1000.menu	0.000001	1	0	0
11858	2918101-113120-0-0	www.u-mama.ru	0.000008	6	0	0
11909	770388-64074-0-0	www.redwhite.ru	0.000006	1	0	0
11857	39041554-450778-0-0	kaljaninfo-ru.turbopages.org	0.000008	1	0	0
12507	63605753-428867-0-0	minyt--ka-ru.turbopages.org	0.000008	2	0	0
11865	7975544-153745-0-0	tass.ru	0.000072	1	0	0
11857	7632479-149419-0-0	riafan-ru.turbopages.org	0.000008	2	0	0
12507	63615999-592913-0-0	sonniki-guru.turbopages.org	0.000008	1	0	0
11909	93087228-768550-0-0	www.expertcen.ru	0.000008	1	0	0
11857	1447124-63539-0-0	spartak.msk.ru	0.000008	1	0	0
14056	0-216200-0-0	doctorpiter.ru	0.000072	1	0	0
9869	0-187544-0-0	anews.com	0.000072	1	0	0
12507	2076965-90081-0-0	calculator-credit.ru	0.000008	1	0	0
11857	1386626-1294341-0-0	readmanga.io	0.000008	1	0	0
11858	1560494-660797-0-0	mail.rambler.ru	0.000003	1	0	0
14056	0-216200-0-0	www.m24.ru	0.000042	1	0	0
9866	0-187544-0-0	haikyuu.fandom.com	0.000072	1	0	0
12507	44302395-279960-0-0	betonpro100-ru.turbopages.org	0.000008	1	0	0
11905	5299287-136213-0-0	club.osinka.ru	0.000008	2	0	0
11909	93836300-1210014-0-0	www.bolshoyvopros.ru	0.000008	3	0	0
12509	3090793-147280-0-0	pravoved.ru	0.000008	1	0	0
11864	7797099-151523-0-0	inpot.ru	0.000008	1	0	0
11858	42116-147899-0-0	index.kodifikant.ru	0.000008	1	0	0
11868	92386429-746409-0-0	telik.top	0.000007	1	0	0
11904	6438461-709396-0-0	ok.ru	0.000072	4	0	0
11857	2292871-100441-0-0	www.infpol.ru	0.000008	1	0	0
9866	0-216200-0-0	m.7days.ru	0.000024	1	0	0
11864	6438395-149027-0-0	kino.mail.ru	0.000008	3	0	0
11868	43061655-276631-0-0	vz.ru	0.000008	2	0	0
11865	3977605-126662-0-0	medi.ru	0.000008	1	0	0
11858	1024057-50948-0-0	eva.ru	0.000008	1	0	0
11868	2390032-357673-0-0	www.msn.com	0.000008	1	0	0
11905	33575579-323133-0-0	otravmah.online	0.000008	1	0	0
11865	91778881-706199-0-0	instanko.ru	0.000072	1	0	0
12367	0-216200-0-0	tass.ru	0.000072	1	0	0
12513	2390032-356910-0-0	www.msn.com	0.000008	3	0	0
12507	59767463-727863-0-0	book-online.com.ua	0.000008	1	0	0
12507	11648129-176547-0-0	iklife-ru.turbopages.org	0.000004	1	0	0
11857	92519834-1268273-0-0	dydki.info	0.000008	1	0	0
11857	2412782-419507-0-0	m.avito.ru	0.000002	1	0	0
12509	65949452-934152-0-0	www.paparazzi.ru	0.000008	1	0	0
12507	33397807-230529-0-0	m-ekb.tsargrad.tv	0.000008	1	0	0
11864	1124250-54642-0-0	krsk.au.ru	0.000008	2	0	0
11864	6438395-142108-0-0	octavius.mail.ru	0.000008	1	0	0
13677	35253-620156-0-0	doctorpiter.ru	0.000061	1	0	0
11904	95079609-1285509-0-0	birzha-sng.ru	0.000008	1	0	0
9035	35253-488557-0-0	www.psychologies.ru	0.000061	1	0	0
11909	8389884-332956-0-0	eanews-ru.turbopages.org	0.000008	1	0	0
11860	2390032-357688-0-0	www.msn.com	0.000008	3	0	0
12507	24111355-1291364-0-0	readmanga.io	0.000008	4	0	0
11865	93335226-830873-0-0	www.eg.ru	0.00005	1	0	0
11865	95025266-1281684-0-0	2022g.ru	0.000008	1	0	0
11868	8562776-751699-0-0	regnum.ru	0.000008	1	0	0
11858	95171232-1293139-0-0	leboard.ru	0.000008	1	0	0
11858	2412782-419506-0-0	www.avito.ru	0.000001	4	0	0
11905	2112549-91685-0-0	recepty.mirtesen.ru	0.000008	2	0	0
11858	31446184-207688-0-0	www.trudohrana.ru	0.000008	1	0	0
9866	0-187544-0-0	m.7days.ru	0.00007	1	0	0
12512	3023174-190304-0-0	xn----dtbfdbwspgnceulm.xn--p1ai	0.000008	3	0	0
12507	42813817-276165-0-0	znak-com.turbopages.org	0.000004	1	0	0
11858	7632479-217145-0-0	inforeactor.ru	0.000008	1	0	0
12512	65101275-447176-0-0	www.nn.ru	0.000007	1	0	0
11909	32657900-220340-0-0	iz-ru.turbopages.org	0.000008	1	0	0
11909	66475862-459160-0-0	rostovgazeta-ru.turbopages.org	0.000008	1	0	0
11868	91864171-708690-0-0	www.vesti.ru	0.000072	7	0	0
11857	51011052-328207-0-0	www.fragrantica.ru	0.000008	1	0	0
11868	51468706-330066-0-0	vz-ru.turbopages.org	0.000008	1	0	0
12509	65949452-453595-0-0	rg.ru	0.000008	3	0	0
11909	90720690-643887-0-0	mir-knig.com	0.000004	2	0	0
11868	24063418-242868-0-0	stroy-podskazka.ru	0.000003	1	0	0
12507	30650297-347644-0-0	adella.ru	0.000008	1	0	0
11857	2571917-108562-0-0	www.penzainform.ru	0.000008	2	0	0
11858	1055963-816214-0-0	spaces.im	0.000008	1	0	0
11905	503611-30324-0-0	persey-kovka.blizko.ru	0.000008	1	0	0
11868	897669-56459-0-0	pikabu.ru	0.000005	1	0	0
12507	354367-66515-0-0	prosto--eda-ru.turbopages.org	0.000008	1	0	0
12507	8381155-721605-0-0	bobsoccer.ru	0.000008	1	0	0
12507	39315718-263889-0-0	bimru-ru.turbopages.org	0.000008	1	0	0
11857	1560494-344753-0-0	gazeta-ru.turbopages.org	0.000008	3	0	0
11909	38003043-351263-0-0	grazdano4ka.ru	0.000008	1	0	0
11857	92092887-971493-0-0	forum.mista.ru	0.000008	1	0	0
12507	36493473-331594-0-0	konkurent.ru	0.000008	3	0	0
11904	737991-54232-0-0	moe-online.ru	0.000008	1	0	0
11858	1428778-62775-0-0	forum.littleone.ru	0.000008	3	0	0
11858	91864171-708690-0-0	www.vesti.ru	0.000072	1	0	0
12507	94624243-1256506-0-0	top10a.ru	0.000008	2	0	0
12507	1951870-212907-0-0	tutknow-ru.turbopages.org	0.000008	1	0	0
10208	10-844-0-0	atastv.ru	0.000008	2	0	0
11909	3293020-125354-0-0	www.goodhouse.ru	0.000008	2	0	0
11905	6474154-274564-0-0	www.hctraktor.ru	0.000008	1	0	0
12507	75882478-576165-0-0	avto--idea-ru.turbopages.org	0.000002	1	0	0
9012	41985-600974-0-0	vsedoramy.net	0.000061	2	0	0
12507	3281497-226986-0-0	sport--express-ru.turbopages.org	0.000006	1	0	0
11909	7214464-188698-0-0	samwedding.ru	0.000008	1	0	0
12509	6746465-142629-0-0	hh.ru	0.000008	1	0	0
11865	91774534-710195-0-0	texnotoys.ru	0.000072	1	0	0
11857	1560494-344753-0-0	gazeta-ru.turbopages.org	0.000004	1	0	0
12507	5350121-136704-0-0	football.kulichki.net	0.000002	1	0	0
11865	86447328-587401-0-0	www.pyatigorskgid.ru	0.000008	1	0	0
11868	2412782-419507-0-0	m.avito.ru	0.000008	34	0	0
11909	5092869-134625-0-0	echo.msk.ru	0.000008	3	0	0
11865	32125188-428271-0-0	borisoglebsk.bloknot-voronezh.ru	0.000008	1	0	0
12507	3223322-288741-0-0	stroim--domik-org.turbopages.org	0.000008	1	0	0
12507	90720690-643887-0-0	mir-knig.com	0.000008	11	0	0
11858	5092869-134625-0-0	echo.msk.ru	0.000001	1	0	0
11865	91083793-1238391-0-0	ru.jobsora.com	0.000008	1	0	0
11865	93335226-830873-0-0	www.eg.ru	0.000008	14	0	0
11909	57118634-604368-0-0	gosdocs.com	0.000008	1	0	0
11909	508343-153996-0-0	www.gastronom.ru	0.000008	1	0	0
14055	0-187544-0-0	www.om1.ru	0.000064	1	0	0
12507	50264598-333106-0-0	www.106i9fm.ru	0.000008	1	0	0
12512	396747-27503-0-0	www.rzn.info	0.000008	1	0	0
11868	91864171-708690-0-0	www.vesti.ru	0.000008	1	0	0
11857	4140396-127625-0-0	www.newkaliningrad.ru	0.000006	1	0	0
12507	2412782-419506-0-0	www.avito.ru	0.000008	6	0	0
14056	0-216200-0-0	www.lentainform.com	0.000072	1	0	0
11858	46431776-287922-0-0	joyreactor.cc	0.000001	1	0	0
11904	91864171-708690-0-0	www.vesti.ru	0.000072	1	0	0
11860	2112549-91685-0-0	prikolisti.mirtesen.ru	0.000008	1	0	0
12367	0-187544-0-0	www.om1.ru	0.00002	1	0	0
11858	2412782-419506-0-0	www.avito.ru	0.000008	122	0	0
11858	1678431-146351-0-0	19rus.info	0.000008	1	0	0
12507	2443167-451302-0-0	pokupkigoda.com	0.000008	1	0	0
12507	70828647-833056-0-0	obzor55-ru.turbopages.org	0.000008	1	0	0
11909	7361664-147589-0-0	smolnarod-ru.turbopages.org	0.000008	1	0	0
12509	44545091-280493-0-0	nekto.me	0.000039	1	0	0
11909	2983481-409927-0-0	vklist.ru	0.000072	1	0	0
12512	51898059-1238537-0-0	ucrazy.ru	0.000008	2	0	0
11868	86690274-712854-0-0	3dnews.ru	0.000008	1	0	0
12507	92281001-740914-0-0	mir--auto24-ru.turbopages.org	0.000008	1	0	0
11904	5764493-278531-0-0	kineshemec.ru	0.000008	1	0	0
11865	91774534-710195-0-0	texnotoys.ru	0.000008	2	0	0
11857	33397807-230529-0-0	tsargrad-tv.turbopages.org	0.000002	1	0	0
11904	956477-48689-0-0	www2.kasparov.ru	0.000008	1	0	0
11857	3849096-126345-0-0	www.gorodche.ru	0.000008	1	0	0
11868	1412746-580826-0-0	www.litmir.me	0.000008	3	0	0
11868	65101275-575584-0-0	www.e1.ru	0.000008	1	0	0
12507	37625890-486466-0-0	beelinehelp24-ru.turbopages.org	0.000005	1	0	0
11868	2412782-419507-0-0	m.avito.ru	0.000005	1	0	0
11909	90720690-643887-0-0	mir-knig.com	0.000008	36	0	0
11864	51898059-487857-0-0	kg-portal.ru	0.000008	2	0	0
14056	0-187544-0-0	clck.lentainform.com	0.000072	2	0	0
11857	2412782-419507-0-0	m.avito.ru	0.000004	1	0	0
11909	1228849-117050-0-0	ayzdorov-ru.turbopages.org	0.000008	4	0	0
12507	91658681-697810-0-0	fitomaniya.ru	0.000008	1	0	0
11905	10322213-277627-0-0	100realt.ru	0.000008	2	0	0
11864	51526388-115954-0-0	www.povarenok.ru	0.000008	5	0	0
12512	420734-42319-0-0	forum.sibmama.ru	0.000008	1	0	0
11858	2013471-87094-0-0	onlinetestpad.com	0.000008	1	0	0
11868	92386429-978316-0-0	tvrf.online	0.000008	1	0	0
11858	65101275-447156-0-0	www.e1.ru	0.000008	1	0	0
12507	84095089-571613-0-0	news-obozrevatel-com.turbopages.org	0.000008	1	0	0
11904	3849096-126345-0-0	www.gorodche.ru	0.000008	1	0	0
11868	897808-138129-0-0	aif.ru	0.000008	1	0	0
11909	25510364-205055-0-0	winetwork.ru	0.000008	1	0	0
9864	0-187544-0-0	m.7days.ru	0.000072	7	0	0
11868	35650980-513061-0-0	ktv-ray.ru	0.000008	4	0	0
12507	68133542-467211-0-0	osnmedia-ru.turbopages.org	0.000004	1	0	0
11857	2004221-94787-0-0	berkat.ru	0.000008	1	0	0
12509	15076685-266807-0-0	vesti-yamal.ru	0.000008	4	0	0
11865	30570339-716267-0-0	moevideo.biz	0.000008	1	0	0
11864	65101275-576494-0-0	ufa1.ru	0.000008	2	0	0
11864	65101275-578603-0-0	www.fontanka.ru	0.000008	4	0	0
11865	53761435-482196-0-0	discords.ru	0.000008	1	0	0
12507	2935048-113729-0-0	fleetphoto.ru	0.000008	1	0	0
11865	43917111-353029-0-0	goroskop365.ru	0.000008	1	0	0
11864	6438395-148635-0-0	deti.mail.ru	0.000008	2	0	0
11865	7194774-290723-0-0	mamaclean.ru	0.000008	1	0	0
12507	1979119-224594-0-0	vm-ru.turbopages.org	0.000008	1	0	0
12507	64173066-443007-0-0	radiokp.ru	0.000007	1	0	0
11864	6438395-142108-0-0	e.mail.ru	0.000005	10	0	0
11865	33575579-636235-0-0	megasklad24.ru	0.000008	1	0	0
11858	951248-127611-0-0	infox.sg	0.000008	2	0	0
12507	4934677-213109-0-0	opricheske.com	0.000008	1	0	0
11909	3293020-129405-0-0	www.cosmo.ru	0.000008	1	0	0
9012	36392-475082-0-0	teleprogramma.pro	0.000061	1	0	0
12507	41581925-456460-0-0	holostyak-news.ru	0.000003	1	0	0
14055	0-187544-0-0	m.7days.ru	0.000072	2	0	0
11864	6438395-142108-0-0	e.mail.ru	0.000007	14	0	0
12507	56637581-802757-0-0	odstroy.ru	0.000008	1	0	0
11868	64003581-441043-0-0	rosserial.be	0.000008	1	0	0
12507	36882225-268239-0-0	www.newkaliningrad.ru	0.000007	1	0	0
12507	42813817-276165-0-0	znak-com.turbopages.org	0.000008	5	0	0
11904	93566111-930353-0-0	ideanomics.ru	0.000008	1	0	0
11857	31734734-354099-0-0	m.tabor.ru	0.000001	1	0	0
11858	49657268-323488-0-0	mastergrad.com	0.000008	1	0	0
11909	897795-259376-0-0	www.ixbt.com	0.000004	1	0	0
12507	93764885-986435-0-0	zverovod-info.turbopages.org	0.000008	1	0	0
11864	44042202-381835-0-0	www.tatar-inform.ru	0.000008	1	0	0
11858	2412782-419506-0-0	www.avito.ru	0.000005	6	0	0
12509	95171232-1293139-0-0	m.leboard.ru	0.000008	1	0	0
12512	4624495-130614-0-0	www.vazhno.ru	0.000008	4	0	0
11909	31113536-204531-0-0	markakachestva.ru	0.000008	1	0	0
12507	50264598-333112-0-0	www.sputnikfm.ru	0.000008	3	0	0
11857	1180293-56287-0-0	www.kaluga-poisk.ru	0.000008	2	0	0
11858	420776-1993-0-0	www.exler.ru	0.000008	1	0	0
9866	0-187544-0-0	rustars.tv	0.000043	1	0	0
11858	65101275-575584-0-0	www.e1.ru	0.000008	1	0	0
11864	1913085-81261-0-0	montecarlo.ru	0.000008	4	0	0
11865	2412782-419506-0-0	www.avito.ru	0.000002	3	0	0
12507	8240866-155688-0-0	www.belnovosti.by	0.000003	1	0	0
12507	63057441-448148-0-0	prombez24.com	0.000005	1	0	0
12512	1124250-54642-0-0	krsk.au.ru	0.000008	1	0	0
11868	897669-56459-0-0	pikabu.ru	0.000008	8	0	0
11857	1166165-66274-0-0	knitka.ru	0.000008	1	0	0
11865	92519834-734981-0-0	lightaudio.ru	0.000008	1	0	0
11857	4100839-54830-0-0	newsler-ru.turbopages.org	0.000008	1	0	0
12507	91281551-663752-0-0	mebeloptovik-ru.turbopages.org	0.000008	1	0	0
12507	737991-54232-0-0	moe-online.ru	0.000008	2	0	0
11858	93335226-830873-0-0	www.eg.ru	0.000004	1	0	0
12507	2412782-419507-0-0	m.avito.ru	0.000008	47	0	0
12512	6746465-142629-0-0	nefteyugansk.hh.ru	0.000008	1	0	0
11909	4767427-468740-0-0	thepresentation.ru	0.000008	1	0	0
11865	30570339-681419-0-0	moevideo.biz	0.000008	1	0	0
11864	6438395-147025-0-0	my.mail.ru	0.000072	5	0	0
11865	7235217-585582-0-0	it-tehnik.ru	0.000008	1	0	0
12509	67632165-464019-0-0	kartaslov.ru	0.000008	2	0	0
11864	6438395-142108-0-0	e.mail.ru	0.000006	16	0	0
11858	407197-91828-0-0	burdastyle.ru	0.000008	2	0	0
11865	2412782-419506-0-0	www.avito.ru	0.000008	222	0	0
9866	0-187544-0-0	turkru.tv	0.000031	1	0	0
12507	1412746-1258509-0-0	www.litmir.me	0.000008	2	0	0
12507	49533561-511257-0-0	lvrach-ru.turbopages.org	0.000008	2	0	0
11865	30570339-692376-0-0	moevideo.biz	0.000008	1	0	0
11865	1113378-150232-0-0	dizain-vannoy.ru	0.000008	1	0	0
11909	51452342-613461-0-0	rannews.ru	0.000008	1	0	0
12507	7687782-448212-0-0	profile.ru	0.000008	14	0	0
12507	438869-293309-0-0	arhangel.ru	0.000008	1	0	0
11904	3271447-120316-0-0	medihost.ru	0.000008	1	0	0
11858	915412-108160-0-0	1prime.ru	0.000008	2	0	0
12507	75976372-522842-0-0	www.inline.ru	0.000008	1	0	0
11791	817-3724-0-0	rusvesti24.ru	0.000072	1	0	0
9864	0-187544-0-0	filmplace.ru	0.000072	2	0	0
12507	951248-127611-0-0	infox.sg	0.000003	1	0	0
11857	65101275-447162-0-0	www.fontanka.ru	0.000008	10	0	0
11858	1873567-142850-0-0	mirtv.ru	0.000008	1	0	0
11909	90720690-643887-0-0	mir-knig.com	0.000003	1	0	0
11865	897669-56459-0-0	pikabu.ru	0.000008	2	0	0
12507	39671073-264941-0-0	new-sebastopol.com	0.000008	1	0	0
11905	2862172-213796-0-0	tvorcheskie-proekty.ru	0.000008	1	0	0
12507	3293020-125354-0-0	goodhouse-ru.turbopages.org	0.000008	3	0	0
12507	93016036-755726-0-0	lafoy-ru.turbopages.org	0.000008	3	0	0
12507	8240866-155688-0-0	www.belnovosti.by	0.000008	7	0	0
11865	1202148-206021-0-0	pensiya.molodaja-semja.ru	0.000004	1	0	0
11868	8562776-756714-0-0	radiokp.ru	0.000008	1	0	0
11858	1560494-660797-0-0	mail.rambler.ru	0.000008	26	0	0
13683	42666-622170-0-0	profile.ru	0.000061	4	0	0
12507	33160696-226157-0-0	spbdnevnik-ru.turbopages.org	0.000008	1	0	0
12507	1532269-141463-0-0	kedem.ru	0.000008	1	0	0
11858	9844340-187772-0-0	table-mendeleev.ru	0.000008	1	0	0
11909	24063418-190745-0-0	o-krohe.ru	0.000072	1	0	0
11858	2412782-419506-0-0	www.avito.ru	0.000004	2	0	0
11909	54815740-345947-0-0	gubdaily-ru.turbopages.org	0.000008	1	0	0
11865	2731523-109135-0-0	guns.allzip.org	0.000008	1	0	0
11864	1089500-149809-0-0	myslo.ru	0.000008	1	0	0
10009	10-844-0-0	atastv.ru	0.000008	2	0	0
12509	65949452-1215721-0-0	www.tourprom.ru	0.000072	1	0	0
11865	88690383-611984-0-0	jaomix.ru	0.000072	2	0	0
11857	2412782-419507-0-0	m.avito.ru	0.000008	37	0	0
11909	1846547-278725-0-0	izgipsokartona.ru	0.000008	1	0	0
12507	5480645-142080-0-0	www.babyblog.ru	0.000008	1	0	0
11865	5387468-155559-0-0	zebra-tv.ru	0.000008	1	0	0
11858	1637878-69200-0-0	chepetsk.ru	0.000008	2	0	0
12507	51535399-330489-0-0	v-tagile.ru	0.000008	1	0	0
12507	8562776-755140-0-0	m.iguides.ru	0.000008	1	0	0
14057	40517-577621-0-0	www.lentainform.com	0.000072	1	0	0
11865	89339234-1276381-0-0	finmarket.ru	0.000008	4	0	0
12507	38661274-635651-0-0	mir-knigi.info	0.000005	1	0	0
11865	91301353-664984-0-0	litlife.club	0.000072	1	0	0
11909	8176469-155098-0-0	cheb.ru	0.000008	1	0	0
11865	3161764-1293395-0-0	investmoda.ru	0.000008	1	0	0
11909	61657907-412959-0-0	spletnik-ru.turbopages.org	0.000008	1	0	0
11864	9927180-185584-0-0	pro-msk.ru	0.000008	1	0	0
11909	1683593-210293-0-0	ust-kut.jobfilter.ru	0.000001	1	0	0
11905	34894749-244807-0-0	mobilradio.ru	0.000008	1	0	0
12507	5347225-285316-0-0	magicrituals-ru.turbopages.org	0.000008	1	0	0
11865	87171562-592253-0-0	kruchcom.ru	0.000008	1	0	0
11904	3849512-125905-0-0	www.liveinternet.ru	0.000008	1	0	0
12507	30546759-662052-0-0	progsbox.com	0.000008	1	0	0
11864	61934491-415282-0-0	www.superjob.ru	0.000008	1	0	0
11909	65101275-579344-0-0	doctorpiter.ru	0.000072	1	0	0
11857	92519834-734980-0-0	hotplayer.ru	0.000008	3	0	0
9012	43650-609027-0-0	klops.ru	0.000061	1	0	0
12507	1322075-70350-0-0	fb-ru.turbopages.org	0.000008	6	0	0
11865	5839191-139612-0-0	tvrain.ru	0.000008	1	0	0
11864	6438395-149027-0-0	tv.mail.ru	0.000008	2	0	0
11864	65101275-447169-0-0	business.ngs.ru	0.000006	1	0	0
11857	87936520-601046-0-0	wap.love.mail.ru	0.000008	1	0	0
9866	0-187544-0-0	m.7days.ru	0.000072	12	0	0
12507	2412782-419507-0-0	m.avito.ru	0.000005	3	0	0
11865	38661274-725920-0-0	doramiru.com	0.000008	1	0	0
11865	458232-382315-0-0	rom.jofo.me	0.000008	2	0	0
11868	393320-247170-0-0	www.comboplayer.ru	0.000008	5	0	0
11858	3268648-105886-0-0	windowsnotes.ru	0.000008	1	0	0
11909	915412-108160-0-0	1prime.ru	0.000008	1	0	0
11865	33263340-241514-0-0	www.lentainform.com	0.000026	1	0	0
12507	32175474-1227264-0-0	mymammy-info.turbopages.org	0.000008	1	0	0
11909	66979868-459765-0-0	mayaksbor.ru	0.000008	1	0	0
12512	42813817-276165-0-0	www.znak.com	0.000008	2	0	0
12509	65949452-542792-0-0	radiokp.ru	0.000006	1	0	0
11865	720911-82367-0-0	bloodyhawks.ru	0.000008	1	0	0
11864	51898059-542538-0-0	www.amic.ru	0.000008	1	0	0
12507	94450274-1244462-0-0	kinobucks.ru	0.000008	2	0	0
12507	897795-259376-0-0	www.ixbt.com	0.000008	2	0	0
12507	473106-94916-0-0	anekdotov.net	0.000008	2	0	0
11857	87936520-601046-0-0	love.mail.ru	0.000008	10	0	0
11904	10322213-277627-0-0	100realt.ru	0.000008	5	0	0
11868	93399180-915301-0-0	quiz-and-facts.com	0.000008	1	0	0
12507	38661274-281904-0-0	tengrinews.kz	0.000008	1	0	0
12507	42333652-277621-0-0	zakonguru-com.turbopages.org	0.000008	1	0	0
11857	7802387-196819-0-0	lets-play.by	0.000008	1	0	0
12507	70693224-593911-0-0	list-kalendarya.ru	0.000008	1	0	0
11864	1913107-81264-0-0	hitfm.ru	0.000008	1	0	0
12507	26809064-715176-0-0	lemzspb.ru	0.000008	1	0	0
11868	3090793-147280-0-0	pravoved.ru	0.000008	5	0	0
12507	407197-141296-0-0	ichip.ru	0.000003	1	0	0
11858	87936520-601046-0-0	www.mamba.ru	0.000005	1	0	0
11858	15911475-183515-0-0	meteoinfo.ru	0.000008	1	0	0
11868	509629-29789-0-0	rg.ru	0.000008	4	0	0
9035	40621-491126-0-0	radikal.ru	0.000007	1	0	0
11865	3293020-129367-0-0	www.popmech.ru	0.000008	1	0	0
11864	65101275-577872-0-0	74.ru	0.000008	2	0	0
11909	87276007-592219-0-0	www.mk.ru	0.000072	1	0	0
12507	3860622-721164-0-0	ktozvonil.pro	0.000008	2	0	0
11909	37786383-259198-0-0	www.bolshoyvopros.ru	0.000008	2	0	0
9012	35253-620156-0-0	doctorpiter.ru	0.000061	1	0	0
11909	4177562-755667-0-0	vseprobeg.ru	0.000008	1	0	0
11909	1647838-69257-0-0	www.calend.ru	0.000072	2	0	0
11904	4752014-510922-0-0	stroyguru.com	0.000008	1	0	0
11909	845311-45272-0-0	www.rosbalt.ru	0.000008	1	0	0
11858	1386626-1294341-0-0	readmanga.io	0.000008	2	0	0
11865	494474-102843-0-0	otzovik.com	0.000007	1	0	0
11860	5706550-281826-0-0	ren.tv	0.000008	2	0	0
9869	0-187544-0-0	profile.ru	0.000072	6	0	0
12507	41773280-272560-0-0	samesound-ru.turbopages.org	0.000008	1	0	0
12507	489104-59468-0-0	irecommend.ru	0.000008	1	0	0
12507	9054714-739166-0-0	poprinteram.ru	0.000007	1	0	0
12507	4817705-131942-0-0	www.u-mama.ru	0.000008	1	0	0
11864	91159049-655744-0-0	remanga.org	0.000008	3	0	0
12507	34408360-242635-0-0	history.wikireading.ru	0.000072	1	0	0
11865	30570339-653854-0-0	moevideo.biz	0.000008	1	0	0
11864	7773941-494508-0-0	moyavtodom.ru	0.000008	1	0	0
11909	421377-258196-0-0	b17-ru.turbopages.org	0.000008	1	0	0
12507	5373718-290410-0-0	anekdot--anekdoty-ru.turbopages.org	0.000008	1	0	0
12507	494474-102843-0-0	otzovik.com	0.000008	18	0	0
11864	87828462-739756-0-0	blognesco.ru	0.000008	1	0	0
10009	817-3521-0-0	atastv.ru	0.000072	3	0	0
12507	87276007-606542-0-0	mk-ru.turbopages.org	0.000004	1	0	0
12509	94771365-1263674-0-0	vslovarike.ru	0.000008	1	0	0
11909	93584132-938732-0-0	wer-ru.turbopages.org	0.000008	1	0	0
12507	65949452-552207-0-0	www.edimdoma.ru	0.000007	1	0	0
12367	0-187544-0-0	m.7days.ru	0.000066	1	0	0
11857	87936520-601046-0-0	www.mamba.ru	0.000008	10	0	0
11905	2112549-91685-0-0	news.mirtesen.ru	0.000008	2	0	0
11858	82862297-569223-0-0	tvoi-setevichok.ru	0.000072	1	0	0
11864	6438395-142108-0-0	e.mail.ru	0.000002	15	0	0
12507	31295140-882591-0-0	oinste.com	0.000008	1	0	0
11904	18373836-344300-0-0	theins.ru	0.000008	2	0	0
11909	1913085-81261-0-0	montecarlo.ru	0.000008	33	0	0
11864	91437671-1317327-0-0	tvoybiograf.ru	0.000008	2	0	0
14080	0-187544-0-0	xn----7sbahrplyfdaxfotk.xn--p1ai	0.000072	1	0	0
11865	92147898-844150-0-0	driverunpaid.ru	0.000008	2	0	0
12507	476196-292318-0-0	onlayn-radio.ru	0.000005	1	0	0
12507	498578-196262-0-0	kp-ru.turbopages.org	0.000008	4	0	0
9866	0-216200-0-0	m.7days.ru	0.000072	6	0	0
12507	49958477-324870-0-0	fast--wolker-ru.turbopages.org	0.000008	1	0	0
11909	87276007-592220-0-0	www.avtovzglyad.ru	0.000008	3	0	0
11909	33397807-230529-0-0	m.tsargrad.tv	0.000072	1	0	0
9866	0-187544-0-0	www.lentainform.com	0.000072	1	0	0
12507	1133796-430869-0-0	www.rulit.me	0.000008	2	0	0
11905	2112549-91685-0-0	prostopollitik.mirtesen.ru	0.000008	1	0	0
11858	51898059-628750-0-0	glavkniga.ru	0.000008	6	0	0
11905	6732883-142543-0-0	base.garant.ru	0.000008	1	0	0
11857	1151239-249152-0-0	kupidonia.ru	0.000008	3	0	0
11857	2004221-94787-0-0	berkat.ru	0.000072	2	0	0
11909	874982-46249-0-0	svpressa.ru	0.000008	3	0	0
11868	6734741-142545-0-0	www.drive2.ru	0.000008	1	0	0
11858	54281719-340919-0-0	kvartblog.ru	0.000008	1	0	0
11904	509629-29789-0-0	rg.ru	0.000008	2	0	0
12507	36882225-356036-0-0	kolesa-ru.turbopages.org	0.000002	1	0	0
11864	6438395-147024-0-0	horo.mail.ru	0.000008	5	0	0
11868	503611-30324-0-0	cheboksary.blizko.ru	0.000008	1	0	0
12507	36143836-323472-0-0	car.ru	0.000008	1	0	0
12509	4817705-131942-0-0	www.u-mama.ru	0.000008	1	0	0
11909	43061655-276631-0-0	m.vz.ru	0.000008	1	0	0
11858	65101275-577872-0-0	74.ru	0.000008	1	0	0
12512	2955058-275305-0-0	x-true.info	0.000003	1	0	0
11864	65101275-577872-0-0	74.ru	0.000002	1	0	0
11868	93683367-979907-0-0	aktnews.ru	0.000008	3	0	0
12507	34351736-270437-0-0	www.yaplakal.com	0.000008	4	0	0
11864	1463796-64065-0-0	avtovolgograda.ru	0.000005	1	0	0
12507	897808-247369-0-0	aif-ru.turbopages.org	0.000008	1	0	0
12507	434286-67013-0-0	astroscope.ru	0.000008	1	0	0
12507	930360-287353-0-0	www.otzyvru.com	0.000008	1	0	0
11857	3090793-147280-0-0	pravoved.ru	0.000008	1	0	0
12507	4140396-623836-0-0	m.newkaliningrad.ru	0.000007	1	0	0
11864	42813817-276165-0-0	www.znak.com	0.000008	3	0	0
11791	817-4030-0-0	animedub.ru	0.000072	1	0	0
11904	94992061-1279309-0-0	news102.ru	0.000008	1	0	0
11868	2412782-419507-0-0	m.avito.ru	0.000007	1	0	0
12507	951248-127611-0-0	infox.sg	0.000005	1	0	0
11864	6438395-147024-0-0	lady.mail.ru	0.000008	5	0	0
12507	93016036-755726-0-0	lafoy.ru	0.000008	2	0	0
11857	56336832-381479-0-0	m.tabor.ru	0.000008	2	0	0
11865	46930085-289483-0-0	hozobzor.ru	0.000008	1	0	0
11904	93764885-986443-0-0	hiromantia.net	0.000008	1	0	0
12507	94975327-1284554-0-0	vortexnews.ru	0.000008	2	0	0
11909	1626778-128051-0-0	runews24-ru.turbopages.org	0.000008	1	0	0
11864	6438395-142108-0-0	e.mail.ru	0.000001	16	0	0
12509	65101275-447165-0-0	m.love.ngs.ru	0.000008	1	0	0
11858	6746465-142629-0-0	hh.ru	0.000008	4	0	0
11904	30938911-409021-0-0	vnru.ru	0.000008	1	0	0
9866	0-187544-0-0	xn----7sbahrplyfdaxfotk.xn--p1ai	0.000072	1	0	0
11865	3293020-129405-0-0	www.cosmo.ru	0.000008	2	0	0
11864	86690274-711814-0-0	www.yaplakal.com	0.000008	1	0	0
12512	7295714-188279-0-0	russian.rt.com	0.000072	5	0	0
10049	10-844-0-0	atastv.ru	0.000008	1	0	0
11857	42813817-276165-0-0	www.znak.com	0.000008	1	0	0
11864	6438395-142108-0-0	e.mail.ru	0.000004	16	0	0
12507	55365789-423310-0-0	stereo.ru	0.000008	1	0	0
11865	410659-1400-0-0	www.f1news.ru	0.000008	2	0	0
11909	6078256-142910-0-0	infoniac-ru.turbopages.org	0.000008	2	0	0
11904	443053-279183-0-0	tonnasamogona.ru	0.000008	1	0	0
9864	0-216200-0-0	m.pg21.ru	0.000072	1	0	0
12507	1572504-122301-0-0	app-time.ru	0.000008	1	0	0
12507	65101275-578603-0-0	www.fontanka.ru	0.000008	7	0	0
11908	1011571-50615-0-0	argumenti.ru	0.000008	1	0	0
11909	1006591-50518-0-0	amic-ru.turbopages.org	0.000008	2	0	0
12507	1431309-188212-0-0	fbm.ru	0.000072	1	0	0
11909	65101275-579344-0-0	doctorpiter.ru	0.000003	1	0	0
11857	7295714-153743-0-0	russian.rt.com	0.000072	3	0	0
12509	65949452-515704-0-0	teleprogramma.pro	0.000072	4	0	0
12507	2412782-419507-0-0	m.avito.ru	0.000007	2	0	0
11857	1560494-225219-0-0	news-rambler-ru.turbopages.org	0.000008	2	0	0
12507	951248-127611-0-0	infox.sg	0.000008	3	0	0
11904	91481894-675332-0-0	bugulma-tatarstan.ru	0.000008	2	0	0
11857	50363257-327452-0-0	m.beboo.ru	0.000008	1	0	0
11864	6438395-142108-0-0	e.mail.ru	0.000008	706	0	0
11865	1804028-77961-0-0	delo-vcusa.ru	0.000008	1	0	0
11904	93360914-840292-0-0	avia.pro	0.000008	1	0	0
11909	90720690-643887-0-0	mir-knig.com	0.000002	1	0	0
12507	24047141-190725-0-0	ura-remontu.ru	0.000008	1	0	0
12507	93736421-989340-0-0	kylinariya-ru.turbopages.org	0.000008	5	0	0
11868	91864171-705182-0-0	smotrim.ru	0.000008	1	0	0
11864	6438395-525739-0-0	news.mail.ru	0.000008	6	0	0
12507	38661274-635651-0-0	mir-knigi.info	0.000008	2	0	0
12507	94346353-1232639-0-0	nauka.club	0.000052	1	0	0
12509	51898059-1306763-0-0	erevanjan.com	0.000008	1	0	0
11864	6438395-149027-0-0	tv.mail.ru	0.000002	1	0	0
11857	16951930-184419-0-0	kitchendecorium.ru	0.000008	1	0	0
11858	407197-91828-0-0	burdastyle.ru	0.000004	1	0	0
12507	2412782-419507-0-0	m.avito.ru	0.000003	3	0	0
12507	2412782-419507-0-0	m.avito.ru	0.000004	4	0	0
12507	3293020-129405-0-0	cosmo-ru.turbopages.org	0.000008	9	0	0
12507	407197-158840-0-0	lisa-ru.turbopages.org	0.000008	1	0	0
11865	54330049-492162-0-0	yoptel.ru	0.000008	1	0	0
11865	4100839-54830-0-0	www.newsler.ru	0.000008	1	0	0
11909	49697278-488574-0-0	karandremont.com	0.000008	1	0	0
11857	7295714-153743-0-0	russian.rt.com	0.000014	1	0	0
11864	32125188-427920-0-0	bloknot-krasnodar.ru	0.000008	1	0	0
11858	93087228-768550-0-0	www.expertcen.ru	0.000008	4	0	0
12509	65949452-515704-0-0	teleprogramma.pro	0.000008	1	0	0
12507	2239710-246680-0-0	vyborok.com	0.000008	1	0	0
12507	63057441-424098-0-0	prombez24.com	0.000003	1	0	0
12507	1801033-247350-0-0	mangalib.me	0.000008	3	0	0
11868	65101275-578603-0-0	www.fontanka.ru	0.000008	1	0	0
11858	1466982-290764-0-0	razboltovka.ru	0.000008	1	0	0
12507	2412782-419507-0-0	m.avito.ru	0.000006	1	0	0
11857	87936520-601046-0-0	love.mail.ru	0.000001	1	0	0
12507	91624402-1317601-0-0	blitz.center	0.000008	1	0	0
11857	6405151-141415-0-0	7info-ru.turbopages.org	0.000008	1	0	0
11865	89973959-630297-0-0	travnik.online	0.000008	1	0	0
12368	0-187544-0-0	haikyuu.fandom.com	0.000072	1	0	0
12507	91658681-1318845-0-0	pipe-s.ru	0.000008	1	0	0
12507	1072605-202772-0-0	stroychik-ru.turbopages.org	0.000008	3	0	0
11864	6438395-142108-0-0	e.mail.ru	0.000003	10	0	0
12507	494474-102843-0-0	otzovik.com	0.000002	1	0	0
11860	31256329-496537-0-0	ideas.homechart.ru	0.000007	1	0	0
14056	0-216200-0-0	teleprogramma.pro	0.000072	5	0	0
12507	91235966-660718-0-0	lifehacker-ru.turbopages.org	0.000008	4	0	0
11865	30570339-653646-0-0	moevideo.biz	0.000008	1	0	0
11904	426064-26708-0-0	www.gotovim.ru	0.000008	1	0	0
12507	7295714-153743-0-0	russian.rt.com	0.000008	9	0	0
12507	7295714-153743-0-0	russian-rt-com.turbopages.org	0.000003	1	0	0
11864	8984986-205531-0-0	fermilon.ru	0.000008	1	0	0
11858	87936520-601046-0-0	www.mamba.ru	0.000008	5	0	0
11868	503611-30324-0-0	naro-fominsk.blizko.ru	0.000008	1	0	0
11857	92519834-1223907-0-0	ru.drivemusic.me	0.000008	1	0	0
11857	571882-1255923-0-0	crimea.ria.ru	0.000008	1	0	0
11905	2112549-91685-0-0	4vkusa.mirtesen.ru	0.000008	1	0	0
12513	93918555-993875-0-0	www.intex-press.by	0.000008	1	0	0
11865	91411553-671414-0-0	intrigue.dating	0.000012	1	0	0
9865	0-187544-0-0	xn----7sbahrplyfdaxfotk.xn--p1ai	0.000072	1	0	0
12507	2745-45551-0-0	forumhouse-ru.turbopages.org	0.000008	2	0	0
9868	0-187544-0-0	travelask.ru	0.000072	1	0	0
11865	91778881-1242120-0-0	fusionstyle-cool.ru	0.000008	1	0	0
11909	6734741-142545-0-0	www.drive2.ru	0.000008	3	0	0
12512	7340444-146764-0-0	studfile.net	0.000008	1	0	0
11868	92386429-746409-0-0	telik.top	0.000004	2	0	0
11857	51468706-330066-0-0	m.vz.ru	0.000008	9	0	0
11909	93261812-810117-0-0	doramalive.ru	0.000016	1	0	0
11909	509629-196263-0-0	rg.ru	0.000003	1	0	0
12507	951248-127611-0-0	infox.sg	0.000002	1	0	0
12509	5601425-267201-0-0	penzanews.ru	0.000008	1	0	0
11865	7724718-489604-0-0	hdrezka.bet	0.000008	1	0	0
9868	0-187544-0-0	www.eg.ru	0.000072	1	0	0
11868	897669-56459-0-0	pikabu.ru	0.000006	1	0	0
11864	89834739-627758-0-0	www.meteonova.ru	0.000008	1	0	0
11865	91833618-726706-0-0	official-teplodar.ru	0.000008	1	0	0
12507	62513698-669227-0-0	clinica--opora-ru.turbopages.org	0.000008	3	0	0
11865	91774534-698991-0-0	burforum.ru	0.000008	2	0	0
10049	10-844-0-0	atastv.ru	0.000072	2	0	0
11864	57475108-389073-0-0	online47.ru	0.000008	1	0	0
9866	0-187544-0-0	teleprogramma.pro	0.000072	1	0	0
11857	65101275-447164-0-0	m.love.e1.ru	0.000008	1	0	0
11864	65101275-575586-0-0	ngs.ru	0.000004	1	0	0
12507	65101275-575586-0-0	ngs.ru	0.000008	1	0	0
12512	8381155-722027-0-0	www.belta.by	0.000008	1	0	0
11857	7687782-448212-0-0	profile.ru	0.000072	1	0	0
12513	70390261-778636-0-0	onlinetv.one	0.000008	1	0	0
9866	0-187544-0-0	hd01.ru	0.000072	1	0	0
12507	2983481-409927-0-0	vklist.ru	0.000005	1	0	0
11858	33245886-336658-0-0	krasnoyarsk.ocinkoff.ru	0.000008	1	0	0
9866	0-216200-0-0	www.lentainform.com	0.000072	3	0	0
12507	51898059-1268592-0-0	fclmnews.ru	0.000008	2	0	0
11904	8054248-216855-0-0	ir-center.ru	0.000008	2	0	0
12507	91159049-655744-0-0	remanga.org	0.000008	1	0	0
12507	93868403-991120-0-0	sportkp.ru	0.000008	1	0	0
12507	65101275-579431-0-0	www.elle.ru	0.000008	1	0	0
12507	65101275-577857-0-0	72.ru	0.000008	1	0	0
11865	2412782-419506-0-0	www.avito.ru	0.000007	2	0	0
11865	92098312-714374-0-0	www.hunting.ru	0.000008	1	0	0
11857	8236148-168743-0-0	baby-ru.turbopages.org	0.000008	1	0	0
11904	82182983-561692-0-0	vyborexperta.ru	0.000008	2	0	0
12512	51898059-1263934-0-0	podborkino.com	0.000008	1	0	0
12512	56953682-478194-0-0	www.inmyroom.ru	0.000008	2	0	0
11909	575797-141668-0-0	m.newsorel.ru	0.000072	1	0	0
11864	1913056-81260-0-0	dfm.ru	0.000072	1	0	0
11868	71813031-545728-0-0	www.gismeteo.ru	0.000008	4	0	0
12507	570920-38708-0-0	news.vtomske.ru	0.000072	2	0	0
11864	86690274-607061-0-0	ctnews.ru	0.000008	1	0	0
11858	33397807-230529-0-0	tsargrad.tv	0.000008	1	0	0
12509	65101275-446897-0-0	www.vokrugsveta.ru	0.000008	1	0	0
11865	897669-460527-0-0	pikabu.ru	0.000008	4	0	0
12507	38638301-490261-0-0	frenchblog-ru.turbopages.org	0.000008	1	0	0
12507	44995577-290507-0-0	wisegeek-ru.turbopages.org	0.000008	1	0	0
11857	5092531-223754-0-0	m.ura.news	0.000008	5	0	0
11905	2112549-91685-0-0	mirtesen.ru	0.000001	1	0	0
11857	1056275-756931-0-0	gazeta-kozelsk.ru	0.000008	1	0	0
11858	53018396-1202466-0-0	promkatest.ru	0.000008	1	0	0
11865	4342450-263322-0-0	topcor.ru	0.000008	1	0	0
12512	51898059-1212039-0-0	doramy.top	0.000072	1	0	0
11865	35792046-249118-0-0	womanadvice.ru	0.000008	1	0	0
11857	31446184-207678-0-0	glavbukh-ru.turbopages.org	0.000008	1	0	0
11864	65101275-575586-0-0	ngs.ru	0.000008	8	0	0
11868	87276007-592220-0-0	www.avtovzglyad.ru	0.000008	2	0	0
12507	91099357-663600-0-0	o--ladagranta-ru.turbopages.org	0.000002	1	0	0
11904	37178852-256747-0-0	www.kramola.info	0.000008	1	0	0
11865	2412782-419506-0-0	www.avito.ru	0.000006	1	0	0
11868	27064358-192495-0-0	pravoved.ru	0.000008	10	0	0
11864	7773941-513280-0-0	storyone.ru	0.000008	1	0	0
11865	91778991-709374-0-0	tohatsu-outboards.ru	0.000008	1	0	0
11904	93473535-887242-0-0	proshkolu.ru	0.000008	1	0	0
11868	7295714-153743-0-0	russian-rt-com.turbopages.org	0.000008	1	0	0
11857	6564613-142211-0-0	marpravda-ru.turbopages.org	0.000008	1	0	0
11909	7773941-214742-0-0	enciclopediya-geografa.ru	0.000002	1	0	0
11858	51011052-328207-0-0	www.fragrantica.ru	0.000008	1	0	0
11857	464493-142053-0-0	www.mamba.ru	0.000008	1	0	0
11858	6746465-142629-0-0	krasnoyarsk.hh.ru	0.000008	1	0	0
11868	7665418-149699-0-0	vchaspik-ua.turbopages.org	0.000007	1	0	0
11868	49905584-324706-0-0	sport24.ru	0.000008	2	0	0
11909	509780-30013-0-0	v102.ru	0.000008	1	0	0
12507	92542978-736133-0-0	www.kommunalo4ka.ru	0.000008	1	0	0
12507	64173066-443007-0-0	radiokp.ru	0.000008	4	0	0
11905	2362117-475487-0-0	www.bnkomi.ru	0.000008	1	0	0
12507	24109265-241001-0-0	dekoriko.ru	0.000072	1	0	0
12507	2745-45551-0-0	www.forumhouse.ru	0.000008	1	0	0
12507	65101275-684050-0-0	starhit-ru.turbopages.org	0.000008	2	0	0
11909	2227769-267124-0-0	audiobaby.net	0.000008	1	0	0
11909	1955115-430451-0-0	poisklekarstv-com.turbopages.org	0.000008	1	0	0
11865	4938261-87777-0-0	propianino.ru	0.000008	1	0	0
12507	7132534-1209720-0-0	porodykotov.ru	0.000008	1	0	0
12507	24111355-1291364-0-0	readmanga.io	0.000001	1	0	0
12507	994452-241530-0-0	news-sarbc-ru.turbopages.org	0.000008	1	0	0
11868	2412782-419507-0-0	m.avito.ru	0.000002	1	0	0
12507	5706550-280918-0-0	iz.ru	0.000008	1	0	0
12507	65135482-446993-0-0	kumertau.gorod.guru	0.000008	1	0	0
11868	7295714-153743-0-0	russian-rt-com.turbopages.org	0.000005	1	0	0
12507	93584132-938732-0-0	wer.ru	0.000006	1	0	0
12507	52863296-335112-0-0	impsi.ru	0.000008	1	0	0
11857	5878455-139705-0-0	7dach.ru	0.000008	1	0	0
11909	34351736-242216-0-0	www.khl.ru	0.000008	1	0	0
12507	42457597-275261-0-0	bitbat-ru.turbopages.org	0.000008	2	0	0
12507	509629-486824-0-0	rg-ru.turbopages.org	0.000006	1	0	0
12507	6521227-193315-0-0	warfor-me.turbopages.org	0.000007	1	0	0
11858	951248-127611-0-0	ru.infox.sg	0.000008	1	0	0
11857	5055766-106588-0-0	www.sportobzor.ru	0.000008	1	0	0
12507	94848661-1268895-0-0	povar-ru.turbopages.org	0.000008	7	0	0
11864	65101275-447165-0-0	love.ngs.ru	0.000008	2	0	0
11908	37934116-260638-0-0	moika78.ru	0.000003	1	0	0
11857	24111355-1291364-0-0	readmanga.io	0.000008	1	0	0
11905	12015-19204-0-0	svadba.net.ru	0.000008	1	0	0
11858	369305-1038-0-0	3dnews.ru	0.000008	1	0	0
11868	503611-30324-0-0	rostov.blizko.ru	0.000008	1	0	0
11868	66475862-459160-0-0	tagilcity-ru.turbopages.org	0.000008	1	0	0
11857	2375180-104774-0-0	www.vestitambov.ru	0.000008	1	0	0
11858	1560494-660797-0-0	mail.rambler.ru	0.000005	1	0	0
12507	93929436-995196-0-0	wiki2.org	0.000008	1	0	0
12507	9255990-186886-0-0	rubrikator.org	0.000008	2	0	0
12509	65949452-548324-0-0	mel.fm	0.000008	2	0	0
11868	18373836-574226-0-0	gospodaretsva.com	0.000008	1	0	0
11909	78419176-541783-0-0	net-citycheb.ru	0.000004	1	0	0
14056	0-187544-0-0	filmplace.ru	0.000045	1	0	0
11857	3046664-115800-0-0	sunhome-ru.turbopages.org	0.000008	1	0	0
12507	6955159-143615-0-0	crimea--news-com.turbopages.org	0.000008	1	0	0
11864	3849096-126345-0-0	www.gorodche.ru	0.000008	2	0	0
14055	0-216200-0-0	nauka.club	0.000072	1	0	0
11909	498578-196262-0-0	kp-ru.turbopages.org	0.000008	1	0	0
11860	2390032-357677-0-0	www.msn.com	0.000006	1	0	0
10009	6d4e33980ff0d340926898fa68e2f0cf-ac0cfa0dfcc0909ac	atastv.ru	0.000024	1	0	0
12507	894589-165459-0-0	autokuz-ru.turbopages.org	0.000008	1	0	0
11858	37098483-256588-0-0	oktools.ru	0.000008	1	0	0
12507	897808-247369-0-0	kuzbass-aif-ru.turbopages.org	0.000008	1	0	0
12509	65949452-542792-0-0	radiokp.ru	0.000008	3	0	0
11865	5306121-710607-0-0	mrkot.com	0.000008	1	0	0
11868	8562776-752096-0-0	www.vesti.ru	0.000072	2	0	0
12367	0-187544-0-0	m.7days.ru	0.000072	3	0	0
11864	65101275-575586-0-0	love.ngs.ru	0.000008	1	0	0
12507	54464709-342612-0-0	korzik.net	0.000004	1	0	0
11865	30570339-731199-0-0	ufanotes.ru	0.000008	1	0	0
9866	0-187544-0-0	www.vesti.ru	0.000072	1	0	0
13677	41818-570852-0-0	360tv.ru	0.000061	1	0	0
11868	1560494-485869-0-0	lenta.ru	0.000008	1	0	0
11864	6539562-142065-0-0	perm.zarplata.ru	0.000008	1	0	0
11868	38661274-281904-0-0	tengrinews.kz	0.000008	1	0	0
12507	65101275-447175-0-0	ngs24-ru.turbopages.org	0.000008	1	0	0
12512	87276007-592219-0-0	www.mk.ru	0.000072	1	0	0
11865	94208401-1313934-0-0	jokeru.ru	0.000008	1	0	0
11865	1386626-1294341-0-0	readmanga.io	0.000008	1	0	0
11865	7689119-618604-0-0	kulinarnyj-portal.ru	0.000008	1	0	0
11864	37098483-256588-0-0	oktools.ru	0.000002	1	0	0
11864	75907078-522316-0-0	fotostrana.ru	0.000008	1	0	0
11904	30415581-195397-0-0	perm.flagma.ru	0.000008	1	0	0
11904	73222433-496671-0-0	d3.ru	0.000008	1	0	0
12507	33530085-232061-0-0	omsk.cian.ru	0.000008	2	0	0
11865	37338157-346089-0-0	sense-life.com	0.000072	1	0	0
11909	93335226-830873-0-0	www.eg.ru	0.000072	1	0	0
11909	8381155-721597-0-0	sb-by.turbopages.org	0.000008	1	0	0
12507	2172096-752040-0-0	calcus.ru	0.000008	1	0	0
14057	44057-620855-0-0	minecraft.fandom.com	0.000072	1	0	0
12507	60593289-405812-0-0	parcelsapp.com	0.000008	1	0	0
11904	4624495-130614-0-0	www.vazhno.ru	0.000008	3	0	0
11857	13888962-233432-0-0	carsdb.ru	0.000008	1	0	0
12512	6746465-142629-0-0	hh.ru	0.000008	1	0	0
11904	67572452-463347-0-0	track24.ru	0.000008	5	0	0
12507	93840627-1207269-0-0	finecooking-ru.turbopages.org	0.000008	1	0	0
11857	51468706-330066-0-0	m.vz.ru	0.000006	1	0	0
11858	544535-243374-0-0	urexpert.online	0.000008	1	0	0
11905	90953166-652908-0-0	megadizajn.ru	0.000008	1	0	0
11858	34172799-240415-0-0	antiwomen.ru	0.000008	2	0	0
11904	68543924-531163-0-0	av.by	0.000008	1	0	0
11857	8381155-721610-0-0	lentachel-ru.turbopages.org	0.000008	1	0	0
12507	1801033-247350-0-0	mangalib.me	0.000072	8	0	0
13686	40517-489803-0-0	www.yaplakal.com	0.000007	1	0	0
11909	1848013-444350-0-0	privet-rostov.ru	0.000008	1	0	0
12507	6734741-154950-0-0	drive2-ru.turbopages.org	0.000001	1	0	0
11857	92519834-734981-0-0	lightaudio.ru	0.000008	3	0	0
11868	7689119-903478-0-0	amarisclinic.ru	0.000004	1	0	0
11857	33061684-224641-0-0	izhevsk.ru	0.000008	1	0	0
12507	94346353-1299351-0-0	www.cyberforum.ru	0.000008	2	0	0
11865	69816178-613447-0-0	toolstver.ru	0.000008	1	0	0
11858	36165690-250765-0-0	www.hi-fi.ru	0.000008	1	0	0
11857	31734734-354099-0-0	m.tabor.ru	0.000008	3	0	0
11904	28654839-192901-0-0	vkusno-i-prosto.ru	0.000008	1	0	0
10208	10-844-0-0	atastv.ru	0.000072	1	0	0
10009	817-3521-0-0	atastv.ru	0.000042	1	0	0
12513	1913064-81259-0-0	rusradio.ru	0.000054	1	0	0
12507	3223322-746020-0-0	agronom-guru.turbopages.org	0.000008	1	0	0
12507	3281497-226986-0-0	sport--express-ru.turbopages.org	0.000008	2	0	0
11868	7689119-903478-0-0	amarisclinic.ru	0.000008	1	0	0
12507	64173066-444849-0-0	radiokp-ru.turbopages.org	0.000008	1	0	0
11864	65101275-575584-0-0	www.e1.ru	0.000008	4	0	0
12507	8083377-249692-0-0	englishmore.ru	0.000008	1	0	0
12507	51452342-400489-0-0	t.newzfeed.ru	0.000072	1	0	0
11865	69816178-629399-0-0	kupi-krasku.ru	0.000008	1	0	0
11909	2962507-287812-0-0	istochnikipitaniy.ru	0.000008	1	0	0
12507	941157-244057-0-0	ussurmedia.ru	0.000008	5	0	0
11909	4684670-155160-0-0	www.ogorod.ru	0.000003	1	0	0
12507	1932193-96375-0-0	voronezh.spravker.ru	0.000008	1	0	0
11864	92614311-739883-0-0	newsland.com	0.000008	1	0	0
11864	6438395-248298-0-0	youla.ru	0.000008	2	0	0
12507	5092869-134625-0-0	echo.msk.ru	0.000008	1	0	0
12507	54826028-504282-0-0	smartminds.ru	0.000008	2	0	0
12507	34408360-242635-0-0	econ.wikireading.ru	0.000008	1	0	0
11865	36882225-267966-0-0	rusvesna.su	0.000008	1	0	0
11858	6539562-142065-0-0	perm.zarplata.ru	0.000008	1	0	0
12507	494474-102843-0-0	otzovik.com	0.000006	1	0	0
11865	2978933-600931-0-0	010203.org	0.000008	1	0	0
11857	2013471-87094-0-0	onlinetestpad.com	0.000008	1	0	0
11865	2412782-419506-0-0	www.avito.ru	0.000001	5	0	0
12507	56637581-743823-0-0	wodloft.ru	0.000008	1	0	0
11868	90484702-639714-0-0	csn-tv.ru	0.000008	2	0	0
11791	65bd063b3720d703fa73072dcabb277a-9c78d4358b08e3587	budu5.com	0.000008	2	0	0
11864	31256329-496537-0-0	ideas.homechart.ru	0.000008	1	0	0
12507	49598775-323126-0-0	in-rating.ru	0.000008	1	0	0
11865	61657907-412959-0-0	m.spletnik.ru	0.000008	1	0	0
12507	8381155-722011-0-0	apteka-103-by.turbopages.org	0.000006	1	0	0
11864	3420410-122989-0-0	vladivostok.regmarkets.ru	0.000008	1	0	0
11909	37050033-256344-0-0	www.qrrd.ru	0.000008	1	0	0
11909	494474-102843-0-0	otzovik.com	0.000008	3	0	0
11857	7295714-153743-0-0	russian.rt.com	0.000008	2	0	0
11858	6722348-216033-0-0	employmentcenter.ru	0.000008	1	0	0
11868	51898059-560025-0-0	www.infpol.ru	0.000008	1	0	0
11857	5092869-134625-0-0	echo-msk-ru.turbopages.org	0.000008	1	0	0
11858	1906677-93092-0-0	www.tomsk.ru09.ru	0.000008	1	0	0
11865	33337629-259756-0-0	svetosmotr.ru	0.000008	1	0	0
11865	69816178-664550-0-0	pridesaratov.ru	0.000008	3	0	0
11909	92098312-714340-0-0	www.fishingsib.ru	0.000008	1	0	0
11909	56663774-602227-0-0	m.7days.ru	0.000008	2	0	0
11868	52970779-335320-0-0	www.graycell.ru	0.000008	1	0	0
12507	4806916-284875-0-0	reytingelektroniki-ru.turbopages.org	0.000008	2	0	0
11865	69816178-587108-0-0	etnoperm.ru	0.000008	1	0	0
11865	2412782-419506-0-0	www.avito.ru	0.000003	2	0	0
11857	7687782-448212-0-0	profile-ru.turbopages.org	0.000008	1	0	0
11909	94848661-1268895-0-0	povar-ru.turbopages.org	0.000008	2	0	0
11864	8381155-721610-0-0	lentachel.ru	0.000008	1	0	0
12507	33397807-242671-0-0	tsargrad-tv.turbopages.org	0.000008	2	0	0
11858	32750379-224875-0-0	ushakovdictionary.ru	0.000008	1	0	0
11857	31023497-255643-0-0	zachestnyibiznes.ru	0.000008	1	0	0
11909	93087228-768550-0-0	www.expertcen.ru	0.000004	1	0	0
12509	6746465-142629-0-0	izhevsk.hh.ru	0.000008	1	0	0
13686	42917-623029-0-0	doramy.top	0.000061	1	0	0
12507	1769765-73403-0-0	www.kp40.ru	0.000008	1	0	0
11858	16951930-184419-0-0	kitchendecorium.ru	0.000072	1	0	0
12507	92098312-714374-0-0	www.hunting.ru	0.000008	1	0	0
11865	8934519-219162-0-0	moylacetti.ru	0.000006	1	0	0
11864	6438395-142108-0-0	e.mail.ru	0.000072	1	0	0
11865	31979275-778755-0-0	ufa-santehnik.ru	0.000008	1	0	0
12507	65101275-577844-0-0	76.ru	0.000007	1	0	0
9012	36195-472385-0-0	www.mk.ru	0.000061	3	0	0
12507	65101275-575584-0-0	www.e1.ru	0.000008	3	0	0
11858	92386429-978316-0-0	tvrf.online	0.000008	1	0	0
11905	64627433-487567-0-0	motildazoo.ru	0.000008	1	0	0
12507	49274173-447072-0-0	n-e-n.ru	0.000008	1	0	0
12507	31446184-207712-0-0	zarplata--online-ru.turbopages.org	0.000008	2	0	0
11857	34206449-240681-0-0	page365-ru.turbopages.org	0.000008	1	0	0
11858	35004741-246962-0-0	po-krymu.ru	0.000008	1	0	0
11865	91517824-1254361-0-0	plwind.ru	0.000008	1	0	0
12512	71813031-490450-0-0	www.gismeteo.ru	0.000008	5	0	0
11909	1754751-88586-0-0	alcofan.com	0.000008	1	0	0
11857	33397807-230529-0-0	tsargrad-tv.turbopages.org	0.000008	2	0	0
12507	90874673-648305-0-0	list-name.ru	0.000008	1	0	0
12368	0-187544-0-0	xn----7sbahrplyfdaxfotk.xn--p1ai	0.000072	1	0	0
11865	1718328-141569-0-0	cont.ws	0.000008	2	0	0
12512	3293020-129405-0-0	www.cosmo.ru	0.000008	2	0	0
13677	43650-609027-0-0	klops.ru	0.000061	1	0	0
11858	87276007-592221-0-0	www.womanhit.ru	0.000008	1	0	0
11909	1495454-144564-0-0	ipatovo.jsprav.ru	0.000008	1	0	0
11909	6734741-142545-0-0	www.drive2.ru	0.000005	1	0	0
10131	0-35313285-0-0	vjav.com	0.000008	1	0	0
11909	1560494-141078-0-0	finance.rambler.ru	0.000008	1	0	0
11909	396626-1140-0-0	pskov.stroyportal.ru	0.000008	1	0	0
14080	0-187544-0-0	atastv.ru	0.000072	1	0	0
12512	36882225-627483-0-0	roomble.com	0.000008	1	0	0
11868	1560494-137168-0-0	weekend.rambler.ru	0.000008	1	0	0
12507	7687782-282028-0-0	inopressa-ru.turbopages.org	0.000008	1	0	0
11909	6557105-250544-0-0	interfax-ru.turbopages.org	0.000008	3	0	0
11904	51452342-1209672-0-0	quiz-and-facts.com	0.000008	1	0	0
11905	1347107-597415-0-0	www.usantehnika.ru	0.000008	1	0	0
11868	7226200-154932-0-0	www.chita.ru	0.000008	1	0	0
12507	45746419-284959-0-0	schlock.ru	0.000072	1	0	0
11904	3597768-490803-0-0	moy-instrument.ru	0.000008	1	0	0
10009	817-3521-0-0	atastv.ru	0.000026	1	0	0
11865	5945611-143578-0-0	svoy-business.com	0.000008	1	0	0
12512	33589789-233303-0-0	www.driver-helper.ru	0.000008	1	0	0
9866	0-187544-0-0	animedub.ru	0.000072	1	0	0
11865	46383421-589112-0-0	kadbase.ru	0.000008	1	0	0
11909	1560494-348677-0-0	colonelcassad.livejournal.com	0.000072	1	0	0
11868	7295714-188279-0-0	russian.rt.com	0.000072	4	0	0
11865	494474-102843-0-0	otzovik.com	0.000006	1	0	0
11865	1476345-138906-0-0	permnews.ru	0.000008	1	0	0
11909	56663774-602227-0-0	m.7days.ru	0.000072	2	0	0
11857	91411553-671414-0-0	intrigue.dating	0.000072	1	0	0
12507	93736421-989340-0-0	kylinariya-ru.turbopages.org	0.000001	1	0	0
12512	8176469-155098-0-0	cheb.ru	0.000008	1	0	0
9012	41316-586119-0-0	m.7days.ru	0.000061	1	0	0
11860	92614311-739673-0-0	www.film.ru	0.000039	1	0	0
12507	82182983-561692-0-0	vyborexperta.ru	0.000008	1	0	0
12509	73222433-496671-0-0	d3.ru	0.000005	1	0	0
12507	91083793-1238391-0-0	ru.jobsora.com	0.000008	2	0	0
10049	10-844-0-0	s-otvet.ru	0.000008	2	0	0
11865	32164720-214578-0-0	www.politnavigator.net	0.000008	1	0	0
11860	2390032-357688-0-0	www.msn.com	0.000007	1	0	0
12507	55975826-355893-0-0	domopravitelnitsa.com	0.000067	1	0	0
12507	33530085-232061-0-0	smolensk.cian.ru	0.000008	1	0	0
12509	6746465-148945-0-0	hhcdn.ru	0.000008	5	0	0
12507	34382785-242460-0-0	sharypovo.vsn.ru	0.000008	1	0	0
12507	50264598-333108-0-0	www.alfafm.ru	0.000008	2	0	0
11868	8562776-757351-0-0	ussurmedia.ru	0.000008	2	0	0
12507	570920-38708-0-0	news.vtomske.ru	0.000008	2	0	0
11865	94992061-1279309-0-0	news102.ru	0.000008	1	0	0
8663	10-844-0-0	www.om1.ru	0.000072	1	0	0
11909	46632524-542541-0-0	coronavirus-monitorus.ru	0.000008	1	0	0
12507	92453275-732287-0-0	11novosti.ru	0.000008	2	0	0
12507	17303435-184594-0-0	zavtra.ru	0.000008	1	0	0
11905	4482117-129967-0-0	aftershock.news	0.000008	2	0	0
11857	61934491-415282-0-0	russia.superjob.ru	0.000008	1	0	0
11865	974947-49517-0-0	www.9111.ru	0.000008	2	0	0
11904	38661274-635651-0-0	mir-knigi.info	0.000008	1	0	0
11858	4817705-131942-0-0	www.u-mama.ru	0.000008	2	0	0
12507	93721351-983592-0-0	mensby.com	0.000003	1	0	0
11857	3962685-126917-0-0	edaplus-info.turbopages.org	0.000008	1	0	0
11858	974947-49517-0-0	www.9111.ru	0.000008	1	0	0
12507	974947-49517-0-0	9111-ru.turbopages.org	0.000008	2	0	0
12507	7687782-448212-0-0	profile.ru	0.000072	9	0	0
11858	6539562-142065-0-0	perm.zarplata.ru	0.000005	1	0	0
11858	65101275-575586-0-0	ngs.ru	0.000008	1	0	0
12507	19548583-189727-0-0	help-wifi.com	0.000008	1	0	0
11864	6438395-147023-0-0	news.mail.ru	0.000008	22	0	0
11858	1426764-126740-0-0	files.stroyinf.ru	0.000008	2	0	0
11865	2412782-419506-0-0	www.avito.ru	0.000004	3	0	0
11904	369305-1038-0-0	3dnews.ru	0.000008	1	0	0
12507	68543924-531163-0-0	cars.av.by	0.000008	2	0	0
11904	78307303-541125-0-0	mangapoisk.ru	0.000072	2	0	0
13685	42917-612242-0-0	www.om1.ru	0.000061	1	0	0
11857	3293020-129405-0-0	www.cosmo.ru	0.000008	2	0	0
12507	91476616-674998-0-0	ketome-ru.turbopages.org	0.000008	1	0	0
11909	91159049-655744-0-0	remanga.org	0.000008	1	0	0
11868	89976696-630193-0-0	overclockers.ru	0.000072	1	0	0
12507	985920-49912-0-0	www.vidal.ru	0.000008	2	0	0
11865	30552953-203602-0-0	data-vykhoda.ru	0.000008	1	0	0
12507	61657907-412959-0-0	www.spletnik.ru	0.000008	1	0	0
12507	36165690-250765-0-0	hi--fi-ru.turbopages.org	0.000007	1	0	0
11868	371996-604546-0-0	wikiway.com	0.000008	6	0	0
11857	3598907-324656-0-0	7days-ru.turbopages.org	0.000008	1	0	0
11909	2905505-113096-0-0	kerch.fm	0.000008	2	0	0
12507	991188-267662-0-0	gufo-me.turbopages.org	0.000008	1	0	0
12507	504193-28011-0-0	www.zr.ru	0.000008	6	0	0
12507	2112549-91685-0-0	news.mirtesen.ru	0.000008	1	0	0
12507	8562776-751411-0-0	dni.ru	0.000008	1	0	0
12507	73647856-528283-0-0	samaraonline24-ru.turbopages.org	0.000008	1	0	0
11865	36882225-627483-0-0	roomble.com	0.000008	1	0	0
12367	0-216200-0-0	www.om1.ru	0.000072	3	0	0
12507	93178036-774550-0-0	knijky.ru	0.000008	1	0	0
12507	24111355-1291364-0-0	readmanga.io	0.000003	1	0	0
12507	69891566-602765-0-0	udipedia-live.ru	0.000008	1	0	0
9864	0-187544-0-0	www.igraemsa.ru	0.000072	1	0	0
9866	0-187544-0-0	animeonline.cc	0.000113	1	1	0
11858	51898059-1217541-0-0	24warez.com	0.000008	1	0	0
11858	1124250-54642-0-0	krsk.au.ru	0.000008	1	0	0
11858	919299-74182-0-0	900igr.net	0.000008	1	0	0
11857	65101275-447162-0-0	www.fontanka.ru	0.000002	1	0	0
12507	34206449-240681-0-0	page365-ru.turbopages.org	0.000008	1	0	0
12507	91864171-708690-0-0	www.vesti.ru	0.000072	1	0	0
11905	93683367-979907-0-0	aktnews.ru	0.000008	1	0	0
11857	7687782-448212-0-0	profile.ru	0.000008	2	0	0
11865	93335226-830873-0-0	www.eg.ru	0.000072	5	0	0
12507	2268602-98932-0-0	appleinsider-ru.turbopages.org	0.000008	1	0	0
11864	65101275-578374-0-0	www.nn.ru	0.000008	6	0	0
11865	1058248-188072-0-0	nastroyvse.ru	0.000008	1	0	0
11868	38661274-635651-0-0	mir-knigi.info	0.000008	1	0	0
12507	897808-247369-0-0	aif-ru.turbopages.org	0.000003	1	0	0
11858	1718328-141569-0-0	cont.ws	0.000008	1	0	0
10009	10-844-0-0	atastv.ru	0.000045	1	0	0
12509	91864171-708690-0-0	www.vesti.ru	0.000045	1	0	0
11868	1412746-1207820-0-0	m.iamcook.ru	0.000008	1	0	0
11865	7286645-580131-0-0	tech.onliner.by	0.000008	2	0	0
11909	9184396-261332-0-0	ocomp-info.turbopages.org	0.000008	1	0	0
12507	2745-45551-0-0	www.forumhouse.ru	0.000006	1	0	0
11858	36882225-267966-0-0	rusvesna.su	0.000008	2	0	0
11909	2315532-102572-0-0	cityopen.ru	0.000008	1	0	0
12507	1024057-50948-0-0	eva.ru	0.000008	1	0	0
11909	6734741-154950-0-0	www.drive2.ru	0.000008	1	0	0
10209	b2ebca6eba370ba3ec81c0c930b1fa58-c1c157a848d56cd62	aboutan.ru	0.000072	1	0	0
11864	6438395-147025-0-0	my.mail.ru	0.000008	6	0	0
12507	18901916-286505-0-0	nadieteprosto.ru	0.000008	1	0	0
12507	93335226-830873-0-0	www.eg.ru	0.000008	1	0	0
10009	b2ebca6eba370ba3ec81c0c930b1fa58-bc5800fe11d69db32	atastv.ru	0.000072	1	0	0
11909	2571917-108562-0-0	www.penzainform.ru	0.000008	1	0	0
12507	2150714-95972-0-0	www.forens-med.ru	0.000004	1	0	0
12509	6746465-142629-0-0	kazan.hh.ru	0.000001	1	0	0
12507	8562776-753573-0-0	www.ivd.ru	0.000008	1	0	0
11909	1718328-141569-0-0	cont.ws	0.000007	1	0	0
11865	3281497-128107-0-0	www.sport-express.ru	0.000072	1	0	0
12368	0-187544-0-0	www.om1.ru	0.000072	1	0	0
9011	42917-616279-0-0	atastv.ru	0.000061	1	0	0
11904	93915523-1222110-0-0	ssoft.su	0.000001	1	0	0
11858	8176469-155098-0-0	forum.zarulem.ws	0.000008	1	0	0
11904	407318-46487-0-0	www.hmn.ru	0.000008	1	0	0
11864	31446184-207693-0-0	www.pro-personal.ru	0.000021	1	0	0
11865	396747-401704-0-0	m.rzn.info	0.000008	1	0	0
12509	883984-55588-0-0	www.popcornnews.ru	0.000008	1	0	0
12507	2412782-419506-0-0	www.avito.ru	0.000002	2	0	0
11909	5633386-138917-0-0	myslo.ru	0.000008	1	0	0
11868	2390032-422584-0-0	outlook.live.com	0.000008	1	0	0
11864	65101275-578759-0-0	www.marieclaire.ru	0.000008	3	0	0
11858	89917519-1270159-0-0	altapress.ru	0.000008	1	0	0
11905	5584162-138578-0-0	www.anekdot.ru	0.000008	4	0	0
11865	91191068-663022-0-0	hobbitshop.ru	0.000008	1	0	0
11858	5131788-753823-0-0	joxi.ru	0.000008	1	0	0
12509	24109265-241001-0-0	dekoriko.ru	0.000072	1	0	0
11857	36625339-1246394-0-0	dachaa-ru.turbopages.org	0.000008	1	0	0
11865	66475862-456139-0-0	udm-info.ru	0.000008	1	0	0
11909	4624495-130614-0-0	www.vazhno.ru	0.000008	1	0	0
12507	33530085-232061-0-0	api.cian.ru	0.000005	1	0	0
11865	69816178-652756-0-0	investgazeta.ru	0.000008	1	0	0
11864	508343-49826-0-0	www.gastronom.ru	0.000007	1	0	0
12507	36882225-351721-0-0	irr.ru	0.000008	1	0	0
11865	54689608-349697-0-0	design-homes.ru	0.000008	1	0	0
12507	3091996-271627-0-0	muzon-muzon.ru	0.000004	1	0	0
12367	0-187544-0-0	www.vesti.ru	0.000072	1	0	0
11857	396626-1140-0-0	volgograd.stroyportal.ru	0.000008	1	0	0
12509	51898059-1212039-0-0	doramy.top	0.000008	1	0	0
12507	2414639-405546-0-0	rehouz-info.turbopages.org	0.000008	1	0	0
11864	1302295-281120-0-0	stalkers.info	0.000008	1	0	0
11860	1560494-247699-0-0	woman.rambler.ru	0.000008	1	0	0
11865	36625339-1246394-0-0	dachaa.ru	0.000008	1	0	0
12507	70028346-484447-0-0	ostrovrusa.ru	0.000072	1	0	0
11858	53838711-339155-0-0	gameguru.ru	0.000008	1	0	0
12507	504193-28011-0-0	zr-ru.turbopages.org	0.000008	2	0	0
12509	6746465-142629-0-0	arkhangelsk.hh.ru	0.000002	1	0	0
11857	5092531-241790-0-0	ura-news.turbopages.org	0.000008	3	0	0
11858	94820217-1266839-0-0	m.progorod43.ru	0.000008	1	0	0
10208	10-844-0-0	atastv.ru	0.00009	0	1	0
12507	3293020-129405-0-0	www.cosmo.ru	0.000003	1	0	0
11857	66810155-458492-0-0	24smi-org.turbopages.org	0.000008	1	0	0
14056	0-216200-0-0	360tv.ru	0.000072	1	0	0
12507	36493473-331129-0-0	primpress.ru	0.000008	1	0	0
11904	49979845-325056-0-0	realty.interfax.ru	0.000072	1	0	0
11864	941157-244057-0-0	ussurmedia.ru	0.000005	1	0	0
11858	91624402-735163-0-0	day.ru	0.000008	1	0	0
12512	1650869-69381-0-0	novayagazeta.ru	0.000008	1	0	0
12507	50363257-327452-0-0	beboo.ru	0.000002	1	0	0
11909	52420040-333643-0-0	otzovik.pro	0.000008	1	0	0
11858	38824859-261447-0-0	daily-motor.ru	0.000008	1	0	0
12509	51898059-1212039-0-0	doramy.top	0.000072	1	0	0
11865	1124250-54642-0-0	krsk.au.ru	0.000008	1	0	0
14055	0-216200-0-0	www.om1.ru	0.000072	3	0	0
11857	1810758-88753-0-0	ivbb.ru	0.000005	1	0	0
11860	51898059-569211-0-0	4ege.ru	0.000008	1	0	0
12507	3223322-191313-0-0	rcycle-net.turbopages.org	0.000008	1	0	0
11858	34776665-725258-0-0	pskov.svetofors.ru	0.000008	1	0	0
11858	30572317-198689-0-0	aquarium-fish-home.ru	0.000008	1	0	0
12507	7632479-149419-0-0	riafan.ru	0.000008	1	0	0
12507	65101275-576825-0-0	ngs24.ru	0.000008	3	0	0
11909	38661274-726955-0-0	knigiaudio.club	0.000008	1	0	0
11909	2745-45551-0-0	www.forumhouse.ru	0.000008	1	0	0
11857	51898059-1212039-0-0	doramy.top	0.000072	1	0	0
12509	51898059-738543-0-0	amedia.online	0.000008	5	0	0
12507	5633973-139040-0-0	u--f-ru.turbopages.org	0.000008	3	0	0
11858	87936520-601046-0-0	www.mamba.ru	0.000006	1	0	0
11864	7432993-149001-0-0	kgd.ru	0.000008	2	0	0
11864	2412782-189903-0-0	www.avito.ru	0.000008	1	0	0
12509	7432993-149001-0-0	kgd.ru	0.000005	1	0	0
11857	5877226-143320-0-0	paperpaper-ru.turbopages.org	0.000008	1	0	0
11865	91778783-1241164-0-0	kardiokbr.ru	0.000008	1	0	0
11909	2814265-341850-0-0	osemenah.ru	0.000008	1	0	0
12507	22684436-260651-0-0	expert-kachestva.ru	0.000008	1	0	0
11858	1780942-265504-0-0	ondom2.com	0.000008	1	0	0
12507	91624402-735164-0-0	day.ru	0.000008	1	0	0
11904	59253684-398638-0-0	greenapteka.ru	0.000008	1	0	0
12507	49608361-418964-0-0	1000.menu	0.000008	1	0	0
11857	12015-13900-0-0	tolbazy.best-stroy.ru	0.000008	1	0	0
11865	92519834-734980-0-0	stand.hitplayer.ru	0.000008	1	0	0
11857	65101275-1205940-0-0	woman-ru.turbopages.org	0.000008	1	0	0
12507	94122213-1214014-0-0	blotos-ru.turbopages.org	0.000003	1	0	0
11858	503611-30324-0-0	studiya-dizayna-mashinnoy.blizko.ru	0.000008	1	0	0
12507	4044759-235408-0-0	okardio.com	0.000008	1	0	0
12507	1818286-387306-0-0	ozrenieglaz.ru	0.000008	1	0	0
