BidCostStat	2.5
2021-10-05
11865	3984262-263139-0-0	technical.city	0.000008	1	0	0
9866	0-216200-0-0	doctorpiter.ru	0.000072	1	0	0
11858	3030129-115169-0-0	moscow.unibo.ru	0.000008	1	0	0
12509	51898059-578331-0-0	www.om1.ru	0.000008	1	0	0
11868	93675111-1211889-0-0	vkfaces.com	0.000008	1	0	0
10049	10-844-0-0	get-albums.ru	0.000008	1	0	0
11858	61323914-410639-0-0	www.km.ru	0.000008	1	0	0
12507	1815196-94023-0-0	poncy.ru	0.000008	1	0	0
9011	40517-489803-0-0	www.yaplakal.com	0.000007	1	0	0
11857	5092869-134625-0-0	echo.msk.ru	0.000008	1	0	0
12507	2050914-751853-0-0	nauka.club	0.000008	1	0	0
11858	7936518-275430-0-0	odinelectric.ru	0.000008	1	0	0
11858	471383-17418-0-0	www.bmwclub.ru	0.000008	1	0	0
11857	38661274-725731-0-0	mir-knigi.net	0.000008	1	0	0
12512	1440263-65055-0-0	www.kakprosto.ru	0.000008	1	0	0
11865	31113536-204531-0-0	markakachestva.ru	0.000008	1	0	0
12512	476196-292318-0-0	onlayn-radio.ru	0.000008	1	0	0
11857	3090793-147280-0-0	pravoved.ru	0.000008	1	0	0
11858	4624207-335872-0-0	cheboksary.big-book-city.ru	0.000008	1	0	0
11864	65101275-575586-0-0	pogoda.ngs.ru	0.000008	1	0	0
12507	6963345-143476-0-0	vestivrn-ru.turbopages.org	0.000008	1	0	0
11857	984498-323023-0-0	activestudy-info.turbopages.org	0.000008	1	0	0
12507	93335226-830873-0-0	www.eg.ru	0.000072	1	0	0
11858	1054260-72839-0-0	myrouble.ru	0.000008	1	0	0
12507	40139498-266133-0-0	azbyka--vkysa-ru.turbopages.org	0.000008	2	0	0
12512	1487103-116916-0-0	qlaster.ru	0.000008	1	0	0
12507	5839191-236527-0-0	tvrain-ru.turbopages.org	0.000008	1	0	0
11909	66475862-459160-0-0	vostokmedia-com.turbopages.org	0.000008	1	0	0
12507	91778783-1236021-0-0	tarabanki-ru.turbopages.org	0.000008	1	0	0
11905	537984-72590-0-0	www.iamcook.ru	0.000008	1	0	0
11909	32039088-212225-0-0	tehnika.expert	0.000008	1	0	0
12507	87276007-592219-0-0	www.mk.ru	0.000072	1	0	0
11864	509629-29789-0-0	rg.ru	0.000008	1	0	0
11857	4682439-130997-0-0	sevastopol.su	0.000008	1	0	0
11860	1534005-499185-0-0	otivent.com	0.000008	1	0	0
11909	548057-52397-0-0	astromeridian-ru.turbopages.org	0.000008	1	0	0
11909	65101275-579344-0-0	doctorpiter.ru	0.000072	1	0	0
12507	1399964-1311574-0-0	pythonru.com	0.000008	1	0	0
11857	15044768-265786-0-0	mangahub.ru	0.000072	1	0	0
12507	1126407-122161-0-0	avtoexperts.ru	0.000008	1	0	0
11857	354367-6817-0-0	tvcenter-ru.turbopages.org	0.000008	1	0	0
12509	883984-55588-0-0	www.popcornnews.ru	0.000008	2	0	0
12513	5706550-280918-0-0	iz.ru	0.000008	1	0	0
12512	65101275-578374-0-0	koshkakrol.www.nn.ru	0.000008	1	0	0
11865	16531335-183936-0-0	optlist.ru	0.000008	1	0	0
11909	8562776-777206-0-0	rg.ru	0.000008	1	0	0
11858	92519834-1223907-0-0	ru.drivemusic.me	0.000008	1	0	0
11865	7689119-943632-0-0	pristav-fssp.ru	0.000008	1	0	0
11857	36338709-257091-0-0	visasam.ru	0.000008	1	0	0
12507	33723972-236873-0-0	www.soyuz.ru	0.000008	1	0	0
12507	56953682-526860-0-0	food.inmyroom.ru	0.000008	2	0	0
11864	89834739-627758-0-0	www.meteonova.ru	0.000008	1	0	0
11864	502769-139701-0-0	vashgorod.ru	0.000008	1	0	0
12507	78925847-636653-0-0	list-vk.com	0.000008	1	0	0
11865	3281497-136716-0-0	m.sport-express.ru	0.000008	1	0	0
11865	31663907-209042-0-0	www.sutynews.ru	0.000008	1	0	0
11909	509629-486824-0-0	rg-ru.turbopages.org	0.000008	1	0	0
12512	393320-247170-0-0	www.comboplayer.ru	0.000008	1	0	0
12507	75495020-518849-0-0	www.summa-propisyu.ru	0.000008	1	0	0
11865	7404181-192694-0-0	jumornoj.temaretik.com	0.000008	1	0	0
11909	93261812-810117-0-0	doramalive.ru	0.000008	2	0	0
11909	26809064-675583-0-0	avtika.ru	0.000008	1	0	0
12513	3293020-125354-0-0	www.goodhouse.ru	0.000008	1	0	0
11904	984498-323023-0-0	www.activestudy.info	0.000008	1	0	0
12507	7687782-253370-0-0	anews-com.turbopages.org	0.000008	1	0	0
11905	64297897-441824-0-0	spasibovsem.ru	0.000008	1	0	0
12507	1412746-580826-0-0	www.litmir.me	0.000008	1	0	0
12507	91072570-651429-0-0	kanobu-ru.turbopages.org	0.000008	1	0	0
11904	30477641-200831-0-0	sankt-peterburg.trud.com	0.000008	1	0	0
12512	33663302-233506-0-0	www.land-cruiser.ru	0.000008	1	0	0
12512	94878756-1271145-0-0	novostimira.fun	0.000008	1	0	0
12507	5092869-134625-0-0	echo.msk.ru	0.000008	1	0	0
9869	0-187544-0-0	klops.ru	0.000072	1	0	0
11858	53895798-339461-0-0	ivanovo.nashaspravka.ru	0.000008	1	0	0
11865	1730802-683859-0-0	chinalike.ru	0.000008	1	0	0
12507	38661274-725731-0-0	mir-knigi.net	0.000008	1	0	0
11909	93087228-768550-0-0	www.expertcen.ru	0.000008	1	0	0
12507	7546835-148644-0-0	chess-samara.ru	0.000008	1	0	0
11868	51898059-1273897-0-0	tytpodelki.ru	0.000008	1	0	0
11858	59767463-401512-0-0	book-online.com.ua	0.000008	1	0	0
12509	6746465-142629-0-0	petropavlovsk-kamchatskij.hh.ru	0.000008	1	0	0
11865	10577035-980239-0-0	soundex.ru	0.000008	1	0	0
11857	15044768-265786-0-0	mangahub.ru	0.000008	1	0	0
12513	51898059-1273897-0-0	tytpodelki.ru	0.000008	1	0	0
11909	88121411-603874-0-0	newsrank.ru	0.000072	1	0	0
11909	40813026-268229-0-0	my-chip.info	0.000008	1	0	0
11864	75907078-695593-0-0	fotostrana.ru	0.000008	1	0	0
11865	36882225-351721-0-0	tverskaya-obl.irr.ru	0.000008	1	0	0
11865	41296583-479805-0-0	stroyday.ru	0.000008	1	0	0
11860	1560494-159243-0-0	nova.rambler.ru	0.000008	1	0	0
13751	1dede33b-462b-4625-af5b-3988653b2088-5C41C1AB-0817	www.mk.ru	0.000063	1	0	0
12507	90016086-630836-0-0	otabletkah.ru	0.000008	1	0	0
11909	6438395-353925-0-0	hi-tech.mail.ru	0.000008	1	0	0
11865	1600226-68252-0-0	moskva.bezformata.com	0.000008	1	0	0
9866	0-216200-0-0	www.drive.ru	0.000072	1	0	0
11865	7975544-153745-0-0	tass.ru	0.000008	1	0	0
12507	1801033-247350-0-0	mangalib.me	0.000008	1	0	0
11858	9598552-175106-0-0	www.forbes.ru	0.000072	1	0	0
11858	369305-1038-0-0	3dnews.ru	0.000008	1	0	0
12507	5633386-138917-0-0	myslo.ru	0.000008	1	0	0
12507	3962685-126917-0-0	edaplus.info	0.000008	1	0	0
12507	42333652-277621-0-0	zakonguru-com.turbopages.org	0.000008	1	0	0
11858	36165690-250765-0-0	www.hi-fi.ru	0.000008	1	0	0
12507	4624207-335872-0-0	cheboksary.big-book-city.ru	0.000008	1	0	0
11865	37338157-346089-0-0	sense-life.com	0.000072	1	0	0
11909	1133796-430869-0-0	www.rulit.me	0.000008	1	0	0
11909	8176469-155098-0-0	forum.na-svyazi.ru	0.000008	1	0	0
11868	49533561-511257-0-0	www.lvrach.ru	0.000008	1	0	0
12509	35979498-250002-0-0	mywebpc.ru	0.000008	1	0	0
11909	508343-49828-0-0	supersadovnik-ru.turbopages.org	0.000008	1	0	0
11865	47029973-694123-0-0	oko-planet.su	0.000008	1	0	0
12507	1600226-68252-0-0	kaliningrad.bezformata.com	0.000008	1	0	0
11865	65101275-579434-0-0	www.elledecoration.ru	0.000008	1	0	0
12513	3293020-129405-0-0	www.cosmo.ru	0.000008	1	0	0
11865	61326047-410657-0-0	www.zelenograd.ru	0.000008	1	0	0
11865	2731523-109135-0-0	guns.allzip.org	0.000008	1	0	0
12509	73222433-496671-0-0	gif.d3.ru	0.000008	1	0	0
12507	2112549-91685-0-0	temydnya.mirtesen.ru	0.000008	1	0	0
12512	39315718-724782-0-0	informing.ru	0.000008	1	0	0
11909	897669-56459-0-0	pikabu-ru.turbopages.org	0.000008	1	0	0
12507	26809064-690610-0-0	santatrade.ru	0.000008	1	0	0
12512	2731523-132720-0-0	popgun.ru	0.000008	1	0	0
11909	91159049-655744-0-0	remanga.org	0.000008	2	0	0
11868	73147933-495963-0-0	makeword.ru	0.000008	1	0	0
11857	2731523-132720-0-0	popgun.ru	0.000008	1	0	0
9865	0-216200-0-0	www.drive.ru	0.000072	1	0	0
11865	91774534-708956-0-0	speedcamupdates.ru	0.000008	1	0	0
11909	915412-108160-0-0	1prime.ru	0.000008	2	0	0
12507	1128640-77463-0-0	alimero.ru	0.000008	1	0	0
11865	87921446-649024-0-0	domgadaniy.ru	0.000008	1	0	0
13192	26694-78074-0-0	xn--80aklgjdc4ahc3h.xn--p1ai	0.000142	1	0	0
11904	5392276-237873-0-0	androidnik.ru	0.000072	1	0	0
11864	7584597-148844-0-0	zpravda.ru	0.000008	1	0	0
11904	91565557-680910-0-0	www.osd.ru	0.000008	1	0	0
11857	51898059-1212039-0-0	doramy.top	0.000008	1	0	0
12507	24109265-241001-0-0	dekoriko.ru	0.000072	1	0	0
12507	1624597-68828-0-0	ptzgovorit.ru	0.000008	1	0	0
11868	1412746-1258509-0-0	www.litmir.me	0.000008	1	0	0
11865	20558773-244380-0-0	kraskopulti.ru	0.000008	1	0	0
12507	31446184-207712-0-0	zarplata--online-ru.turbopages.org	0.000008	1	0	0
11904	1543096-175927-0-0	anvay.ru	0.000008	1	0	0
11864	47669093-650362-0-0	chistayrabota.ru	0.000008	1	0	0
11864	51898059-542538-0-0	www.amic.ru	0.000008	1	0	0
11905	836254-82783-0-0	gorodusinsk.ru	0.000008	1	0	0
11858	2172096-752040-0-0	calcus.ru	0.000008	1	0	0
11909	509780-30013-0-0	v102.ru	0.000008	1	0	0
12509	985920-49912-0-0	www.vidal.ru	0.000008	1	0	0
11865	94454731-1242389-0-0	okdk.ru	0.000008	1	0	0
12507	92614311-741303-0-0	www.paparazzi.ru	0.000072	1	0	0
11858	66196548-454676-0-0	otzovik-top.ru	0.000008	1	0	0
11864	37548038-591772-0-0	mtz-80.ru	0.000008	1	0	0
11857	1171865-102938-0-0	samara-papa.ru	0.000008	1	0	0
12507	489104-59468-0-0	irecommend.ru	0.000008	1	0	0
11864	65101275-578839-0-0	www.psychologies.ru	0.000072	1	0	0
11865	2149613-708597-0-0	www.dizainvfoto.ru	0.000008	1	0	0
11858	5764089-149860-0-0	pravda-sotrudnikov.ru	0.000008	1	0	0
11857	41724942-336240-0-0	libking.ru	0.000008	1	0	0
11858	4336102-128863-0-0	scalemodels.ru	0.000008	1	0	0
13680	34631-621882-0-0	nauka.club	0.000061	1	0	0
12507	912992-511932-0-0	vmirevolos.ru	0.000008	1	0	0
11858	32125188-427918-0-0	bloknot-volgodonsk.ru	0.000008	1	0	0
11857	5392276-237873-0-0	androidnik.ru	0.000008	1	0	0
12507	2013471-87094-0-0	onlinetestpad.com	0.000008	1	0	0
11860	69645376-492689-0-0	kreditnyi-zaym.ru	0.000008	1	0	0
11858	5608376-138894-0-0	en.lyrsense.com	0.000008	1	0	0
11858	6746465-142629-0-0	spb.hh.ru	0.000008	1	0	0
11858	7346122-146902-0-0	www.ivanovonews.ru	0.000008	1	0	0
11909	8109637-383668-0-0	rucheyok.ru	0.000008	1	0	0
11865	5584162-138578-0-0	www.anekdot.ru	0.000008	1	0	0
11865	69816178-605794-0-0	lingvya.ru	0.000008	1	0	0
11858	36882225-351721-0-0	syzran.irr.ru	0.000008	1	0	0
11857	9367368-696375-0-0	minutkoclinic-com.turbopages.org	0.000008	1	0	0
14056	0-216200-0-0	nauka.club	0.000072	1	0	0
11909	1913085-81261-0-0	montecarlo.ru	0.000008	2	0	0
11909	93836300-1210014-0-0	www.bolshoyvopros.ru	0.000008	4	0	0
12368	0-216200-0-0	7days.ru	0.000072	1	0	0
12507	47018685-290050-0-0	www.1obl.ru	0.000008	1	0	0
11904	46431776-287922-0-0	joyreactor.cc	0.000008	1	0	0
9012	42617-606792-0-0	rossaprimavera.ru	0.000061	2	0	0
11868	24063418-190745-0-0	o-krohe.ru	0.000072	1	0	0
14080	0-187544-0-0	turkcinema.org	0.000072	1	0	0
11858	37098483-256588-0-0	oktools.ru	0.000008	1	0	0
11909	45818621-410641-0-0	www.autoezda.com	0.000008	1	0	0
11791	65bd063b3720d703fa73072dcabb277a-9c78d4358b08e3587	otvetkino.ru	0.000008	1	0	0
11864	6438395-525739-0-0	news.mail.ru	0.000008	1	0	0
11864	10018531-295780-0-0	1tulatv.ru	0.000008	1	0	0
10208	6d4e33980ff0d340926898fa68e2f0cf-ac0cfa0dfcc0909ac	turkcinema.org	0.000072	1	0	0
12507	8194173-398242-0-0	protkani.com	0.000008	2	0	0
11857	87936520-601046-0-0	wamba.com	0.000008	1	0	0
11865	93006193-981818-0-0	dekormyhome.ru	0.000008	1	0	0
12509	820239-60569-0-0	krasnodar.cataloxy.ru	0.000008	1	0	0
11865	54817670-1312075-0-0	adult.wsesw.ru	0.000008	1	0	0
12507	45746419-284959-0-0	schlock.ru	0.000008	1	0	0
11857	2364206-165246-0-0	m.bk55.ru	0.000008	1	0	0
11865	394542-68689-0-0	www.ao.by	0.000008	1	0	0
12507	39420173-263935-0-0	e-news.su	0.000008	1	0	0
12507	91778991-1212107-0-0	klopabei-ru.turbopages.org	0.000008	1	0	0
9864	0-216200-0-0	www.m24.ru	0.000072	1	0	0
12507	34408360-242635-0-0	esoterics.wikireading.ru	0.000072	1	0	0
11864	65101275-577844-0-0	76.ru	0.000008	1	0	0
11860	1728009-162266-0-0	www.1tv.ru	0.000008	2	0	0
11868	912305-47074-0-0	www.topnews.ru	0.000072	1	0	0
10009	21fee56a7508a045067e16181bb7cc2c-e4a26f930c0db018d	animeonline.cc	0.000072	2	0	0
11865	30570339-730439-0-0	moevideo.biz	0.000008	1	0	0
11791	65bd063b3720d703fa73072dcabb277a-9c78d4358b08e3587	b.1ordfilm.art	0.000008	2	0	0
12509	31550338-208345-0-0	ru.esosedi.org	0.000008	1	0	0
12507	396626-1140-0-0	arhangelsk.stroyportal.ru	0.000008	1	0	0
11909	32402134-217631-0-0	wooordhunt.ru	0.000008	1	0	0
11858	326549-98177-0-0	www.bibliofond.ru	0.000008	1	0	0
11857	32123286-213392-0-0	vnutrislova.net	0.000072	1	0	0
11909	1998326-145368-0-0	club-vesta.ru	0.000008	1	0	0
12507	6706937-586581-0-0	wtftime-ru.turbopages.org	0.000008	1	0	0
11858	65101275-575586-0-0	ngs.ru	0.000008	1	0	0
11909	54388252-749660-0-0	moefermerstvo.ru	0.000008	1	0	0
9869	0-187544-0-0	mangalib.me	0.000072	1	0	0
11909	2064639-164017-0-0	classinform.ru	0.000008	2	0	0
11868	86690274-712854-0-0	3dnews.ru	0.000008	1	0	0
11868	65101275-578603-0-0	www.fontanka.ru	0.000008	2	0	0
9011	40621-491126-0-0	masters-otvet.ru	0.000007	1	0	0
11857	16951930-184419-0-0	kitchendecorium.ru	0.000072	1	0	0
11868	5387468-155559-0-0	zebra-tv.ru	0.000008	1	0	0
9866	0-187544-0-0	www.tourprom.ru	0.000072	2	0	0
11858	47669093-650362-0-0	chistayrabota.ru	0.000008	1	0	0
11858	54689608-349697-0-0	design-homes.ru	0.000008	1	0	0
11865	6734741-142545-0-0	www.drive2.ru	0.000008	3	0	0
11860	65443695-449419-0-0	www.ok-magazine.ru	0.000008	1	0	0
12507	43067710-276947-0-0	carpedia-club.turbopages.org	0.000008	1	0	0
12507	64173066-443007-0-0	radiokp.ru	0.000008	4	0	0
11865	92746812-746262-0-0	makulatury.ru	0.000008	1	0	0
11865	1600226-68252-0-0	kaliningrad.bezformata.com	0.000008	1	0	0
9012	40282-578266-0-0	m.orakul.com	0.000061	2	0	0
12507	1600226-68252-0-0	samara.bezformata.com	0.000008	1	0	0
9866	0-187544-0-0	360tv.ru	0.000072	1	0	0
12513	18373836-575903-0-0	royallib.com	0.000008	1	0	0
12507	3834784-137420-0-0	www.mydoska.com	0.000008	1	0	0
12507	7632479-149419-0-0	riafan.ru	0.000008	1	0	0
12507	92651734-741400-0-0	forums.kuban.ru	0.000008	1	0	0
10009	65bd063b3720d703fa73072dcabb277a-9c78d4358b08e3587	turkcinema.org	0.000072	1	0	0
11864	5350121-136704-0-0	football.kulichki.net	0.000008	1	0	0
11868	93998579-1205222-0-0	deal.by	0.000008	1	0	0
12507	36493473-331129-0-0	primpress.ru	0.000072	1	0	0
11909	6438395-467395-0-0	hi--tech-mail-ru.turbopages.org	0.000008	1	0	0
11864	1955115-430451-0-0	www.poisklekarstv.com	0.000008	1	0	0
11909	36935879-255877-0-0	vetconsultplus.ru	0.000008	2	0	0
11858	61934491-415282-0-0	izhevsk.superjob.ru	0.000008	2	0	0
11909	65101275-579334-0-0	www.vokrugsveta.ru	0.000008	1	0	0
11868	63819103-429409-0-0	m.galya.ru	0.000008	1	0	0
12512	1312384-59770-0-0	izgr.ru	0.000008	1	0	0
11904	30477641-200831-0-0	samara.trud.com	0.000008	1	0	0
12509	391591-136601-0-0	forum.vashdom.ru	0.000008	1	0	0
10208	817-3540-0-0	turkcinema.org	0.000113	1	1	0
11864	6438395-151802-0-0	auto.mail.ru	0.000008	1	0	0
12507	2750719-127707-0-0	m.nu-today.ru	0.000008	1	0	0
11868	1560494-485869-0-0	lenta.ru	0.000072	2	0	0
11864	36882225-270539-0-0	www.gotovim.ru	0.000008	2	0	0
11904	73222433-496671-0-0	story_from_life.d3.ru	0.000008	1	0	0
11868	863030-290501-0-0	www.vgae.ru	0.000008	2	0	0
12507	31446184-207692-0-0	www.zdrav.ru	0.000008	1	0	0
11858	51452342-496695-0-0	daily-inform.ru	0.000072	1	0	0
11865	30570339-681440-0-0	moevideo.biz	0.000008	1	0	0
11864	575797-141668-0-0	newsorel.ru	0.000072	1	0	0
11905	2013471-87094-0-0	onlinetestpad.com	0.000008	3	0	0
12507	50264598-333108-0-0	www.alfafm.ru	0.000008	1	0	0
12507	65101275-684050-0-0	starhit-ru.turbopages.org	0.000008	2	0	0
11904	1873567-129758-0-0	mir24.tv	0.000072	1	0	0
11909	7378703-147144-0-0	eadaily.com	0.000008	1	0	0
9013	41430-621542-0-0	www.myshared.ru	0.000061	1	0	0
11865	5012820-251856-0-0	torgovets.com	0.000008	1	0	0
11904	24109265-241001-0-0	www.dekoriko.ru	0.000008	1	0	0
11904	4624495-130614-0-0	www.vazhno.ru	0.000008	1	0	0
12509	6746465-142629-0-0	zvenigorod.hh.ru	0.000008	1	0	0
14055	0-187544-0-0	nversia.ru	0.000072	1	0	0
12507	3293020-129405-0-0	www.cosmo.ru	0.000008	5	0	0
11865	91778991-1212136-0-0	studiocrystal.ru	0.000008	1	0	0
11857	92519834-1223907-0-0	ru.drivemusic.me	0.000008	1	0	0
11904	5332802-136546-0-0	msk.kupiprodai.ru	0.000008	1	0	0
11868	89739637-641214-0-0	rosseriali.net	0.000008	1	0	0
11864	41474784-274215-0-0	posylka.net	0.000008	1	0	0
11904	30415581-195397-0-0	novorossiysk.flagma.ru	0.000008	1	0	0
12507	3221681-716214-0-0	gam-kovid-vak.ru	0.000008	1	0	0
12507	89976696-630193-0-0	overclockers-ru.turbopages.org	0.000008	2	0	0
11904	30477641-200831-0-0	www.trud.com	0.000008	4	0	0
11858	5550422-138437-0-0	tvzvezda.ru	0.000008	1	0	0
12507	7821208-151947-0-0	enisey-tv.turbopages.org	0.000008	1	0	0
14056	0-216200-0-0	www.lentainform.com	0.000072	2	0	0
11909	89976696-630193-0-0	overclockers.ru	0.000008	1	0	0
11865	34192131-1259567-0-0	g2022.su	0.000008	1	0	0
12507	478096-57509-0-0	www.inpearls.ru	0.000008	1	0	0
12507	31446184-207688-0-0	www.trudohrana.ru	0.000008	1	0	0
11868	7295714-188279-0-0	russian.rt.com	0.000008	2	0	0
11860	11799164-212895-0-0	designadvice.ru	0.000008	1	0	0
11865	8562776-1276450-0-0	ngs.ru	0.000008	1	0	0
11858	88537174-609693-0-0	www.amur.info	0.000008	1	0	0
9864	0-216200-0-0	ren.tv	0.000072	2	0	0
11905	10322213-277627-0-0	100realt.ru	0.000008	1	0	0
12509	91864171-708690-0-0	www.vesti.ru	0.000072	1	0	0
11904	5567990-138646-0-0	lugasoft.ru	0.000008	1	0	0
11865	63929029-430435-0-0	snob.ru	0.000008	1	0	0
11857	36493473-331594-0-0	konkurent.ru	0.000008	6	0	0
12507	907113-386345-0-0	itexts.net	0.000008	1	0	0
11791	65bd063b3720d703fa73072dcabb277a-9c78d4358b08e3587	profi.cergey.ru	0.000008	1	0	0
12507	42813817-276165-0-0	znak-com.turbopages.org	0.000008	1	0	0
11864	6438395-147024-0-0	horo.mail.ru	0.000008	3	0	0
12507	49905584-324706-0-0	sport24.ru	0.000008	2	0	0
11905	2112549-91685-0-0	prikolisti.mirtesen.ru	0.000008	1	0	0
11904	36493473-331129-0-0	primpress.ru	0.000008	1	0	0
11905	1409206-62247-0-0	radiokot.ru	0.000008	1	0	0
11857	396626-1140-0-0	simferopol.stroyportal.ru	0.000008	1	0	0
11909	2424319-566182-0-0	energoseti.ru	0.000008	1	0	0
12507	33530085-232061-0-0	volgograd.cian.ru	0.000008	2	0	0
12507	65101275-575584-0-0	www.e1.ru	0.000008	2	0	0
9012	36195-472385-0-0	www.mk.ru	0.000061	6	0	0
11868	8562776-753104-0-0	www.inmyroom.ru	0.000008	2	0	0
11857	7295714-153743-0-0	russian.rt.com	0.000008	2	0	0
11909	494474-102843-0-0	otzovik.com	0.000008	4	0	0
11904	3849096-126345-0-0	www.gorodche.ru	0.000008	3	0	0
12509	32596396-493295-0-0	isss.ru	0.000008	1	0	0
13683	42666-622170-0-0	profile.ru	0.000061	13	0	0
12509	51898059-1210844-0-0	m.bombardir.ru	0.000008	1	0	0
11865	38661274-725920-0-0	doramiru.com	0.000008	1	0	0
11858	2995865-406187-0-0	gde-notarius.ru	0.000008	1	0	0
11791	65bd063b3720d703fa73072dcabb277a-9c78d4358b08e3587	lordserial.org	0.000008	1	0	0
11865	92576835-1249072-0-0	wopiresand.cf	0.000008	2	0	0
12507	31536440-208762-0-0	studopedia.org	0.000008	1	0	0
11864	434286-67013-0-0	astroscope.ru	0.000008	1	0	0
12509	5601425-267201-0-0	penzanews.ru	0.000008	1	0	0
9866	0-187544-0-0	harrypotter.fandom.com	0.000072	1	0	0
11868	56953682-478194-0-0	www.inmyroom.ru	0.000008	1	0	0
11909	51020038-328213-0-0	tvsamara-ru.turbopages.org	0.000008	1	0	0
12507	4491432-484954-0-0	permyachok-ru.turbopages.org	0.000008	1	0	0
11857	728568-69138-0-0	pozdravok.ru	0.000008	1	0	0
11860	18373836-575903-0-0	royallib.com	0.000008	1	0	0
11864	71813031-490450-0-0	www.gismeteo.ru	0.000008	3	0	0
12509	65949452-989182-0-0	infourok.ru	0.000008	3	0	0
11857	92519834-1263861-0-0	r.mp3xa.fm	0.000008	1	0	0
11868	3090793-147280-0-0	pravoved.ru	0.000008	10	0	0
12367	0-187544-0-0	www.eg.ru	0.000072	2	0	0
11864	1366491-168646-0-0	www.4vsar.ru	0.000008	1	0	0
9866	0-216200-0-0	m.7days.ru	0.000072	3	0	0
9866	0-187544-0-0	m.psr.best	0.000072	3	0	0
11904	6438461-709396-0-0	ok.ru	0.000008	1	0	0
11904	46431776-287922-0-0	reactor.cc	0.000008	1	0	0
12512	473582-188012-0-0	utmurl.ru	0.000008	1	0	0
11857	31734734-354099-0-0	m.tabor.ru	0.000008	6	0	0
11864	3420410-122989-0-0	novorossiysk.regmarkets.ru	0.000008	1	0	0
11865	95103534-1293406-0-0	bsnss.net	0.000008	1	0	0
11858	5905298-139817-0-0	glav.su	0.000008	2	0	0
12507	49608361-418964-0-0	1000.menu	0.000008	8	0	0
11904	1851489-141474-0-0	www.kuponika.ru	0.000008	1	0	0
11909	407197-91828-0-0	burdastyle.ru	0.000008	1	0	0
10717	26694-78074-0-0	xn--80aklgjdc4ahc3h.xn--p1ai	0.000142	1	0	0
11909	1006591-50518-0-0	amic-ru.turbopages.org	0.000008	1	0	0
11865	51898059-607095-0-0	kachalka-24.ru	0.000008	1	0	0
11909	1932193-96375-0-0	domodedovo.spravker.ru	0.000008	1	0	0
11905	829897-322215-0-0	prozakon.guru	0.000008	1	0	0
12507	92133698-716081-0-0	kiz-ru.turbopages.org	0.000008	1	0	0
12507	91083793-1238391-0-0	ru.jobsora.com	0.000008	4	0	0
11904	33575579-658055-0-0	tagilmaster.ru	0.000008	2	0	0
12512	6746465-142629-0-0	odintsovo.hh.ru	0.000008	1	0	0
12507	2915023-727054-0-0	ksonline-ru.turbopages.org	0.000008	1	0	0
11865	7310126-271055-0-0	potreb-prava.com	0.000008	1	0	0
12512	65101275-447176-0-0	www.nn.ru	0.000008	1	0	0
11865	49988489-455267-0-0	wuxiaworld.ru	0.000072	1	0	0
12513	92453275-732287-0-0	11novosti.ru	0.000008	1	0	0
12507	8236148-168743-0-0	baby-ru.turbopages.org	0.000008	1	0	0
12367	0-216200-0-0	m.7days.ru	0.000072	1	0	0
12507	89508281-1255957-0-0	plitkahelp.com	0.000008	1	0	0
11865	457835-58151-0-0	expomap.ru	0.000008	1	0	0
11858	65101275-575584-0-0	www.e1.ru	0.000008	3	0	0
11858	5092531-223754-0-0	ura.news	0.000008	2	0	0
11857	3033405-266989-0-0	zapchasti.expert	0.000008	1	0	0
12507	26809064-1299951-0-0	aspektcenter.ru	0.000008	1	0	0
11864	6438395-142108-0-0	e.mail.ru	0.000008	795	0	0
11865	92686662-993254-0-0	dk-nn.ru	0.000008	1	0	0
11865	30570339-681432-0-0	svpressa.ru	0.000008	1	0	0
9866	0-187544-0-0	www.psychologies.ru	0.000072	2	0	0
11864	575797-267611-0-0	newsbryansk.ru	0.000008	1	0	0
12507	7664547-442805-0-0	m--strana-ru.turbopages.org	0.000008	1	0	0
11858	65101275-579334-0-0	www.vokrugsveta.ru	0.000008	1	0	0
12509	65949452-732813-0-0	www.romanticcollection.ru	0.000008	1	0	0
11904	2239710-346458-0-0	yanashla.com	0.000008	4	0	0
12507	11648129-176547-0-0	iklife.ru	0.000008	1	0	0
11909	49697278-424313-0-0	proosteklenie.com	0.000008	1	0	0
11858	73147933-495963-0-0	makeword.ru	0.000008	1	0	0
11864	9598552-175106-0-0	www.forbes.ru	0.000072	1	0	0
12512	5905298-139817-0-0	glav.su	0.000008	2	0	0
11904	1312384-59770-0-0	izgr.ru	0.000008	1	0	0
11864	91864171-708690-0-0	www.vesti.ru	0.000072	1	0	0
11904	3281497-136716-0-0	m.sport-express.ru	0.000072	3	0	0
12507	24063418-242868-0-0	stroy-podskazka.ru	0.000072	1	0	0
11857	31023497-255643-0-0	zachestnyibiznes.ru	0.000008	4	0	0
11864	50521278-327084-0-0	360tv.ru	0.000008	1	0	0
11858	51898059-1217541-0-0	24warez.com	0.000008	1	0	0
12507	89760852-626594-0-0	www.rospt.ru	0.000008	2	0	0
11904	44545091-280493-0-0	nekto.me	0.000072	1	0	0
11865	3293020-125354-0-0	www.goodhouse.ru	0.000008	1	0	0
11858	92386429-1241104-0-0	tvrf.city	0.000008	1	0	0
11905	30415581-195397-0-0	sharya.flagma.ru	0.000008	1	0	0
12507	4929252-82467-0-0	lookcolor.ru	0.000008	1	0	0
12513	65101275-447184-0-0	turizm.ngs.ru	0.000008	1	0	0
14057	44057-620855-0-0	masseffect.fandom.com	0.000072	1	0	0
12512	33530085-232061-0-0	omsk.cian.ru	0.000008	1	0	0
11865	94194251-1222132-0-0	loventy.ml	0.000008	1	0	0
9012	41985-624599-0-0	animeonline.cc	0.000061	1	0	0
12512	36882225-273359-0-0	mix.sibnet.ru	0.000008	1	0	0
11905	2112549-91685-0-0	newdom.mirtesen.ru	0.000008	1	0	0
11905	6732883-142543-0-0	base.garant.ru	0.000008	1	0	0
11868	498578-167170-0-0	www.kp.ru	0.000008	1	0	0
12507	37934116-277882-0-0	nevasport-ru.turbopages.org	0.000008	1	0	0
12507	2551308-264355-0-0	lampaexpert.ru	0.000008	1	0	0
11868	1180293-56287-0-0	www.kaluga-poisk.ru	0.000008	4	0	0
11909	7773941-513277-0-0	turgeo.ru	0.000008	1	0	0
11865	92453275-732287-0-0	11novosti.ru	0.000008	1	0	0
11905	93939384-1200103-0-0	na-dietu.ru	0.000008	1	0	0
12509	6746465-142629-0-0	ufa.hh.ru	0.000008	1	0	0
11857	805568-239247-0-0	cosmo-frost.ru	0.000008	1	0	0
11868	5633973-139040-0-0	u-f.ru	0.000008	1	0	0
11909	91114828-653308-0-0	cyberleninka.ru	0.000008	1	0	0
11865	64010268-440266-0-0	svgpng.ru	0.000008	1	0	0
11904	93110714-761020-0-0	www.defsmeta.com	0.000008	1	0	0
12509	65101275-446897-0-0	www.vokrugsveta.ru	0.000008	2	0	0
11905	47029973-694123-0-0	oko-planet.su	0.000008	1	0	0
11868	6734741-154950-0-0	drive2-ru.turbopages.org	0.000008	1	0	0
12509	33530085-232061-0-0	pskov.cian.ru	0.000008	1	0	0
11904	464925-225360-0-0	himki.diamondelectric.ru	0.000008	1	0	0
12507	33952324-567003-0-0	komnatarebenka.ru	0.000008	1	0	0
11857	1345512-60623-0-0	donnews-ru.turbopages.org	0.000008	2	0	0
11858	471024-17376-0-0	forum.ners.ru	0.000008	1	0	0
11864	18373836-455813-0-0	top-mods.ru	0.000008	1	0	0
11864	532164-35333-0-0	forum.mfd.ru	0.000008	1	0	0
11865	66777237-686709-0-0	vertytips.ru	0.000008	1	0	0
12507	51898059-569211-0-0	4ege.ru	0.000008	2	0	0
12507	1322075-600554-0-0	sadovnikam-ru.turbopages.org	0.000008	1	0	0
12507	7295714-153743-0-0	russian-rt-com.turbopages.org	0.000008	1	0	0
14055	0-216200-0-0	nversia.ru	0.000072	2	0	0
11905	61554-10518-0-0	lokomotiv.info	0.000008	1	0	0
11904	87787631-598390-0-0	grounde.ru	0.000008	1	0	0
11864	7374579-147562-0-0	bombardir.ru	0.000008	4	0	0
11858	1428778-62775-0-0	forum.littleone.ru	0.000008	3	0	0
11904	48821797-320410-0-0	borisoglebsk.gde.ru	0.000008	1	0	0
12507	93868403-991120-0-0	sportkp.ru	0.000008	1	0	0
11858	360988-499315-0-0	narufest.diary.ru	0.000008	1	0	0
12507	93836300-1210014-0-0	www.bolshoyvopros.ru	0.000008	3	0	0
12507	414237-5932-0-0	veterinarka.ru	0.000008	1	0	0
12507	56247092-358187-0-0	polit-ru.turbopages.org	0.000008	2	0	0
11904	24063418-242868-0-0	stroy-podskazka.ru	0.000008	1	0	0
9864	0-187544-0-0	kaspyinfo.ru	0.000072	1	0	0
11909	90720690-643887-0-0	mir-knig.com	0.000008	12	0	0
11858	76348590-527241-0-0	coronavirus-monitor.info	0.000008	2	0	0
12507	2047853-448511-0-0	tekst-pesni.online	0.000008	2	0	0
12507	55161831-577536-0-0	rosserialy.net	0.000008	1	0	0
12367	0-191256-0-0	www.mk.ru	0.000072	1	0	0
11904	48821797-320410-0-0	rostov-na-donu.gde.ru	0.000008	1	0	0
11909	93836300-1210023-0-0	www.remotvet.ru	0.000008	1	0	0
11858	87936520-601046-0-0	love.mail.ru	0.000008	1	0	0
11909	2112549-91685-0-0	obhohocheshsya.ru	0.000008	1	0	0
11858	8240866-155688-0-0	www.belnovosti.by	0.000008	1	0	0
9866	0-187544-0-0	downtonabbey.fandom.com	0.000072	1	0	0
12507	504193-28011-0-0	www.zr.ru	0.000008	13	0	0
11864	2412782-189903-0-0	www.avito.ru	0.000008	11	0	0
12507	6734741-154950-0-0	drive2-ru.turbopages.org	0.000008	4	0	0
11904	93006193-755265-0-0	domzastroika.ru	0.000072	1	0	0
11864	42813817-276165-0-0	www.znak.com	0.000008	8	0	0
11857	1938433-74325-0-0	samozapis-spb.ru	0.000008	1	0	0
8669	5937c422f0b37c7566937953-4441-0-0	nauka.club	0.000072	1	0	0
11857	42813817-276165-0-0	www.znak.com	0.000008	8	0	0
12513	93212188-810576-0-0	relasko.ru	0.000008	1	0	0
12367	0-187544-0-0	m.7days.ru	0.000072	1	0	0
11868	18373836-407993-0-0	www.u-mama.ru	0.000008	1	0	0
12512	32636216-333902-0-0	contentim.ru	0.000008	2	0	0
11865	11353791-277330-0-0	xn----dtbec0aczc1l.xn--p1ai	0.000008	1	0	0
11858	32125188-427919-0-0	bloknot-rostov.ru	0.000008	1	0	0
11858	36882225-268047-0-0	cont.ws	0.000008	2	0	0
11858	874982-46249-0-0	svpressa.ru	0.000008	1	0	0
11858	36493473-331594-0-0	konkurent.ru	0.000008	1	0	0
11858	86690274-607061-0-0	ctnews.ru	0.000008	2	0	0
12507	570920-38708-0-0	news.vtomske.ru	0.000008	2	0	0
11858	93998579-1205222-0-0	deal.by	0.000008	1	0	0
13685	42917-608379-0-0	xn----7sbahrplyfdaxfotk.xn--p1ai	0.000061	1	0	0
12507	3598907-330905-0-0	vokrug-tv.turbopages.org	0.000008	1	0	0
11864	65101275-578759-0-0	www.marieclaire.ru	0.000008	3	0	0
11857	14477514-740793-0-0	sib-fm.turbopages.org	0.000008	1	0	0
11865	2292748-983840-0-0	film-gde.ru	0.000008	1	0	0
12507	65949452-542792-0-0	radiokp.ru	0.000008	2	0	0
11864	6539562-142065-0-0	nsk.zarplata.ru	0.000008	1	0	0
11858	82182983-561692-0-0	vyborexperta.ru	0.000008	1	0	0
12507	42813817-276165-0-0	www.znak.com	0.000008	22	0	0
11868	51898059-1263934-0-0	podborkino.com	0.000008	1	0	0
11864	65101275-578374-0-0	www.nn.ru	0.000008	7	0	0
12507	2412782-419506-0-0	www.avito.ru	0.000008	22	0	0
11865	94194251-1222394-0-0	merfasd.ml	0.000008	1	0	0
9866	0-216200-0-0	ren.tv	0.000072	1	0	0
12507	7687782-448212-0-0	profile.ru	0.000008	11	0	0
11909	36493473-331129-0-0	primpress.ru	0.000072	1	0	0
11865	91774534-710195-0-0	texnotoys.ru	0.000008	1	0	0
12507	91350941-683028-0-0	www.7ya.ru	0.000008	1	0	0
12507	32039088-212225-0-0	tehnika.expert	0.000008	1	0	0
11904	31446184-207692-0-0	www.zdrav.ru	0.000008	1	0	0
12507	93736421-989340-0-0	kylinariya-ru.turbopages.org	0.000008	2	0	0
11865	43300894-277958-0-0	batareykaa.ru	0.000008	1	0	0
12509	65949452-515704-0-0	teleprogramma.pro	0.000072	8	0	0
11909	61657907-412959-0-0	m.spletnik.ru	0.000008	2	0	0
11904	5350121-136704-0-0	football.kulichki.net	0.000008	1	0	0
11865	61657907-412959-0-0	www.spletnik.ru	0.000008	5	0	0
11858	1560494-660797-0-0	mail.rambler.ru	0.000008	23	0	0
11865	2412782-419506-0-0	www.avito.ru	0.000008	282	0	0
12513	65101275-447180-0-0	pogoda.e1.ru	0.000008	1	0	0
11858	7392844-260713-0-0	wiseeconomist.ru	0.000008	1	0	0
12507	805568-239247-0-0	cosmo-frost.ru	0.000008	1	0	0
12509	51898059-1302353-0-0	readmanga.io	0.000008	1	0	0
11865	47669093-621511-0-0	ultra-sonex.ru	0.000008	1	0	0
12512	56953682-478194-0-0	www.inmyroom.ru	0.000008	1	0	0
11868	947503-35996-0-0	detdom-vidnoe.ru	0.000008	2	0	0
12507	471383-17418-0-0	www.bmwclub.ru	0.000008	1	0	0
11857	2412782-419507-0-0	m.avito.ru	0.000008	65	0	0
12507	36493473-331594-0-0	konkurent.ru	0.000008	10	0	0
12507	93178036-774550-0-0	knijky.ru	0.000008	1	0	0
12507	399905-1174-0-0	novokuznetsk.pulscen.ru	0.000008	1	0	0
12507	1409206-62247-0-0	radiokot.ru	0.000008	1	0	0
11864	3420410-122989-0-0	pervouralsk.regmarkets.ru	0.000008	1	0	0
12507	2112549-91685-0-0	absolute-rating.mirtesen.ru	0.000008	1	0	0
11857	91774534-710350-0-0	xn----8sban6b6a.xn--p1ai	0.000008	1	0	0
12512	591741-52012-0-0	roads.ru	0.000008	1	0	0
11858	32125188-427416-0-0	bloknot-volgograd.ru	0.000008	1	0	0
12512	7517911-148375-0-0	www.5-tv.ru	0.000008	1	0	0
11904	87276007-592219-0-0	www.mk.ru	0.000008	2	0	0
12507	1801033-247350-0-0	mangalib.me	0.000072	4	0	0
11857	7687782-448212-0-0	profile.ru	0.000072	7	0	0
11908	1011571-50615-0-0	argumenti.ru	0.000008	1	0	0
11909	1683593-210293-0-0	razan.jobfilter.ru	0.000008	1	0	0
11858	92453275-732287-0-0	11novosti.ru	0.000008	4	0	0
12507	91623033-683453-0-0	irr.ru	0.000008	1	0	0
11858	1718328-141569-0-0	cont.ws	0.000008	2	0	0
12507	91437683-992150-0-0	setafi-com.turbopages.org	0.000008	1	0	0
11864	6438395-147024-0-0	lady.mail.ru	0.000008	6	0	0
11904	80808699-624286-0-0	womanlooks.ru	0.000008	1	0	0
12507	38243664-260292-0-0	domstrousam-ru.turbopages.org	0.000008	1	0	0
11904	51452342-443163-0-0	moika78.ru	0.000008	1	0	0
12507	360988-499315-0-0	diary-ru.turbopages.org	0.000008	1	0	0
11864	4482117-129967-0-0	aftershock.news	0.000008	2	0	0
11864	65101275-577826-0-0	59.ru	0.000008	2	0	0
12507	33245886-227514-0-0	alloy.ru	0.000008	1	0	0
11865	46431776-287922-0-0	polit.reactor.cc	0.000008	1	0	0
12507	94504917-1247246-0-0	1plus1tv.ru	0.000072	1	0	0
11865	3998391-709513-0-0	2022year.ru	0.000008	1	0	0
12507	30025181-246104-0-0	discover24-ru.turbopages.org	0.000008	1	0	0
11858	5934165-147590-0-0	mycompany.su	0.000008	1	0	0
11909	3849512-125905-0-0	www.liveinternet.ru	0.000008	1	0	0
11865	2362117-295130-0-0	usinsk.online	0.000008	1	0	0
11858	1216716-384205-0-0	zakupki-kontur.ru	0.000008	1	0	0
9866	0-187544-0-0	nationsofns.fandom.com	0.000072	1	0	0
11868	509780-660426-0-0	v102.ru	0.000008	2	0	0
11858	1728009-162266-0-0	www.1tv.ru	0.000008	4	0	0
11909	38661274-737528-0-0	500book.ru	0.000008	1	0	0
9012	40621-491126-0-0	b.1ordfilm.art	0.000007	1	0	0
11857	87936520-601046-0-0	love.mail.ru	0.000008	14	0	0
12507	473106-94916-0-0	anekdotov.net	0.000008	2	0	0
11858	69306375-873517-0-0	new-vitara.ru	0.000008	1	0	0
11858	31575695-208854-0-0	www.orgpage.ru	0.000008	2	0	0
11868	6734741-142545-0-0	www.drive2.ru	0.000008	1	0	0
11858	2412782-189903-0-0	www.avito.ru	0.000008	2	0	0
12507	21335514-197250-0-0	remoo.ru	0.000008	1	0	0
12507	5929665-265405-0-0	stroyres.net	0.000008	1	0	0
11865	7975544-153745-0-0	tass.ru	0.000072	1	0	0
11909	2424319-340842-0-0	fabricators.ru	0.000008	1	0	0
9866	0-216200-0-0	www.lentainform.com	0.000072	7	0	0
11904	8054248-216855-0-0	ir-center.ru	0.000008	3	0	0
12507	91159049-655744-0-0	remanga.org	0.000008	2	0	0
11858	91645974-686732-0-0	www.advertology.ru	0.000008	1	0	0
8669	817-4066-0-0	you-anime.ru	0.000072	1	0	0
11864	86690274-607061-0-0	ctnews.ru	0.000008	2	0	0
11909	489260-186679-0-0	vkys.info	0.000008	1	0	0
11865	897669-460527-0-0	pikabu.ru	0.000008	3	0	0
12507	38661274-725920-0-0	doramiru.com	0.000008	1	0	0
11864	65101275-575584-0-0	www.e1.ru	0.000008	10	0	0
12509	93261812-810117-0-0	doramalive.ru	0.000008	1	0	0
9035	40621-491126-0-0	gajets24.ru	0.000007	1	0	0
11868	51898059-994668-0-0	trinixy.ru	0.000072	1	0	0
12507	70390261-665396-0-0	akniga.org	0.000008	1	0	0
12507	73647856-528283-0-0	samaraonline24-ru.turbopages.org	0.000008	1	0	0
12367	0-187544-0-0	stellaris.fandom.com	0.000072	1	0	0
12512	61657907-412959-0-0	www.spletnik.ru	0.000008	1	0	0
11858	36520651-255057-0-0	homes.ngs.ru	0.000008	1	0	0
11905	8984986-451473-0-0	tehnolev.ru	0.000008	1	0	0
9012	35253-488557-0-0	www.psychologies.ru	0.000061	1	0	0
11865	2175662-94656-0-0	secondstreet.ru	0.000008	1	0	0
11868	1412746-580826-0-0	www.litmir.me	0.000008	1	0	0
11864	65101275-576513-0-0	v1.ru	0.000008	1	0	0
11865	897795-259376-0-0	www.ixbt.com	0.000008	1	0	0
11857	1180293-56287-0-0	www.kaluga-poisk.ru	0.000008	4	0	0
12512	31446184-207710-0-0	www.law.ru	0.000008	1	0	0
9869	0-187544-0-0	profile.ru	0.000072	13	0	0
12507	92945426-752689-0-0	sibdepo-ru.turbopages.org	0.000008	2	0	0
11865	7235217-646530-0-0	rockstargames.su	0.000008	1	0	0
11904	979409-284786-0-0	shop-lot.ru	0.000008	1	0	0
11909	56663774-602227-0-0	m.7days.ru	0.000072	1	0	0
9864	0-187544-0-0	video.sibnet.ru	0.000072	1	0	0
11909	775153-334670-0-0	credits.ru	0.000008	1	0	0
11909	2412782-167916-0-0	www.domofond.ru	0.000008	1	0	0
11909	8562776-751411-0-0	dni.ru	0.000008	1	0	0
11857	66777237-686681-0-0	flywoman.ru	0.000008	1	0	0
12507	51898059-340225-0-0	www.sportsdaily.ru	0.000008	1	0	0
12512	1124250-54642-0-0	krsk.au.ru	0.000008	1	0	0
11868	897669-56459-0-0	pikabu.ru	0.000008	5	0	0
11904	93360914-840292-0-0	avia.pro	0.000008	1	0	0
11857	1913078-162571-0-0	life-ru.turbopages.org	0.000008	1	0	0
11860	51898059-569211-0-0	4ege.ru	0.000008	1	0	0
11858	974947-49517-0-0	www.9111.ru	0.000008	2	0	0
11857	94139961-1214987-0-0	blog.dohcolonoc.ru	0.000008	1	0	0
12507	897808-247369-0-0	aif-ru.turbopages.org	0.000008	1	0	0
11858	44495229-280397-0-0	kursk-izvestia.ru	0.000008	1	0	0
11864	3420410-122989-0-0	murmansk.regmarkets.ru	0.000008	1	0	0
11857	3046664-115800-0-0	sunhome-ru.turbopages.org	0.000008	1	0	0
12507	3849096-126345-0-0	www.gorodche.ru	0.000008	4	0	0
11904	5510286-138138-0-0	razlozhi.ru	0.000008	6	0	0
11858	1637878-69200-0-0	chepetsk.ru	0.000008	1	0	0
9012	35566-569446-0-0	deita.ru	0.000061	1	0	0
11868	31102843-645344-0-0	aktosr.ru	0.000008	1	0	0
11864	7773941-233920-0-0	stroitelstvo21.ru	0.000008	1	0	0
11864	60651573-406429-0-0	goscontract.info	0.000008	1	0	0
11865	89739637-994535-0-0	online-knigi.com.ua	0.000008	1	0	0
11904	8157577-352414-0-0	love.ru	0.000008	3	0	0
12507	398158-22452-0-0	www.greeninfo.ru	0.000008	2	0	0
11864	1348663-126298-0-0	www.aup.ru	0.000008	1	0	0
12507	407197-158840-0-0	lisa-ru.turbopages.org	0.000008	1	0	0
12507	34351736-270437-0-0	www.yaplakal.com	0.000008	2	0	0
11868	93683367-979907-0-0	aktnews.ru	0.000008	10	0	0
11791	79-1797-0-0	ads.betweendigital.com	0.000008	1	0	0
11858	40879015-268596-0-0	naavtotrasse.ru	0.000008	1	0	0
14056	0-187544-0-0	harrypotter.fandom.com	0.000072	1	0	0
11865	7325353-258553-0-0	beton-house.com	0.000008	1	0	0
12509	33530085-232061-0-0	omsk.cian.ru	0.000008	1	0	0
11865	91774418-706197-0-0	rudatings.ru	0.000008	1	0	0
12507	93764885-986435-0-0	zverovod-info.turbopages.org	0.000008	1	0	0
12507	1374984-732752-0-0	sprashivalka.com	0.000008	1	0	0
12507	8379705-159020-0-0	smart-lab.ru	0.000008	1	0	0
11865	92093171-1249204-0-0	tinmertad.cf	0.000008	2	0	0
11865	91622640-844270-0-0	furnilux.ru	0.000008	2	0	0
11857	24111355-1291364-0-0	readmanga.io	0.000008	1	0	0
11909	8207458-155370-0-0	m.1777.ru	0.000008	1	0	0
11865	7970387-153680-0-0	riamo.ru	0.000008	1	0	0
11858	65101275-577857-0-0	72.ru	0.000008	1	0	0
11904	10322213-277627-0-0	100realt.ru	0.000008	1	0	0
11909	4946925-326003-0-0	vseodveri.ru	0.000008	1	0	0
11909	3900291-175272-0-0	kraska.guru	0.000008	1	0	0
11865	48686613-446932-0-0	nails-mag.ru	0.000008	1	0	0
12507	72896180-498580-0-0	www.babyplan.ru	0.000072	1	0	0
11858	75370468-517914-0-0	ofont.ru	0.000008	1	0	0
11905	2112549-91685-0-0	mirtesen.ru	0.000008	6	0	0
11857	87936520-601046-0-0	www.mamba.ru	0.000008	8	0	0
11864	65101275-575586-0-0	ngs.ru	0.000008	5	0	0
12507	7702445-257518-0-0	woodschool.ru	0.000008	1	0	0
12513	2390032-356910-0-0	www.msn.com	0.000008	2	0	0
11864	6438395-147025-0-0	my.mail.ru	0.000008	4	0	0
11909	8071010-154593-0-0	www.008.ru	0.000008	1	0	0
11857	66810155-458492-0-0	24smi-org.turbopages.org	0.000008	1	0	0
11909	47153782-290659-0-0	expertology.ru	0.000008	1	0	0
11865	42813817-276165-0-0	www.znak.com	0.000008	2	0	0
12507	2412782-419507-0-0	m.avito.ru	0.000008	87	0	0
11865	59347009-452362-0-0	mastack.ru	0.000008	1	0	0
12507	1412746-1207820-0-0	m.iamcook.ru	0.000008	1	0	0
12509	15076685-266807-0-0	vesti-yamal.ru	0.000008	2	0	0
11857	509629-196263-0-0	rg-ru.turbopages.org	0.000008	2	0	0
11865	91774418-1243643-0-0	hearthstoneblog.ru	0.000008	1	0	0
12507	1600226-68252-0-0	yaroslavl.bezformata.com	0.000008	1	0	0
11857	56336832-381479-0-0	m.tabor.ru	0.000008	2	0	0
11857	5092869-134625-0-0	echo-msk-ru.turbopages.org	0.000008	1	0	0
11864	575797-241742-0-0	newstula.ru	0.000008	1	0	0
12507	34565813-704705-0-0	uchebnikionline.ru	0.000008	1	0	0
8669	3938cf97ea84e2a9485f979e908bda87-6dd7f7a279120d51b	www.playground.ru	0.000008	8	0	0
11858	8562776-750407-0-0	www.liveinternet.ru	0.000008	1	0	0
11909	89977920-630226-0-0	examenpdd.com	0.000008	3	0	0
11909	93335226-830873-0-0	www.eg.ru	0.000008	1	0	0
11904	67572452-463347-0-0	track24.ru	0.000008	4	0	0
13680	41985-613149-0-0	nversia.ru	0.000061	1	0	0
12512	7295714-188279-0-0	russian.rt.com	0.000008	2	0	0
11865	30570339-681436-0-0	ivanovo.bezformata.com	0.000008	1	0	0
8669	3938cf97ea84e2a9485f979e908bda87-6dd7f7a279120d51b	forums.playground.ru	0.000008	2	0	0
11857	5092531-223754-0-0	m.ura.news	0.000008	2	0	0
11864	65101275-576079-0-0	161.ru	0.000008	1	0	0
11858	51898059-564676-0-0	tayga.info	0.000008	1	0	0
10009	817-3540-0-0	turkcinema.org	0.000113	1	1	0
11864	65101275-447180-0-0	pogoda.e1.ru	0.000008	1	0	0
11860	2112549-91685-0-0	medvejiyugol.ru	0.000008	1	0	0
11860	94346353-1290933-0-0	www.hobobo.ru	0.000072	2	0	0
11865	32660260-239110-0-0	fairy-hobby.ru	0.000008	1	0	0
11858	61657907-412960-0-0	www.wonderzine.com	0.000008	1	0	0
11905	57194883-386874-0-0	www.rkc-gku.ru	0.000008	1	0	0
11909	25702679-191501-0-0	proshoper.ru	0.000008	2	0	0
11909	57495702-668308-0-0	instaguru.online	0.000008	1	0	0
11868	91864171-708690-0-0	www.vesti.ru	0.000072	2	0	0
11858	773259-41573-0-0	www.calc.ru	0.000008	1	0	0
12507	23722537-334857-0-0	vilkin.pro	0.000008	2	0	0
12507	34915964-244880-0-0	graziamagazine-ru.turbopages.org	0.000008	2	0	0
11909	2200768-96167-0-0	www.kukuzya.ru	0.000008	1	0	0
9864	0-216200-0-0	m.7days.ru	0.000072	3	0	0
12507	36882225-351721-0-0	tverskaya-obl.irr.ru	0.000008	1	0	0
10049	817-4066-0-0	you-anime.ru	0.000072	5	0	0
9866	0-187544-0-0	stellaris.fandom.com	0.000072	1	0	0
11865	410659-1400-0-0	www.f1news.ru	0.000008	1	0	0
11865	30570339-692376-0-0	www.business.ru	0.000072	1	0	0
11868	56953682-478194-0-0	food.inmyroom.ru	0.000008	1	0	0
11865	51157281-608863-0-0	info-box24.ru	0.000008	1	0	0
12507	1907726-130168-0-0	rosnasledstvo.ru	0.000008	1	0	0
11904	5764089-149860-0-0	pravda-sotrudnikov.ru	0.000008	1	0	0
11857	7295714-153743-0-0	russian.rt.com	0.000072	1	0	0
12507	45324596-283885-0-0	bugaga-ru.turbopages.org	0.000008	1	0	0
12509	6746465-142629-0-0	orel.hh.ru	0.000008	1	0	0
14055	0-216200-0-0	m.7days.ru	0.000072	1	0	0
11864	65101275-578603-0-0	www.fontanka.ru	0.000008	1	0	0
11909	1932193-96375-0-0	zheleznodorozhnyi.spravker.ru	0.000008	1	0	0
11858	2412782-419506-0-0	www.avito.ru	0.000008	158	0	0
11865	61678927-1206244-0-0	bookzip.avivas.online	0.000008	1	0	0
11858	2458424-458569-0-0	azbukalady.ru	0.000008	1	0	0
11868	55326833-350803-0-0	news.ru	0.000008	4	0	0
11858	1124250-54642-0-0	krsk.au.ru	0.000008	4	0	0
11858	2201084-424608-0-0	voennoedelo.com	0.000008	2	0	0
11909	1718328-141569-0-0	cont.ws	0.000008	1	0	0
11905	6438461-709396-0-0	ok.ru	0.000072	1	0	0
11864	6438395-152036-0-0	sportmail.ru	0.000008	2	0	0
11864	1913112-81265-0-0	maximum.ru	0.000008	1	0	0
11868	27064358-192495-0-0	pravoved.ru	0.000008	16	0	0
11858	24111355-1291364-0-0	readmanga.io	0.000008	2	0	0
11909	1818286-494149-0-0	sovet-ingenera.com	0.000008	1	0	0
11857	65101275-447162-0-0	www.fontanka.ru	0.000008	8	0	0
12507	775153-334670-0-0	credits.ru	0.000008	1	0	0
11858	4700525-659405-0-0	ansedo.com	0.000008	1	0	0
9012	42666-624602-0-0	turkru.tv	0.000061	1	0	0
11864	6438395-147025-0-0	my.mail.ru	0.000072	8	0	0
11868	43263113-277831-0-0	rubaltic-ru.turbopages.org	0.000008	1	0	0
11909	5092869-134625-0-0	echo.msk.ru	0.000008	4	0	0
11868	2412782-419507-0-0	m.avito.ru	0.000008	48	0	0
11858	47693966-667747-0-0	sorokoviny.ru	0.000008	1	0	0
12507	77369785-549579-0-0	yumchief.com	0.000008	1	0	0
10049	3938cf97ea84e2a9485f979e908bda87-be42ed724014c720b	www.yaplakal.com	0.000008	1	0	0
14056	0-187544-0-0	www.lentainform.com	0.000072	3	0	0
11864	6438395-152034-0-0	hi-tech.mail.ru	0.000008	3	0	0
12509	2918101-163843-0-0	www.u-mama.ru	0.000008	1	0	0
11858	65101275-578374-0-0	www.nn.ru	0.000008	4	0	0
12507	1412746-1248547-0-0	m.iamcook.ru	0.000008	2	0	0
11857	5092531-241790-0-0	ura-news.turbopages.org	0.000008	4	0	0
12507	59767463-727863-0-0	book-online.com.ua	0.000008	2	0	0
9864	0-216200-0-0	filmplace.ru	0.000072	1	0	0
11864	91159049-655744-0-0	remanga.org	0.000008	2	0	0
11858	53895798-339461-0-0	moskva.nashaspravka.ru	0.000008	1	0	0
12513	18373836-382816-0-0	bigpicture.ru	0.00009	0	1	0
12507	56253084-358265-0-0	24.kg	0.000008	1	0	0
11909	43526450-278200-0-0	mschistota.ru	0.000072	1	0	0
12507	1095170-279398-0-0	www.gtavicecity.ru	0.000008	1	0	0
11909	6734741-142545-0-0	www.drive2.ru	0.000008	5	0	0
9869	0-187544-0-0	bigpicture.ru	0.000072	1	0	0
12507	45746419-284959-0-0	schlock.ru	0.000072	1	0	0
11868	7226200-154932-0-0	www.chita.ru	0.000008	1	0	0
12507	5165396-135358-0-0	newsroom24-ru.turbopages.org	0.000008	1	0	0
12513	70390261-1242416-0-0	golosros.ru	0.000008	2	0	0
12507	91235966-660718-0-0	lifehacker-ru.turbopages.org	0.000008	2	0	0
14056	0-216200-0-0	teleprogramma.pro	0.000072	8	0	0
12507	69338205-474128-0-0	okcomfort.com	0.000008	1	0	0
12509	65949452-453151-0-0	echo.msk.ru	0.000008	1	0	0
9865	0-187544-0-0	xn----7sbahrplyfdaxfotk.xn--p1ai	0.000113	1	1	0
12507	1432019-400402-0-0	www.glaz.tv	0.000072	1	0	0
12507	2103170-497885-0-0	dni24-com.turbopages.org	0.000008	4	0	0
11864	6438395-148635-0-0	deti.mail.ru	0.000008	3	0	0
11858	1426764-126740-0-0	files.stroyinf.ru	0.000008	1	0	0
11865	577006-52073-0-0	sportschools.ru	0.000008	1	0	0
11864	6438395-147023-0-0	news.mail.ru	0.000008	14	0	0
12507	2076965-90081-0-0	calculator-credit.ru	0.000008	3	0	0
11857	38661274-669705-0-0	audio-kniga.com.ua	0.000008	1	0	0
11857	52754553-334303-0-0	gazeta.a42.ru	0.000008	4	0	0
11857	1560494-348664-0-0	lenta-ru.turbopages.org	0.000008	3	0	0
12507	33082887-224834-0-0	zdravotvet.ru	0.000008	1	0	0
11905	84665160-683313-0-0	zaycev.net	0.000008	1	0	0
11858	503611-30324-0-0	mebel-komplekt.blizko.ru	0.000008	1	0	0
11864	508343-49826-0-0	www.gastronom.ru	0.000008	1	0	0
9866	0-216200-0-0	www.tourprom.ru	0.000072	2	0	0
12507	93736421-989341-0-0	kulinarenok.ru	0.000008	2	0	0
11908	73631609-500474-0-0	www.kleos.ru	0.000008	1	0	0
11864	6438395-149027-0-0	kino.mail.ru	0.000008	4	0	0
11858	1024057-50948-0-0	eva.ru	0.000008	2	0	0
11865	3977605-126662-0-0	medi.ru	0.000008	2	0	0
11864	34351736-242216-0-0	www.khl.ru	0.000008	2	0	0
11909	2265495-132925-0-0	the-flow.ru	0.000008	1	0	0
11904	575522-293439-0-0	only-paper.ru	0.000008	1	0	0
11865	7404181-192694-0-0	jumor.temaretik.com	0.000008	1	0	0
10009	6d4e33980ff0d340926898fa68e2f0cf-ac0cfa0dfcc0909ac	animeonline.cc	0.000072	4	0	0
11858	34776665-725258-0-0	novosibirsk.svetofors.ru	0.000008	1	0	0
12507	51535399-330489-0-0	v-tagile.ru	0.000008	1	0	0
11858	505099-6283-0-0	rostovmama.ru	0.000008	2	0	0
12507	1180293-56287-0-0	www.kaluga-poisk.ru	0.000008	1	0	0
11865	61323914-410639-0-0	www.km.ru	0.000008	1	0	0
11865	85421402-753291-0-0	ecolinas.ru	0.000008	1	0	0
12509	4817705-131942-0-0	www.u-mama.ru	0.000008	2	0	0
11909	2918101-163843-0-0	www.u-mama.ru	0.000008	1	0	0
11858	93721351-983592-0-0	mensby.com	0.000072	1	0	0
11909	1560494-348677-0-0	evo-lutio.livejournal.com	0.000072	1	0	0
11865	1844533-247030-0-0	kuhnier.ru	0.000008	1	0	0
11909	31568195-208995-0-0	elektrobiz-ru.turbopages.org	0.000008	1	0	0
11865	91774534-710195-0-0	texnotoys.ru	0.000072	1	0	0
12512	4624495-130614-0-0	www.vazhno.ru	0.000008	2	0	0
12509	95171232-1293139-0-0	m.leboard.ru	0.000008	7	0	0
11904	498578-26254-0-0	www.kp.ru	0.000008	1	0	0
11909	1322075-70350-0-0	fb-ru.turbopages.org	0.000008	1	0	0
11868	67999687-466396-0-0	xn----7sbhaldrafo0catmhegeecb4a9nme.xn--p1acf	0.000008	1	0	0
11905	2112549-91685-0-0	medvejiyugol.ru	0.000008	1	0	0
11865	5092869-134625-0-0	echo.msk.ru	0.000008	1	0	0
11865	1342634-465202-0-0	startzaem.ru	0.000008	1	0	0
11909	73147933-495963-0-0	makeword.ru	0.000008	1	0	0
12507	65101275-575586-0-0	ngs.ru	0.000008	1	0	0
11909	7970387-153680-0-0	riamo.ru	0.000008	1	0	0
11858	38661274-725731-0-0	mir-knigi.net	0.000008	2	0	0
11864	3849096-126345-0-0	www.gorodche.ru	0.000008	7	0	0
14055	0-216200-0-0	www.om1.ru	0.000072	1	0	0
9866	0-187544-0-0	fantomopedia.fandom.com	0.000072	1	0	0
11860	71813031-490450-0-0	www.gismeteo.ru	0.000008	1	0	0
11858	360988-499315-0-0	diary.ru	0.000008	1	0	0
11868	543563-57336-0-0	www.freeseller.ru	0.000008	1	0	0
12507	1322075-600557-0-0	samvsestroy-ru.turbopages.org	0.000008	1	0	0
12507	2239710-246680-0-0	vyborok.com	0.000008	3	0	0
12509	65949452-515704-0-0	teleprogramma.pro	0.000008	6	0	0
12507	494474-102843-0-0	otzovik.com	0.000008	14	0	0
11791	65bd063b3720d703fa73072dcabb277a-9c78d4358b08e3587	zetserial.online	0.000008	2	0	0
11909	6438395-353890-0-0	tv.mail.ru	0.000008	1	0	0
11865	464925-225361-0-0	nanegative.ru	0.000008	1	0	0
11858	39769321-506418-0-0	old.autopiter.ru	0.000008	3	0	0
12507	8381155-722011-0-0	apteka-103-by.turbopages.org	0.000008	2	0	0
11909	36493473-331129-0-0	primpress.ru	0.000008	2	0	0
12507	2960135-423317-0-0	konkurent.ru	0.000008	5	0	0
11865	61657907-412959-0-0	m.spletnik.ru	0.000008	3	0	0
11865	3874619-125894-0-0	bash.im	0.000008	1	0	0
11858	8060311-209311-0-0	hi.ru	0.000008	1	0	0
11791	10-844-0-0	zak.film-hd1080.cyou	0.000008	2	0	0
9866	0-187544-0-0	m.7days.ru	0.000072	1	0	0
11857	87936520-601046-0-0	wap.love.mail.ru	0.000008	2	0	0
12507	5092531-223754-0-0	ura-news.turbopages.org	0.000008	3	0	0
11865	494474-102843-0-0	otzovik.com	0.000008	2	0	0
11909	57648680-392466-0-0	onrealt.ru	0.000008	3	0	0
11865	2412782-189903-0-0	www.avito.ru	0.000008	1	0	0
11864	65101275-577872-0-0	74.ru	0.000008	2	0	0
11909	87276007-592219-0-0	www.mk.ru	0.000072	5	0	0
11864	51898059-487857-0-0	kg-portal.ru	0.000008	2	0	0
12507	8459955-159174-0-0	rutxt.ru	0.000008	2	0	0
11868	92386429-746409-0-0	telik.top	0.000008	8	0	0
12507	33530085-232061-0-0	samara.cian.ru	0.000008	3	0	0
11909	77920991-674480-0-0	knizhkin.org	0.000008	1	0	0
11858	1073961-59722-0-0	cmet4uk.ru	0.000008	1	0	0
11909	4331537-266727-0-0	trudogolikam-ru.turbopages.org	0.000008	1	0	0
11791	15-26-0-0	www.uralweb.ru	0.000072	1	0	0
11868	18373836-576995-0-0	online.anidub.com	0.000008	1	0	0
12507	79990285-548298-0-0	www.tests-exam.ru	0.000008	1	0	0
11857	51452342-714624-0-0	www.avtovzglyad.ru	0.000008	1	0	0
12507	36493473-331129-0-0	primpress.ru	0.000008	2	0	0
11858	32172696-496782-0-0	vseobzorko.ru	0.000008	1	0	0
11857	94267363-1255221-0-0	piter.tv	0.000008	1	0	0
11865	91411553-671414-0-0	intrigue.dating	0.000008	3	0	0
12507	91122342-653694-0-0	fanat1k.ru	0.000008	2	0	0
11905	30544323-214422-0-0	volzsky-klass.ru	0.000008	1	0	0
11909	93261812-810117-0-0	doramalive.ru	0.000072	2	0	0
12507	1345512-60623-0-0	donnews-ru.turbopages.org	0.000008	1	0	0
9866	0-187544-0-0	video.sibnet.ru	0.000072	1	0	0
11858	57648680-392466-0-0	onrealt.ru	0.000072	1	0	0
12507	65101275-578374-0-0	www.nn.ru	0.000008	1	0	0
12507	36882225-269589-0-0	pedsovet.su	0.000008	1	0	0
11904	30415581-195397-0-0	sharya.flagma.ru	0.000008	1	0	0
11858	61934491-415282-0-0	lyudinovo.superjob.ru	0.000008	1	0	0
11858	93056858-757385-0-0	synapsenet.ru	0.000008	1	0	0
11857	8236148-155655-0-0	www.baby.ru	0.000008	1	0	0
9866	0-187544-0-0	danganronpa.fandom.com	0.000072	1	0	0
11865	55503927-352209-0-0	go64.ru	0.000008	1	0	0
11865	4782430-188668-0-0	www.glaz.tv	0.000072	2	0	0
11909	985920-49912-0-0	www.vidal.ru	0.000008	3	0	0
11864	6438395-152100-0-0	dom.mail.ru	0.000008	2	0	0
11865	805568-239247-0-0	cosmo-frost.ru	0.000008	1	0	0
11865	30570339-653646-0-0	regnum.ru	0.000008	1	0	0
11868	38661274-725920-0-0	doramiru.com	0.000008	2	0	0
11865	1920427-658042-0-0	pokypatel-prav.ru	0.000008	1	0	0
12507	7129484-144508-0-0	yagotova.ru	0.000008	1	0	0
12507	7295714-153743-0-0	russian.rt.com	0.000072	2	0	0
12512	39389203-293832-0-0	ulfishing.ru	0.000008	1	0	0
12509	6746465-148945-0-0	hhcdn.ru	0.000008	2	0	0
12513	56953682-478194-0-0	www.inmyroom.ru	0.000008	2	0	0
11864	55503927-352209-0-0	go64.ru	0.000008	2	0	0
12507	8562776-751696-0-0	miridei.com	0.000008	1	0	0
11868	2390032-357688-0-0	www.msn.com	0.000008	1	0	0
11858	2047853-448511-0-0	tekst-pesni.online	0.000008	1	0	0
12507	2103170-226960-0-0	actualnews-org.turbopages.org	0.000008	3	0	0
11865	88690383-611984-0-0	jaomix.ru	0.000008	2	0	0
12512	6955159-143615-0-0	crimea-news.com	0.000008	1	0	0
14056	0-216200-0-0	tass.ru	0.000072	3	0	0
11909	87276007-592219-0-0	www.mk.ru	0.000008	1	0	0
11857	92519834-1268295-0-0	get-tune.info	0.000008	1	0	0
11865	82907321-579631-0-0	shashki-online.com	0.000008	1	0	0
9035	41283-573827-0-0	daily-inform.ru	0.000061	1	0	0
12512	6746465-142629-0-0	krasnogorsk.hh.ru	0.000008	1	0	0
12509	6746465-142629-0-0	togliatti.hh.ru	0.000008	1	0	0
11865	92147898-1212377-0-0	vostorg-wedding.ru	0.000008	1	0	0
11865	7358598-185491-0-0	o-dveryah.ru	0.000008	1	0	0
11857	51898059-383418-0-0	selflib.me	0.000008	1	0	0
12507	8379705-159020-0-0	smart--lab-ru.turbopages.org	0.000008	2	0	0
11868	86690274-588293-0-0	therumdiary.ru	0.000008	4	0	0
12507	8240866-155688-0-0	www.belnovosti.by	0.000008	2	0	0
11858	6392036-195377-0-0	interesnyefakty.org	0.000008	1	0	0
11864	384037-1170-0-0	helpix.ru	0.000008	1	0	0
11858	92386429-978316-0-0	tvrf.online	0.000008	1	0	0
9868	0-187544-0-0	downtonabbey.fandom.com	0.000072	1	0	0
11864	75381992-755155-0-0	autozap55.vsite.biz	0.000008	1	0	0
9866	0-187544-0-0	skam.online	0.000072	1	0	0
12507	94620627-1295001-0-0	4pda.tech	0.000008	1	0	0
9012	41283-573827-0-0	daily-inform.ru	0.000061	1	0	0
11904	2412782-419506-0-0	www.avito.ru	0.000008	1	0	0
11864	399905-1174-0-0	tomsk.pulscen.ru	0.000008	1	0	0
12512	31446184-207692-0-0	www.zdrav.ru	0.000008	1	0	0
11868	71813031-545728-0-0	www.gismeteo.ru	0.000008	5	0	0
11865	91313276-1315176-0-0	rock-news24.site	0.000008	1	0	0
12507	49657268-323488-0-0	mastergrad.com	0.000008	1	0	0
11909	88830169-613977-0-0	kvartelia.ru	0.000008	1	0	0
11904	33245886-249016-0-0	chelyabinsk.promindex.ru	0.000008	1	0	0
11909	1322075-70350-0-0	fb.ru	0.000008	1	0	0
11905	38661274-635651-0-0	mir-knigi.info	0.000008	1	0	0
11905	2251717-484541-0-0	misterklop.ru	0.000008	1	0	0
11858	3984262-143115-0-0	bizorg.su	0.000008	1	0	0
11868	7131413-144524-0-0	24gadget.ru	0.000008	1	0	0
11858	407197-91828-0-0	burdastyle.ru	0.000008	5	0	0
12507	87338212-592794-0-0	kryshadoma.com	0.000008	1	0	0
11908	55335031-630166-0-0	original-detal.ru	0.000008	1	0	0
11904	70822726-484107-0-0	www.riatomsk.ru	0.000008	1	0	0
11791	15-26-0-0	travelask.ru	0.000072	1	0	0
12507	43061655-276631-0-0	vz-ru.turbopages.org	0.000008	1	0	0
11904	16906968-215596-0-0	homius.ru	0.000008	1	0	0
11909	6438395-457268-0-0	youla.ru	0.000008	5	0	0
12513	450596-615627-0-0	www.profinance.ru	0.000008	1	0	0
11865	60593289-405812-0-0	parcelsapp.com	0.000008	1	0	0
11865	93335226-830873-0-0	www.eg.ru	0.000072	1	0	0
12507	69492613-475158-0-0	dp-ru.turbopages.org	0.000008	1	0	0
11857	7687782-448212-0-0	profile.ru	0.000008	2	0	0
12507	32657900-220340-0-0	iz-ru.turbopages.org	0.000008	3	0	0
12512	367985-61843-0-0	oil.rftoday.ru	0.000008	1	0	0
11909	46654900-506093-0-0	plitka33.ru	0.000008	1	0	0
11858	1095170-279398-0-0	www.gtavicecity.ru	0.000008	1	0	0
14056	0-216200-0-0	ren.tv	0.000072	1	0	0
11905	4482117-129967-0-0	aftershock.news	0.000008	1	0	0
12507	74566190-510606-0-0	mpp-news.ru	0.000008	1	0	0
11865	1572950-334844-0-0	vsdelke.ru	0.000008	1	0	0
11905	2112549-91685-0-0	lubopytnosti.mirtesen.ru	0.000008	1	0	0
9866	0-216200-0-0	www.film.ru	0.000072	1	0	0
11864	6438395-151536-0-0	health.mail.ru	0.000008	2	0	0
12507	407197-91828-0-0	burdastyle.ru	0.000008	3	0	0
8663	817-4066-0-0	you-anime.ru	0.000072	2	0	0
12512	6746465-142629-0-0	krasnodar.hh.ru	0.000008	1	0	0
11868	2745-45551-0-0	forumhouse-ru.turbopages.org	0.000008	1	0	0
12509	6746465-142629-0-0	orsk.hh.ru	0.000008	1	0	0
11909	33253495-598862-0-0	everest159.ru	0.000008	1	0	0
12507	50264598-326188-0-0	www.radioc.ru	0.000008	2	0	0
11865	41474784-274215-0-0	posylka.net	0.000008	1	0	0
11865	91483064-675473-0-0	www.tomat-pomidor.com	0.000008	1	0	0
11864	32125188-427919-0-0	bloknot-rostov.ru	0.000008	1	0	0
8669	6d4e33980ff0d340926898fa68e2f0cf-ac0cfa0dfcc0909ac	englishmore.ru	0.000072	1	0	0
11864	65101275-576825-0-0	ngs24.ru	0.000008	2	0	0
12513	7975544-153745-0-0	tass.ru	0.000072	2	0	0
11868	8562776-751699-0-0	regnum.ru	0.000008	1	0	0
11905	2112549-91685-0-0	kvartira.mirtesen.ru	0.000008	1	0	0
11865	40220325-603717-0-0	xn--80aanyip7d.xn--p1ai	0.000008	1	0	0
12507	2060496-244716-0-0	gormonys.ru	0.000008	1	0	0
12507	915412-108160-0-0	1prime.ru	0.000008	1	0	0
12513	1728009-162266-0-0	www.1tv.ru	0.000008	1	0	0
12507	92453275-732287-0-0	11novosti.ru	0.000008	3	0	0
12507	69492613-475158-0-0	m.dp.ru	0.000008	1	0	0
13685	42435-605557-0-0	video.sibnet.ru	0.000061	1	0	0
12507	38661274-635651-0-0	mir-knigi.info	0.000008	1	0	0
11864	3420410-122989-0-0	moskva.regmarkets.ru	0.000008	1	0	0
11905	34565813-750243-0-0	ru-812.telephonebase.com	0.000008	1	0	0
11905	49382844-387010-0-0	zip-all.ru	0.000008	1	0	0
12507	1650869-235105-0-0	novayagazeta-ru.turbopages.org	0.000008	1	0	0
12507	36625339-1246394-0-0	dachaa-ru.turbopages.org	0.000008	1	0	0
12507	395247-2681-0-0	agroserver.ru	0.000008	1	0	0
11904	87276007-592219-0-0	www.mk.ru	0.000072	1	0	0
11865	34565813-750243-0-0	ru-812.telephonebase.com	0.000008	1	0	0
12512	65101275-447111-0-0	72.ru	0.000008	1	0	0
11909	1848013-444350-0-0	privet-rostov.ru	0.000008	1	0	0
13686	40517-489803-0-0	www.yaplakal.com	0.000007	1	0	0
11865	39420173-263935-0-0	e-news.su	0.000008	1	0	0
12509	65949452-542792-0-0	radiokp.ru	0.000008	1	0	0
11858	7295714-188279-0-0	russian.rt.com	0.000008	1	0	0
11909	65101275-575584-0-0	www.e1.ru	0.000008	2	0	0
11909	8381155-721609-0-0	telegraf.by	0.000008	1	0	0
11864	49657268-323488-0-0	mastergrad.com	0.000008	1	0	0
11864	37098483-256588-0-0	oktools.ru	0.000008	2	0	0
11858	6539562-142065-0-0	chelyabinsk.zarplata.ru	0.000008	2	0	0
12507	31575695-208854-0-0	www.orgpage.ru	0.000008	1	0	0
11909	6438395-353887-0-0	otvet.mail.ru	0.000008	3	0	0
11909	6591101-449802-0-0	servicesauto.ru	0.000008	1	0	0
12507	7687782-448212-0-0	profile.ru	0.000072	6	0	0
11858	6539562-142065-0-0	nsk.zarplata.ru	0.000008	1	0	0
12509	820239-60569-0-0	moscow.cataloxy.ru	0.000008	1	0	0
12507	91624402-735164-0-0	day.ru	0.000008	1	0	0
11909	74526880-541957-0-0	fishki-net.turbopages.org	0.000008	1	0	0
11868	87276007-592220-0-0	www.avtovzglyad.ru	0.000008	1	0	0
12512	65101275-578374-0-0	www.nn.ru	0.000008	1	0	0
10049	b2ebca6eba370ba3ec81c0c930b1fa58-bc5800fe11d69db32	atastv.ru	0.000072	1	0	0
12507	33530085-232061-0-0	krasnodar.cian.ru	0.000008	1	0	0
11858	34891076-244726-0-0	sn74.ru	0.000008	1	0	0
11857	1591201-108029-0-0	fighttime.ru	0.000008	1	0	0
9865	0-216200-0-0	animedub.ru	0.000113	1	1	0
12507	33397807-230529-0-0	m-nn.tsargrad.tv	0.000008	1	0	0
12507	7005335-643998-0-0	prodekorsten.com	0.000008	1	0	0
11904	32657900-220340-0-0	iz.ru	0.000008	1	0	0
11868	1412746-1248547-0-0	m.iamcook.ru	0.000008	1	0	0
12507	31288308-214714-0-0	magya-online.ru	0.000008	2	0	0
11909	42813817-276165-0-0	znak-com.turbopages.org	0.000008	1	0	0
13685	42917-625449-0-0	bigpicture.ru	0.000061	1	0	0
12507	51606843-330728-0-0	femmie.ru	0.000008	1	0	0
11905	93599099-944073-0-0	deti-online.com	0.000072	1	0	0
12509	6746465-142629-0-0	hh.ru	0.000008	2	0	0
11909	64003581-441043-0-0	rosserial.be	0.000008	1	0	0
11909	1960522-271063-0-0	role-me.ru	0.000072	1	0	0
11868	33397807-230529-0-0	m-nsk.tsargrad.tv	0.000072	1	0	0
11864	36882225-322961-0-0	allboxing.ru	0.000008	1	0	0
11909	1560494-348677-0-0	colonelcassad.livejournal.com	0.000072	1	0	0
11868	7295714-188279-0-0	russian.rt.com	0.000072	3	0	0
11865	9418536-332666-0-0	pred-pravo.ru	0.000008	1	0	0
11865	91774418-710385-0-0	xn--54-6kcaflob1annej0a1d.xn--p1ai	0.000008	1	0	0
12507	3860622-721164-0-0	ktozvonil.pro	0.000008	1	0	0
11909	37786383-259198-0-0	www.bolshoyvopros.ru	0.000008	3	0	0
11868	371996-604547-0-0	lapkins.ru	0.000008	2	0	0
11904	1869318-79310-0-0	fincalculator.ru	0.000008	1	0	0
11860	2390032-357688-0-0	www.msn.com	0.000008	4	0	0
12507	24111355-1291364-0-0	readmanga.io	0.000008	1	0	0
9865	0-187544-0-0	xn----7sbahrplyfdaxfotk.xn--p1ai	0.000072	1	0	0
11864	39268175-263182-0-0	sitv.ru	0.000008	1	0	0
10208	817-3540-0-0	turkcinema.org	0.000072	2	0	0
12509	94450274-1248247-0-0	mobilych.com.ua	0.000008	1	0	0
11909	91072570-651429-0-0	kanobu.ru	0.000008	1	0	0
11904	369305-1038-0-0	3dnews.ru	0.000008	2	0	0
13677	35566-615556-0-0	ekabu.ru	0.000061	1	0	0
11857	2571917-108562-0-0	www.penzainform.ru	0.000008	2	0	0
11909	1756154-113576-0-0	m.sibkray.ru	0.000008	1	0	0
12507	43300894-277958-0-0	batareykaa.ru	0.000008	1	0	0
11868	35650980-513061-0-0	ktv-ray.ru	0.000008	2	0	0
11904	73222433-496671-0-0	watching.d3.ru	0.000008	1	0	0
11864	532164-35333-0-0	mfd.ru	0.000008	2	0	0
11905	2862172-213796-0-0	tvorcheskie-proekty.ru	0.000008	1	0	0
11860	91864171-708690-0-0	www.vesti.ru	0.000008	1	0	0
11858	61934491-415282-0-0	spb.superjob.ru	0.000008	1	0	0
12507	3293020-125354-0-0	goodhouse-ru.turbopages.org	0.000008	1	0	0
11865	8562776-1205956-0-0	smotrim.ru	0.000008	1	0	0
11858	32125188-428029-0-0	bloknot-volzhsky.ru	0.000008	1	0	0
11865	1202148-206021-0-0	pensiya.molodaja-semja.ru	0.000008	1	0	0
11905	5101862-159009-0-0	nastroike.com	0.000008	1	0	0
12507	897669-56459-0-0	pikabu-ru.turbopages.org	0.000008	1	0	0
12507	65101275-579437-0-0	www.parents.ru	0.000008	2	0	0
11858	51898059-628750-0-0	glavkniga.ru	0.000008	4	0	0
11858	16438-4439-0-0	www.elec.ru	0.000008	1	0	0
11904	46431776-287922-0-0	anime.reactor.cc	0.000008	1	0	0
11904	509629-29789-0-0	rg.ru	0.000008	3	0	0
11865	91575759-681331-0-0	bestcube.space	0.000008	1	0	0
12507	5706802-339590-0-0	trudtk-ru.turbopages.org	0.000008	1	0	0
11909	61657907-412960-0-0	www.wonderzine.com	0.000008	1	0	0
11858	34722893-243892-0-0	meleuz.jsprav.ru	0.000008	1	0	0
11864	6438395-143097-0-0	otvet.mail.ru	0.000008	3	0	0
9865	0-216200-0-0	filmplace.ru	0.000072	1	0	0
11909	52754553-334303-0-0	gazeta.a42.ru	0.000008	2	0	0
12513	4392400-129253-0-0	citaty.info	0.000008	1	0	0
11858	4087830-386412-0-0	playtops.net	0.000008	1	0	0
11865	6477779-284177-0-0	sims4pack.ru	0.000008	1	0	0
11864	65101275-578824-0-0	www.ellegirl.ru	0.000008	1	0	0
12507	83783469-569373-0-0	chinese--projectors-ru.turbopages.org	0.000008	1	0	0
11909	4140396-623836-0-0	m.newkaliningrad.ru	0.000008	1	0	0
10006	15-26-0-0	novos.mk.ru	0.000072	1	0	0
12512	1390322-415877-0-0	upn.ru	0.000008	1	0	0
12507	26809064-675583-0-0	avtika.ru	0.000008	1	0	0
11909	56256354-358288-0-0	infoselection.ru	0.000008	1	0	0
12509	33530085-232061-0-0	spb.cian.ru	0.000008	1	0	0
12507	94975327-1284554-0-0	vortexnews.ru	0.000008	1	0	0
11865	93335226-830873-0-0	www.eg.ru	0.000008	1	0	0
12507	54367139-341551-0-0	live24.ru	0.000008	1	0	0
12507	37950061-259643-0-0	www.news29.ru	0.000008	1	0	0
11865	3359374-464537-0-0	mi-check.ru	0.000072	1	0	0
11858	75381992-755155-0-0	mzgb-zel.vsite.biz	0.000008	1	0	0
12507	1322075-70350-0-0	fb-ru.turbopages.org	0.000008	1	0	0
11791	65bd063b3720d703fa73072dcabb277a-9c78d4358b08e3587	ru-serials.net	0.000008	2	0	0
12512	53394450-337082-0-0	www.linux.org.ru	0.000008	1	0	0
11909	82949979-604404-0-0	hikosmos.ru	0.000008	1	0	0
11868	498578-26254-0-0	www.kp.ru	0.000008	1	0	0
11858	2050914-751853-0-0	nauka.club	0.000072	2	0	0
11858	16531335-183936-0-0	optlist.ru	0.000008	1	0	0
11868	33397807-230529-0-0	amp.tsargrad.tv	0.000008	1	0	0
11904	2112549-91685-0-0	mt.newzfeed.ru	0.000008	1	0	0
11909	2905505-113096-0-0	kerch.fm	0.000008	1	0	0
11857	3598907-324656-0-0	7days-ru.turbopages.org	0.000008	1	0	0
12512	38661274-737528-0-0	500book.ru	0.000008	1	0	0
12507	50363257-327452-0-0	m.beboo.ru	0.000008	1	0	0
12507	33160696-226157-0-0	spbdnevnik-ru.turbopages.org	0.000008	1	0	0
11857	92603925-745623-0-0	bookz.ru	0.000008	1	0	0
11905	1428778-62775-0-0	forum.littleone.ru	0.000008	2	0	0
11864	932583-57178-0-0	sura.nuipogoda.ru	0.000008	1	0	0
12513	1913085-81261-0-0	montecarlo.ru	0.000008	1	0	0
11909	51452342-496695-0-0	yb-fe6.daily-inform.ru	0.000008	1	0	0
12507	31578174-208651-0-0	www.drive2.ru	0.000008	1	0	0
12507	73147933-495963-0-0	makeword.ru	0.000008	1	0	0
12507	90720690-643887-0-0	mir-knig.com	0.000008	16	0	0
11865	32125188-428271-0-0	borisoglebsk.bloknot-voronezh.ru	0.000008	1	0	0
11865	6557105-250544-0-0	www.interfax.ru	0.000008	2	0	0
11905	1133796-430869-0-0	www.rulit.me	0.000008	1	0	0
11909	1140611-114280-0-0	sdelaysam--svoimirukami-ru.turbopages.org	0.000008	2	0	0
12513	6438395-142108-0-0	e.mail.ru	0.000008	1	0	0
11865	93993128-1224223-0-0	mebel-sovet.ru	0.000008	1	0	0
11858	51898059-1306767-0-0	pythonpip.ru	0.000008	1	0	0
11864	6438395-248298-0-0	youla.ru	0.000008	4	0	0
11791	6f74b1d4b2ed506a17af3512d3fe8687-bd7d3463c663a2c35	skam.online	0.000072	2	0	0
11865	5387468-155559-0-0	zebra-tv.ru	0.000008	1	0	0
11868	65101275-447176-0-0	www.nn.ru	0.000008	1	0	0
12507	64297897-441824-0-0	spasibovsem-ru.turbopages.org	0.000008	1	0	0
11857	16951930-184419-0-0	kitchendecorium.ru	0.000008	2	0	0
12507	3293020-129405-0-0	cosmo-ru.turbopages.org	0.000008	1	0	0
11865	9848988-169278-0-0	ped-kopilka.ru	0.000008	1	0	0
11865	7404181-196322-0-0	delaemrukami.org	0.000008	1	0	0
12507	1386626-586344-0-0	findanime.net	0.000008	1	0	0
11909	92493306-733616-0-0	muzh-zhena.ru	0.000008	1	0	0
11864	6557105-250544-0-0	www.interfax.ru	0.000072	1	0	0
11857	3849096-126345-0-0	www.gorodche.ru	0.000008	4	0	0
12378	35566-586117-0-0	www.uralweb.ru	0.000061	1	0	0
11858	80808699-624286-0-0	womanlooks.ru	0.000008	1	0	0
11858	787004-41591-0-0	promportal.su	0.000008	1	0	0
11858	4360456-647830-0-0	regioninformburo.ru	0.000008	1	0	0
11909	545208-338379-0-0	potolok.expert	0.000008	1	0	0
12513	32657900-243098-0-0	iz.ru	0.000008	1	0	0
12507	89739637-1250292-0-0	bigbunce.ru	0.000008	1	0	0
11865	30570339-845019-0-0	moevideo.biz	0.000008	3	0	0
11904	65549744-500903-0-0	yakutsk.big-book-relax.ru	0.000008	2	0	0
9035	40621-491126-0-0	medialeaks.ml	0.000007	2	0	0
11868	51898059-974103-0-0	gisher.org	0.000072	1	0	0
12509	503611-30324-0-0	tyumen.blizko.ru	0.000008	1	0	0
11858	30477641-200831-0-0	www.trud.com	0.000008	1	0	0
11860	5706550-281826-0-0	ren.tv	0.000072	3	0	0
12507	94072061-1210691-0-0	novostivl-ru.turbopages.org	0.000008	2	0	0
12512	49623587-700970-0-0	www.antik-forum.ru	0.000008	1	0	0
11858	31446184-207680-0-0	www.kdelo.ru	0.000008	2	0	0
12507	2257173-66223-0-0	www.moskidka.ru	0.000008	1	0	0
11909	42813817-276165-0-0	www.znak.com	0.000008	4	0	0
11858	41724942-336240-0-0	libking.ru	0.000008	1	0	0
11909	5804892-192149-0-0	stiralnihremont.ru	0.000008	1	0	0
11858	24063418-242868-0-0	stroy-podskazka.ru	0.000072	1	0	0
11909	2745-45551-0-0	forumhouse-ru.turbopages.org	0.000008	1	0	0
12507	46632524-542541-0-0	coronavirus-monitorus.ru	0.000008	1	0	0
11904	38661274-356015-0-0	belgorod.autovsalone.ru	0.000008	1	0	0
12507	1600226-68252-0-0	simferopol.bezformata.com	0.000008	1	0	0
12507	65101275-577872-0-0	74.ru	0.000008	1	0	0
12507	33530085-232061-0-0	lipetsk.cian.ru	0.000008	1	0	0
11909	24456153-395412-0-0	podborkino.com	0.000008	1	0	0
12512	71813031-490450-0-0	www.gismeteo.ru	0.000008	4	0	0
11909	974947-49517-0-0	www.9111.ru	0.000008	1	0	0
11909	1754751-88586-0-0	alcofan.com	0.000008	1	0	0
12507	2524404-114996-0-0	fundaizol.ru	0.000008	1	0	0
11864	33245886-249016-0-0	chelyabinsk.promindex.ru	0.000008	2	0	0
11860	31256329-496537-0-0	ideas.homechart.ru	0.000008	1	0	0
11791	65bd063b3720d703fa73072dcabb277a-9c78d4358b08e3587	turkru.tv	0.000072	1	0	0
12512	3809858-144718-0-0	xchess.ru	0.000008	1	0	0
11858	30479146-256054-0-0	mygeografi.ru	0.000008	1	0	0
12507	35451277-483648-0-0	talonzdrav74.ru	0.000008	1	0	0
11904	31446184-207704-0-0	www.gazeta-unp.ru	0.000072	1	0	0
14056	0-187544-0-0	minecraft.fandom.com	0.000072	1	0	0
11904	360988-499315-0-0	diary.ru	0.000008	1	0	0
12507	65101275-578603-0-0	www.fontanka.ru	0.000008	3	0	0
11909	629221-59016-0-0	www.etomesto.ru	0.000008	1	0	0
11865	30570339-653854-0-0	moevideo.biz	0.000008	1	0	0
11858	61604753-515112-0-0	bestlifehack.ru	0.000008	1	0	0
11864	51898059-1263593-0-0	autopeople.ru	0.000008	1	0	0
11909	39315718-559290-0-0	topdaynews-ru.turbopages.org	0.000008	1	0	0
11864	3090793-147280-0-0	pravoved.ru	0.000008	1	0	0
11865	1431309-143120-0-0	procrossover.ru	0.000008	1	0	0
12507	94848661-1268895-0-0	povar-ru.turbopages.org	0.000008	2	0	0
9866	0-187544-0-0	klops.ru	0.000072	1	0	0
12507	526151-320628-0-0	cubiq.ru	0.000008	1	0	0
11865	61554-46902-0-0	kulturologia.ru	0.000008	2	0	0
11868	509629-29789-0-0	rg.ru	0.000008	4	0	0
11865	91622640-844293-0-0	raduga174.ru	0.000008	2	0	0
11868	51898059-1289595-0-0	www.goha.ru	0.000008	1	0	0
11868	3598907-329895-0-0	ntv-ru.turbopages.org	0.000008	1	0	0
11865	33337629-229707-0-0	domikelectrica.ru	0.000008	1	0	0
12507	36695137-256447-0-0	mash-xxl.info	0.000008	1	0	0
11864	86690274-711814-0-0	www.yaplakal.com	0.000008	1	0	0
12507	7417642-189039-0-0	gadalkindom.ru	0.000008	1	0	0
11865	3293020-129405-0-0	www.cosmo.ru	0.000008	2	0	0
11858	7340444-146764-0-0	studfile.net	0.000008	1	0	0
11905	1426764-126740-0-0	files.stroyinf.ru	0.000008	2	0	0
12507	1024057-50948-0-0	eva.ru	0.000008	1	0	0
11865	2239710-246680-0-0	vyborok.com	0.000008	1	0	0
12507	2308841-469460-0-0	babysongs-ru.turbopages.org	0.000008	1	0	0
11858	93335226-830873-0-0	www.eg.ru	0.000008	1	0	0
12507	67293997-805150-0-0	pechiexpert.ru	0.000072	1	0	0
12507	4482117-129967-0-0	m.aftershock.news	0.000008	1	0	0
12509	5092869-134625-0-0	echo.msk.ru	0.000008	2	0	0
11909	87276007-592220-0-0	www.avtovzglyad.ru	0.000008	1	0	0
11865	65101275-579437-0-0	www.parents.ru	0.000008	2	0	0
11909	32842183-274723-0-0	gdeorg.ru	0.000008	1	0	0
11909	7722335-188226-0-0	dogipedia.ru	0.000008	1	0	0
14055	0-187544-0-0	nauka.club	0.000072	2	0	0
10009	606bdea9752a91e9357136755b97b222-c8380bbcb5dce08db	video.sibnet.ru	0.000072	2	0	0
11857	1560494-268369-0-0	passion-ru.turbopages.org	0.000008	1	0	0
9012	36392-475082-0-0	teleprogramma.pro	0.000061	3	0	0
11909	3293020-129405-0-0	www.cosmo.ru	0.000008	2	0	0
11857	5432817-465703-0-0	pocvetam.ru	0.000072	1	0	0
12512	33245886-249016-0-0	chelyabinsk.promindex.ru	0.000008	1	0	0
12512	360988-66844-0-0	unimax.okis.ru	0.000008	1	0	0
11868	6557105-250544-0-0	interfax-ru.turbopages.org	0.000008	1	0	0
11865	91622640-695415-0-0	samodelino.ru	0.000008	1	0	0
12512	420734-42319-0-0	forum.sibmama.ru	0.000008	1	0	0
11864	51526388-115954-0-0	www.povarenok.ru	0.000008	1	0	0
11858	90190647-634099-0-0	nesiditsa.ru	0.000008	1	0	0
11909	526151-320628-0-0	cubiq.ru	0.000008	1	0	0
11909	54946505-347391-0-0	nationmagazine.ru	0.000008	1	0	0
12513	2390032-357688-0-0	www.msn.com	0.000008	1	0	0
11865	67329156-462096-0-0	1001goroskop.ru	0.000008	1	0	0
11857	1560494-225212-0-0	championat-com.turbopages.org	0.000008	2	0	0
12507	93584132-938732-0-0	wer.ru	0.000008	1	0	0
11791	65bd063b3720d703fa73072dcabb277a-9c78d4358b08e3587	sverhestestvennoe.vip	0.000008	1	0	0
11858	60651573-406429-0-0	goscontract.info	0.000008	1	0	0
11905	6388041-211205-0-0	posleurokov.ru	0.000008	1	0	0
12507	7295714-153743-0-0	russian.rt.com	0.000008	1	0	0
11909	4652429-146159-0-0	sobesednik.ru	0.000072	1	0	0
11909	1024057-50948-0-0	eva.ru	0.000008	2	0	0
11864	65101275-576144-0-0	29.ru	0.000008	1	0	0
11865	54817670-1311998-0-0	wsesw.ru	0.000008	1	0	0
12507	66810155-458492-0-0	24smi-org.turbopages.org	0.000008	1	0	0
12507	88683488-618977-0-0	www.izyskon.com	0.000072	1	0	0
11909	31446184-387162-0-0	www.business.ru	0.000008	1	0	0
11857	51468706-330066-0-0	m.vz.ru	0.000008	3	0	0
11865	3916508-284699-0-0	igra-pasyans.ru	0.000008	1	0	0
11909	64627433-514523-0-0	mariya--mironova-ru.turbopages.org	0.000008	1	0	0
11909	509780-660426-0-0	v102.ru	0.000008	1	0	0
11865	1818286-494149-0-0	sovet-ingenera.com	0.000008	1	0	0
8669	d02ff298d7e9598c6b823222406f7da7-4ffa511090f592d2d	101.ru	0.000072	3	0	0
12512	407197-196583-0-0	www.ivd.ru	0.000008	2	0	0
11868	371996-604546-0-0	wikiway.com	0.000008	1	0	0
12507	61657907-412959-0-0	www.spletnik.ru	0.000008	2	0	0
12507	36882225-529990-0-0	gamesisart.ru	0.000008	1	0	0
11868	51898059-1247031-0-0	byrich.ru	0.000008	2	0	0
12509	33530085-232061-0-0	voronezh.cian.ru	0.000008	1	0	0
11858	32125188-428271-0-0	borisoglebsk.bloknot-voronezh.ru	0.000008	1	0	0
11865	66475862-703139-0-0	muksun.fm	0.000008	1	0	0
11858	65101275-577872-0-0	74.ru	0.000008	1	0	0
11909	43061655-276631-0-0	m.vz.ru	0.000008	1	0	0
12507	7661283-186746-0-0	rem--stroitelstvo-ru.turbopages.org	0.000008	1	0	0
11865	8562776-1216711-0-0	www.gastronom.ru	0.000008	1	0	0
12512	65101275-575584-0-0	www.e1.ru	0.000008	1	0	0
14055	0-187544-0-0	uchastniki.com	0.000072	1	0	0
11858	6734741-142545-0-0	www.drive2.com	0.000008	1	0	0
12507	927410-173674-0-0	bidbaits.ru	0.000008	1	0	0
12507	7444359-241446-0-0	sdelairukami-ru.turbopages.org	0.000008	1	0	0
11909	87658317-595832-0-0	dpanorama.ru	0.000008	1	0	0
12507	1282729-189752-0-0	www.diyideas.ru	0.000008	1	0	0
12512	476196-450322-0-0	pazlyigra.ru	0.000008	1	0	0
11865	91774418-709381-0-0	gorgaznn.ru	0.000008	1	0	0
11860	68679832-546706-0-0	hotel-a.ru	0.000008	1	0	0
