BidCostStat	2.5
2021-10-14
12507	6601699-142265-0-0	ilive-com-ua.turbopages.org	0.000008	1	0	0
11868	845311-45272-0-0	www.rosbalt.ru	0.000072	1	0	0
12507	1866070-718242-0-0	ecoportal-info.turbopages.org	0.000008	1	0	0
12507	8236148-168743-0-0	baby-ru.turbopages.org	0.000008	1	0	0
11857	24142277-191235-0-0	vyatka-grad.ru	0.000008	1	0	0
11858	452669-10552-0-0	www.tutu.ru	0.000008	1	0	0
12507	33337629-259756-0-0	svetosmotr.ru	0.000008	1	0	0
11865	69436445-474720-0-0	peopletalk.ru	0.000008	1	0	0
11868	1380725-208191-0-0	gazetabiznes.ru	0.000008	1	0	0
11904	1848013-444350-0-0	privet-rostov.ru	0.000008	1	0	0
12507	7632479-149419-0-0	riafan-ru.turbopages.org	0.000008	1	0	0
12507	53779171-339923-0-0	znatprovse.ru	0.000008	1	0	0
9013	42159-572880-0-0	social.steaklovers.menu	0.000061	1	0	0
12509	6746465-142629-0-0	ufa.hh.ru	0.000008	1	0	0
11909	38661274-755113-0-0	online-knigi.com.ua	0.000008	1	0	0
11904	30938911-409021-0-0	vnru.ru	0.000008	1	0	0
9866	0-187544-0-0	xn----7sbahrplyfdaxfotk.xn--p1ai	0.000072	1	0	0
11865	384667-540859-0-0	kataltim.ru	0.000008	1	0	0
12507	1322075-70350-0-0	fb.ru	0.000008	1	0	0
12512	51898059-570833-0-0	zefirka.net	0.000008	1	0	0
11857	56336832-381479-0-0	m.tabor.ru	0.000008	1	0	0
11868	50521278-327084-0-0	360tv-ru.turbopages.org	0.000008	1	0	0
12507	7361664-147589-0-0	smolnarod-ru.turbopages.org	0.000008	1	0	0
12507	1089500-149809-0-0	myslo.ru	0.000008	1	0	0
11858	46942132-289585-0-0	ucrazy.ru	0.000008	1	0	0
12507	92976814-782269-0-0	megaotkrytka-ru.turbopages.org	0.000008	1	0	0
12507	980566-48186-0-0	dic.academic.ru	0.000008	1	0	0
11857	1225540-121294-0-0	www.delightenglish.ru	0.000008	1	0	0
11865	8562776-1276450-0-0	ngs.ru	0.000008	1	0	0
11858	806560-57304-0-0	www.multitran.com	0.000008	1	0	0
12507	1190468-251722-0-0	serpuhov-nedvizhimost.ru	0.000008	1	0	0
9012	42917-608379-0-0	xn----7sbahrplyfdaxfotk.xn--p1ai	0.000061	1	0	0
11868	18373836-407993-0-0	www.u-mama.ru	0.000008	1	0	0
11865	55975826-409182-0-0	imbuilder.ru	0.000072	1	0	0
11904	31023497-255643-0-0	zachestnyibiznes.ru	0.000008	1	0	0
11858	6746465-142629-0-0	ufa.hh.ru	0.000008	1	0	0
11868	3293020-129405-0-0	cosmo-ru.turbopages.org	0.000008	1	0	0
11868	78307303-541125-0-0	mangapoisk.ru	0.000072	1	0	0
11864	6539562-142065-0-0	kemerovo.zarplata.ru	0.000008	1	0	0
11865	422981-185913-0-0	meharossii.ru	0.000008	1	0	0
12513	1212983-117130-0-0	flatinfo.ru	0.000008	1	0	0
12507	3309915-347598-0-0	ferma-expert.turbopages.org	0.000008	1	0	0
11865	61678927-1206244-0-0	bookzip.avivas.online	0.000008	1	0	0
11864	6746465-142629-0-0	hh.ru	0.000008	1	0	0
11909	65101275-578759-0-0	www.marieclaire.ru	0.000008	1	0	0
11865	49608361-418964-0-0	1000.menu	0.000008	1	0	0
12507	3156890-186890-0-0	rubankom.com	0.000008	1	0	0
11865	7724718-742072-0-0	fanserials.top	0.000008	1	0	0
11857	498578-167170-0-0	www.kp.ru	0.000008	1	0	0
9869	0-187544-0-0	www.kleo.ru	0.000072	1	0	0
11905	1167633-53619-0-0	calorizator.ru	0.000008	1	0	0
12507	24063418-242868-0-0	stroy-podskazka.ru	0.000072	1	0	0
11904	3849512-125905-0-0	www.liveinternet.ru	0.000008	1	0	0
11909	3293020-752104-0-0	mhealth-ru.turbopages.org	0.000008	1	0	0
12509	6746465-142629-0-0	hh.ru	0.000008	1	0	0
11865	37555382-675062-0-0	coderlessons.com	0.000008	1	0	0
11909	45814791-723483-0-0	ryletik.ru	0.000008	1	0	0
12507	1628328-148720-0-0	textiletrend-ru.turbopages.org	0.000008	1	0	0
11868	87276007-592220-0-0	www.avtovzglyad.ru	0.000008	2	0	0
11860	2390032-357684-0-0	www.msn.com	0.000008	1	0	0
11868	2112549-91685-0-0	polonsil-ru.turbopages.org	0.000008	1	0	0
11905	2112549-91685-0-0	rusnewstoday24.mirtesen.ru	0.000008	1	0	0
14056	0-187544-0-0	www.gorno-altaisk.info	0.000072	1	0	0
12507	93836300-1210014-0-0	www.bolshoyvopros.ru	0.000008	1	0	0
12507	31113536-204531-0-0	markakachestva.ru	0.000008	1	0	0
12512	73726211-501531-0-0	vesti-lipetsk.ru	0.000008	1	0	0
12507	7773941-511294-0-0	kuhnaidom.ru	0.000008	1	0	0
12507	1412746-1325270-0-0	www.litmir.me	0.000008	2	0	0
11909	65101275-579434-0-0	www.elledecoration.ru	0.000008	1	0	0
11868	509629-29789-0-0	rg.ru	0.000008	1	0	0
11858	61403560-974186-0-0	croatia-holiday.ru	0.000008	1	0	0
12507	49988489-455267-0-0	wuxiaworld.ru	0.000008	1	0	0
12507	78419176-541795-0-0	sgo-egov66.ru	0.000008	1	0	0
11865	88683488-643583-0-0	hd01.ru	0.000008	1	0	0
11864	2011141-131559-0-0	www.gismeteo.ru	0.000008	1	0	0
11908	575797-499241-0-0	newsivanovo.ru	0.000008	1	0	0
11858	36882225-351721-0-0	irr.ru	0.000008	1	0	0
11857	934786-83481-0-0	puzkarapuz.ru	0.000008	1	0	0
12507	92775741-747816-0-0	gdzkote.ru	0.000008	1	0	0
11909	66475862-459160-0-0	muksun-fm.turbopages.org	0.000008	1	0	0
12507	69306375-733271-0-0	www.clubcaptiva.ru	0.000008	1	0	0
11864	6438395-525739-0-0	news.mail.ru	0.000008	1	0	0
11864	3420410-122989-0-0	taganrog.regmarkets.ru	0.000008	1	0	0
11868	66475862-459160-0-0	bel-ru.turbopages.org	0.000008	1	0	0
12507	478096-57509-0-0	www.inpearls.ru	0.000008	1	0	0
14056	0-216200-0-0	ren.tv	0.000072	4	0	0
11864	1913056-81260-0-0	dfm.ru	0.000008	1	0	0
11905	2112549-91685-0-0	nespeshnyrazgovor.mirtesen.ru	0.000008	1	0	0
11864	1435993-540853-0-0	www.edimdoma.ru	0.000008	1	0	0
12507	49530676-331988-0-0	spectekhnika.info	0.000008	1	0	0
11857	33397807-230529-0-0	tsargrad-tv.turbopages.org	0.000008	1	0	0
11860	14130694-724458-0-0	remontautomobilya.ru	0.000008	1	0	0
12507	1432019-400402-0-0	www.glaz.tv	0.000072	1	0	0
11868	43061655-276631-0-0	vz.ru	0.000008	1	0	0
11864	48537776-547400-0-0	jut.su	0.000072	1	0	0
11909	34521910-357240-0-0	kaprizulka.mediasole.ru	0.000008	1	0	0
12512	6746465-142629-0-0	vladivostok.hh.ru	0.000008	1	0	0
11868	1412746-1207820-0-0	m.iamcook.ru	0.000008	2	0	0
12507	51526388-621811-0-0	asienda-ru.turbopages.org	0.000008	2	0	0
11909	26809064-690610-0-0	santatrade.ru	0.000008	1	0	0
11858	16531335-183936-0-0	optlist.ru	0.000008	1	0	0
11858	1428778-62775-0-0	forum.littleone.ru	0.000008	1	0	0
12509	65949452-1215721-0-0	www.tourprom.ru	0.000008	1	0	0
11865	3645104-73867-0-0	doblest-chest.ru	0.000008	1	0	0
12512	36882225-627483-0-0	roomble.com	0.000008	1	0	0
11909	74526880-541957-0-0	fishki-net.turbopages.org	0.000008	1	0	0
12507	94346353-1232639-0-0	nauka.club	0.000008	1	0	0
11858	34885164-347421-0-0	diletant.media	0.000008	1	0	0
12507	33530085-232061-0-0	kirov.cian.ru	0.000008	1	0	0
11905	6732883-142543-0-0	base.garant.ru	0.000008	1	0	0
12509	571882-179755-0-0	ru.armeniasputnik.am	0.000008	1	0	0
11909	37580938-258540-0-0	utv-ru.turbopages.org	0.000008	1	0	0
12507	39315718-636644-0-0	mednovelty-ru.turbopages.org	0.000008	1	0	0
11905	732789-114770-0-0	izhevsk.regtorg.ru	0.000008	1	0	0
11904	571882-179755-0-0	ru.armeniasputnik.am	0.000008	1	0	0
11909	36446828-281373-0-0	www.colady.ru	0.000008	1	0	0
11857	61934491-415282-0-0	shahty.superjob.ru	0.000008	1	0	0
12507	1932193-96375-0-0	perm.spravker.ru	0.000008	1	0	0
11909	508343-49828-0-0	supersadovnik-ru.turbopages.org	0.000008	1	0	0
11904	36921027-256443-0-0	shopozona.ru	0.000008	1	0	0
12507	87276007-592219-0-0	www.mk.ru	0.000008	1	0	0
13686	42917-608379-0-0	xn----7sbahrplyfdaxfotk.xn--p1ai	0.000061	1	0	0
11865	7286645-736397-0-0	realt.onliner.by	0.000008	1	0	0
11905	1505964-251107-0-0	okrugmir.ru	0.000008	1	0	0
11909	985920-49912-0-0	www.vidal.ru	0.000008	1	0	0
11909	434286-67013-0-0	astroscope.ru	0.000008	1	0	0
11865	1924263-654243-0-0	plansheta.ru	0.000008	1	0	0
11864	51526388-115954-0-0	www.povarenok.ru	0.000008	1	0	0
12507	3223322-738713-0-0	lifemotivation-online.turbopages.org	0.000008	1	0	0
11909	34521910-357240-0-0	onashem.mediasole.ru	0.000008	1	0	0
9011	40517-489803-0-0	www.yaplakal.com	0.000007	1	0	0
12507	3293020-129367-0-0	popmech-ru.turbopages.org	0.000008	1	0	0
11858	51898059-628750-0-0	glavkniga.ru	0.000008	1	0	0
12507	26601355-191781-0-0	xn--80aalccoafpfcpgdfeii1bzaks8eyg5cl.xn--p1ai	0.000008	1	0	0
14055	0-216200-0-0	m.7days.ru	0.000072	1	0	0
12507	26809064-1301270-0-0	mon-ecole.ru	0.000008	1	0	0
11904	78307303-541125-0-0	mangapoisk.ru	0.000072	1	0	0
11865	6271689-210930-0-0	vash-fenshyu.ru	0.000008	1	0	0
11865	90891910-750507-0-0	infonotes.ru	0.000008	1	0	0
9868	0-187544-0-0	www.eg.ru	0.000072	1	0	0
12507	41581925-456460-0-0	holostyak-news.ru	0.000008	1	0	0
11909	504193-28011-0-0	www.zr.ru	0.000008	1	0	0
11904	51452342-1224003-0-0	pulsplus.ru	0.000008	1	0	0
11868	8562776-752096-0-0	www.vesti.ru	0.000008	1	0	0
11909	91114828-653308-0-0	cyberleninka.ru	0.000008	1	0	0
12507	65101275-447185-0-0	ufa1-ru.turbopages.org	0.000008	1	0	0
12509	65949452-934152-0-0	www.paparazzi.ru	0.000072	1	0	0
12507	1133796-430869-0-0	www.rulit.me	0.000008	2	0	0
12507	51020038-328213-0-0	tvsamara-ru.turbopages.org	0.000008	1	0	0
11868	66475862-459160-0-0	gorod55-ru.turbopages.org	0.000008	1	0	0
12507	907113-386345-0-0	itexts.net	0.000008	1	0	0
12507	55358175-351066-0-0	djurenko-com.turbopages.org	0.000008	1	0	0
11868	4338702-428246-0-0	tonustela-net.turbopages.org	0.000008	1	0	0
11865	40220325-603717-0-0	xn--80aanyip7d.xn--p1ai	0.000008	1	0	0
11858	2097243-748947-0-0	landofgames.ru	0.000008	1	0	0
11865	38205555-260220-0-0	traveller-eu.ru	0.000008	1	0	0
12507	30544323-216950-0-0	razviwaika.ru	0.000008	1	0	0
11868	93683367-979907-0-0	aktnews.ru	0.000008	2	0	0
11865	1227259-692987-0-0	o-phone.ru	0.000008	1	0	0
12509	30477641-200831-0-0	www.trud.com	0.000008	1	0	0
11868	58905162-397624-0-0	m.somon.tj	0.000008	2	0	0
11865	93006193-981818-0-0	dekormyhome.ru	0.000008	1	0	0
11865	12929029-209459-0-0	abcbiznes.ru	0.000008	1	0	0
12507	91841474-703076-0-0	nevnov-ru.turbopages.org	0.000008	1	0	0
11865	8562776-752125-0-0	www.mk.ru	0.000072	1	0	0
11857	3598907-330905-0-0	vokrug-tv.turbopages.org	0.000008	1	0	0
9035	42435-605557-0-0	video.sibnet.ru	0.000061	1	0	0
12507	65949452-542792-0-0	radiokp.ru	0.000008	1	0	0
11904	5131788-753823-0-0	joxi.ru	0.000008	1	0	0
11909	448817-45172-0-0	gotovim--doma-ru.turbopages.org	0.000008	2	0	0
11865	31920447-587666-0-0	mcc-codes.ru	0.000008	1	0	0
11904	51468706-330066-0-0	vz.ru	0.000008	1	0	0
11904	34408402-242631-0-0	newsment.ru	0.000008	1	0	0
12507	38661274-281904-0-0	tengrinews.kz	0.000008	1	0	0
12368	0-216200-0-0	doctorpiter.ru	0.000072	1	0	0
11858	36493473-331594-0-0	konkurent.ru	0.000008	1	0	0
11909	49697278-394972-0-0	sadznatok.com	0.000008	1	0	0
12512	4044501-123077-0-0	glasnarod.ru	0.000008	1	0	0
11864	65101275-578603-0-0	www.fontanka.ru	0.000008	1	0	0
9868	0-187544-0-0	daily-inform.ru	0.000072	1	0	0
11858	1322075-130167-0-0	businessman.ru	0.000008	1	0	0
11864	86690274-607061-0-0	ctnews.ru	0.000008	1	0	0
11865	3451193-1249760-0-0	mir-knigi.net	0.000008	1	0	0
12507	54332650-423592-0-0	gobigo.ru	0.000008	1	0	0
11858	86690274-607061-0-0	ctnews.ru	0.000008	1	0	0
11857	439834-240654-0-0	xn--80ac9aeh6f.xn--p1ai	0.000008	1	0	0
11909	43277717-591940-0-0	ivich.ru	0.000008	1	0	0
11858	1124250-54642-0-0	au.ru	0.000008	1	0	0
11857	1255536-253752-0-0	zooportal.pro	0.000008	1	0	0
12507	2443167-1263714-0-0	analogist.ru	0.000008	1	0	0
11909	3293020-129405-0-0	www.cosmo.ru	0.000008	1	0	0
9012	36392-475082-0-0	teleprogramma.pro	0.000061	1	0	0
9864	0-187544-0-0	ekabu.ru	0.000072	1	0	0
12512	31821067-209915-0-0	tests24.ru	0.000008	2	0	0
11909	5092869-134625-0-0	echo-msk-ru.turbopages.org	0.000008	1	0	0
12507	36882225-529990-0-0	gamesisart.ru	0.000008	1	0	0
11909	5359570-249157-0-0	avtocity365.ru	0.000008	1	0	0
11865	2047853-448511-0-0	tekst-pesni.online	0.000008	1	0	0
12513	3293020-125354-0-0	www.goodhouse.ru	0.000008	1	0	0
11860	1683593-210293-0-0	moskva.jobfilter.ru	0.000008	1	0	0
12507	44461595-321790-0-0	kuhniclub-ru.turbopages.org	0.000008	1	0	0
12507	38189721-260200-0-0	esttat-ru.turbopages.org	0.000008	1	0	0
12512	7295714-188279-0-0	russian.rt.com	0.000072	1	0	0
12507	14912667-192591-0-0	imbirnost-ru.turbopages.org	0.000008	1	0	0
11904	32781733-221907-0-0	hmao.move.ru	0.000008	1	0	0
11858	407197-91828-0-0	burdastyle.ru	0.000008	2	0	0
12509	73222433-496671-0-0	historymovie.d3.ru	0.000008	1	0	0
12507	65101275-576549-0-0	63.ru	0.000008	1	0	0
9864	0-187544-0-0	www.eg.ru	0.000072	2	0	0
11868	38748038-260973-0-0	www.bashinform.ru	0.000008	1	0	0
12507	93868403-991120-0-0	sportkp.ru	0.000008	2	0	0
11904	40001166-340241-0-0	agronom.expert	0.000008	1	0	0
12507	94959568-1281606-0-0	timnews.ru	0.000008	1	0	0
11858	32172696-496782-0-0	vseobzorko.ru	0.000008	1	0	0
12512	92576835-1249072-0-0	wopiresand.cf	0.000008	1	0	0
11909	38661274-635651-0-0	mir-knigi.info	0.000008	2	0	0
12507	24063418-190744-0-0	vplate.ru	0.000008	1	0	0
11908	8282009-159294-0-0	meet.wcase.net	0.000008	1	0	0
11864	3861758-139175-0-0	u24.ru	0.000008	2	0	0
11865	91428687-672173-0-0	sladkiy-dvor.ru	0.000008	1	0	0
12507	1416560-721196-0-0	xn--80adrlqrg.xn--p1ai	0.000008	1	0	0
11865	84512616-585915-0-0	englandlearn.com	0.000008	1	0	0
11909	509629-196263-0-0	rg.ru	0.000008	2	0	0
11865	3420410-178471-0-0	orel.goodster.ru	0.000008	1	0	0
9012	35566-569446-0-0	deita.ru	0.000061	1	0	0
12512	75976372-522842-0-0	www.inline.ru	0.000008	1	0	0
12507	65101275-447111-0-0	72-ru.turbopages.org	0.000008	1	0	0
11865	4100839-54830-0-0	www.newsler.ru	0.000008	1	0	0
11857	3554992-185772-0-0	doctu.ru	0.000008	1	0	0
12507	1932193-96375-0-0	khabarovsk.spravker.ru	0.000008	1	0	0
11905	503611-30324-0-0	tambov.blizko.ru	0.000008	1	0	0
12507	66810155-458492-0-0	24smi-org.turbopages.org	0.000008	1	0	0
11909	462441-60136-0-0	www.tourister.ru	0.000008	1	0	0
12507	63929029-430435-0-0	snob.ru	0.000072	1	0	0
11857	4682439-130997-0-0	sevastopol.su	0.000008	1	0	0
12507	9296998-245454-0-0	oblgazeta-ru.turbopages.org	0.000008	1	0	0
12507	997092-142443-0-0	travelask.ru	0.000072	1	0	0
11864	91864171-708690-0-0	www.vesti.ru	0.000008	1	0	0
11909	26809064-715176-0-0	lemzspb.ru	0.000008	1	0	0
12509	89976696-630193-0-0	overclockers.ru	0.000072	1	0	0
11857	92519834-1223907-0-0	ru.drivemusic.me	0.000008	1	0	0
12507	91623033-683453-0-0	volgograd.irr.ru	0.000008	1	0	0
12507	8562776-751706-0-0	www.kp.ru	0.000008	1	0	0
12507	3359374-464537-0-0	mi-check.ru	0.000008	1	0	0
11858	16951930-184419-0-0	kitchendecorium.ru	0.000008	1	0	0
11904	33245886-249016-0-0	nnovgorod.promindex.ru	0.000008	1	0	0
12507	65101275-447175-0-0	ngs24-ru.turbopages.org	0.000008	1	0	0
12507	3485894-338506-0-0	moloko--chr-ru.turbopages.org	0.000008	1	0	0
11858	33245886-249016-0-0	nnovgorod.promindex.ru	0.000008	1	0	0
12507	49639224-323388-0-0	na-zemle.info	0.000008	1	0	0
11858	25702679-191501-0-0	voronezh.proshoper.ru	0.000008	1	0	0
12507	8562776-755170-0-0	kto-chto-gde.ru	0.000008	1	0	0
12507	88817314-627266-0-0	domznatok-ru.turbopages.org	0.000008	1	0	0
11864	3420410-122989-0-0	podolsk.regmarkets.ru	0.000008	1	0	0
12512	476196-450322-0-0	pazlyigra.ru	0.000008	1	0	0
12513	93918555-993875-0-0	www.intex-press.by	0.000008	1	0	0
11909	49905584-324706-0-0	sport24-ru.turbopages.org	0.000008	1	0	0
12507	88407635-608056-0-0	chudotvorstvo-ru.turbopages.org	0.000008	1	0	0
11864	61934491-415282-0-0	www.superjob.ru	0.000008	1	0	0
11857	92519834-734980-0-0	hotplayer.ru	0.000008	1	0	0
12512	93836300-1210014-0-0	www.bolshoyvopros.ru	0.000008	1	0	0
11858	89339234-620181-0-0	berrycredit.ru	0.000008	1	0	0
12507	7687782-287349-0-0	if24-ru.turbopages.org	0.000008	1	0	0
11858	51898059-1217541-0-0	24warez.com	0.000008	1	0	0
11858	1043402-52223-0-0	text.khl.ru	0.000008	1	0	0
11905	2112549-91685-0-0	strana-rf.mirtesen.ru	0.000008	1	0	0
11904	1190468-251722-0-0	chita-nedvizhimost.ru	0.000008	1	0	0
11909	87276007-592221-0-0	www.womanhit.ru	0.000008	1	0	0
12507	3977605-126662-0-0	medi.ru	0.000008	1	0	0
11909	7496088-665483-0-0	carsclick.ru	0.000008	1	0	0
11865	1124250-54642-0-0	au.ru	0.000008	1	0	0
12507	82757547-564359-0-0	izhlife.ru	0.000008	1	0	0
11865	24109265-241001-0-0	dekoriko.ru	0.000008	1	0	0
11868	1560494-225219-0-0	news-rambler-ru.turbopages.org	0.000008	1	0	0
11864	498578-26254-0-0	www.kp.ru	0.000008	1	0	0
12507	61554-32340-0-0	novate-ru.turbopages.org	0.000008	1	0	0
12507	19379947-187075-0-0	cpykami-ru.turbopages.org	0.000008	1	0	0
11857	36493473-331129-0-0	primpress.ru	0.000072	1	0	0
12507	8562776-756197-0-0	www.eg.ru	0.000072	1	0	0
11858	8389884-332956-0-0	eanews.ru	0.000008	1	0	0
11858	902346-59639-0-0	altaitehgaz.barnaul7.ru	0.000008	1	0	0
11904	47669093-514814-0-0	starifaeton.ru	0.000072	1	0	0
11868	7308440-193027-0-0	newochem.ru	0.000008	1	0	0
12507	7361664-149872-0-0	glavny-tv.turbopages.org	0.000008	1	0	0
12507	829897-347830-0-0	vactsina.com	0.000008	1	0	0
9012	43209-604671-0-0	www.lentainform.com	0.000061	1	0	0
11864	1124250-54642-0-0	au.ru	0.000008	3	0	0
12507	43300085-295094-0-0	strir-ru.turbopages.org	0.000008	1	0	0
12512	91114828-653308-0-0	cyberleninka.ru	0.000008	1	0	0
11858	41724942-336240-0-0	libking.ru	0.000008	1	0	0
11865	93721351-983592-0-0	mensby.com	0.000008	1	0	0
12507	3223322-746020-0-0	agronom-guru.turbopages.org	0.000008	1	0	0
11864	7665380-278402-0-0	puzzleheap.ru	0.000008	1	0	0
11857	3090793-147280-0-0	pravoved.ru	0.000008	1	0	0
12507	7632479-149423-0-0	rueconomics-ru.turbopages.org	0.000008	1	0	0
11864	9598552-175106-0-0	www.forbes.ru	0.000072	1	0	0
12507	65101275-578839-0-0	www.psychologies.ru	0.000072	1	0	0
11909	93937505-1201622-0-0	gohome.by	0.000008	1	0	0
11857	941157-244046-0-0	primamedia-ru.turbopages.org	0.000008	1	0	0
11909	91159049-655744-0-0	remanga.org	0.000008	1	0	0
11864	38603231-528330-0-0	knigilub.ru	0.000008	1	0	0
12507	35629944-248356-0-0	dailystorm.ru	0.000008	1	0	0
12507	93840627-1207269-0-0	finecooking-ru.turbopages.org	0.000008	1	0	0
11865	4360456-647830-0-0	regioninformburo.ru	0.000008	2	0	0
11909	66475862-459160-0-0	atas-info.turbopages.org	0.000008	2	0	0
12512	2745-45551-0-0	www.forumhouse.ru	0.000008	1	0	0
11858	4682439-130997-0-0	sevastopol.su	0.000008	1	0	0
11864	36882225-270539-0-0	www.gotovim.ru	0.000008	1	0	0
11868	86690274-763091-0-0	polomkiauto.ru	0.000008	2	0	0
11909	75879660-522085-0-0	calcsoft.ru	0.000008	1	0	0
11904	537984-72590-0-0	www.iamcook.ru	0.000008	1	0	0
11858	1386626-1294341-0-0	readmanga.io	0.000008	1	0	0
12507	1386626-1294341-0-0	readmanga.io	0.000008	1	0	0
12507	450317-238073-0-0	zagovormaga-ru.turbopages.org	0.000008	2	0	0
11865	9229340-759165-0-0	kitchen-smart.ru	0.000008	1	0	0
12507	508343-49826-0-0	www.gastronom.ru	0.000008	1	0	0
11858	38603231-331035-0-0	knigilub.ru	0.000008	1	0	0
11857	3861758-139175-0-0	u24.ru	0.000008	1	0	0
11909	65101275-575584-0-0	m.e1.ru	0.000008	1	0	0
11865	73698762-504026-0-0	na46.ru	0.000008	1	0	0
12509	4140396-623836-0-0	m.newkaliningrad.ru	0.000008	1	0	0
11857	1754751-88586-0-0	alcofan.com	0.000008	1	0	0
11864	49905584-324706-0-0	sport24.ru	0.000008	1	0	0
11868	94454731-1243498-0-0	androidelf.com	0.000008	1	0	0
12507	1431309-188212-0-0	fbm.ru	0.000072	1	0	0
11865	41474784-271139-0-0	vpuzo.com	0.000008	1	0	0
12507	93736421-989340-0-0	kylinariya-ru.turbopages.org	0.000008	1	0	0
13677	41316-572732-0-0	101.ru	0.000061	2	0	0
12512	31446184-207690-0-0	www.gkh.ru	0.000008	1	0	0
12513	93507728-909160-0-0	blocked.mgts.ru	0.000008	1	0	0
11865	5878455-139705-0-0	7dach.ru	0.000008	1	0	0
11904	30477641-200831-0-0	sankt-peterburg.trud.com	0.000008	3	0	0
12507	7226200-154932-0-0	chita-ru.turbopages.org	0.000008	1	0	0
12507	71195898-486717-0-0	ryazan.mbib.ru	0.000008	1	0	0
11858	93599099-944073-0-0	deti-online.com	0.000008	1	0	0
12509	24109265-241001-0-0	dekoriko.ru	0.000072	1	0	0
11857	23951190-217667-0-0	cadiogorod-ru.turbopages.org	0.000008	1	0	0
11864	6438395-505321-0-0	vkrabota.ru	0.000008	1	0	0
11865	5092869-134625-0-0	echo.msk.ru	0.000008	3	0	0
12507	41519228-343288-0-0	sonnik.expert	0.000072	1	0	0
11864	508343-49826-0-0	www.gastronom.ru	0.000008	1	0	0
11860	1560494-70467-0-0	news.rambler.ru	0.000008	1	0	0
11868	24063418-242868-0-0	stroy-podskazka.ru	0.000008	1	0	0
12509	53920760-339651-0-0	questtime.net	0.000008	1	0	0
12507	8459955-159174-0-0	rutxt.ru	0.000008	2	0	0
11904	5527307-138240-0-0	govoritmoskva.ru	0.000008	1	0	0
12507	49533561-511257-0-0	lvrach-ru.turbopages.org	0.000008	2	0	0
11858	16951930-184419-0-0	kitchendecorium.ru	0.000072	1	0	0
12509	65949452-563305-0-0	www.kuban.kp.ru	0.000008	1	0	0
11860	92686662-743979-0-0	xn----7sbblyr7aq.xn--p1ai	0.000008	1	0	0
11858	994452-53185-0-0	health.sarbc.ru	0.000008	1	0	0
11865	1557222-76801-0-0	basetop.ru	0.000008	1	0	0
9866	0-187544-0-0	turkru.tv	0.000113	1	1	0
14056	0-187544-0-0	hero.fandom.com	0.000072	2	0	0
9866	0-187544-0-0	hero.fandom.com	0.000072	2	0	0
11909	3293020-129405-0-0	cosmo-ru.turbopages.org	0.000008	2	0	0
11864	5092869-134625-0-0	echo.msk.ru	0.000008	1	0	0
11909	38748038-260973-0-0	www.bashinform.ru	0.000008	1	0	0
11868	1560494-344753-0-0	gazeta-ru.turbopages.org	0.000008	1	0	0
12509	94346353-1232639-0-0	nauka.club	0.000008	1	0	0
12507	398158-22452-0-0	www.greeninfo.ru	0.000008	1	0	0
12507	34382785-242460-0-0	vsn.ru	0.000008	2	0	0
11868	88328141-1259544-0-0	www.androeed.ru	0.000072	1	0	0
11865	1041287-141365-0-0	steaklovers.menu	0.000072	1	0	0
12507	65101275-575586-0-0	ngs.ru	0.000008	1	0	0
11909	22037675-233392-0-0	vseorechi.ru	0.000008	1	0	0
11858	4342450-128930-0-0	topwar.ru	0.000008	1	0	0
12507	93335226-830873-0-0	www.eg.ru	0.000072	1	0	0
11857	91411553-671414-0-0	intrigue.dating	0.000008	1	0	0
11868	2201084-424608-0-0	voennoedelo.com	0.000008	1	0	0
12507	53157057-460543-0-0	bitvakart.ru	0.000008	1	0	0
13685	41316-586119-0-0	7days.ru	0.000061	2	0	0
11909	66475862-459160-0-0	bel-ru.turbopages.org	0.000008	1	0	0
11858	92453275-732287-0-0	11novosti.ru	0.000008	1	0	0
11857	54497203-471364-0-0	autogear.ru	0.000008	1	0	0
12507	36493473-331594-0-0	konkurent.ru	0.000008	1	0	0
11909	1560494-348677-0-0	chispa1707.livejournal.com	0.000072	1	0	0
12512	7632479-149423-0-0	rueconomics.ru	0.000008	1	0	0
9864	0-216200-0-0	ren.tv	0.000072	4	0	0
11904	32004181-211161-0-0	grodno24.com	0.000072	1	0	0
11908	3420410-122989-0-0	izhevsk.regmarkets.ru	0.000008	1	0	0
11905	2112549-91685-0-0	strasti.mirtesen.ru	0.000008	1	0	0
11865	93379862-1308094-0-0	banki.loans	0.000008	1	0	0
12507	7378703-147144-0-0	eadaily.com	0.000008	1	0	0
11904	37378502-257586-0-0	wordparts.ru	0.000008	1	0	0
11905	522469-74936-0-0	www.qrz.ru	0.000008	1	0	0
11868	86690274-588293-0-0	therumdiary.ru	0.000008	1	0	0
12507	7867549-265996-0-0	namtv.ru	0.000008	2	0	0
11905	1304364-594763-0-0	sovetmarka.ru	0.000008	1	0	0
11857	16951930-184419-0-0	kitchendecorium.ru	0.000072	1	0	0
11865	5553111-566536-0-0	stihomaniya.ru	0.000008	2	0	0
11864	75907078-695593-0-0	fotostrana.ru	0.000008	2	0	0
11858	4817705-131942-0-0	www.u-mama.ru	0.000008	1	0	0
12507	3858190-185816-0-0	automethod.ru	0.000008	1	0	0
11858	471024-17376-0-0	forum.ners.ru	0.000008	1	0	0
11858	5092869-134625-0-0	echo.msk.ru	0.000008	6	0	0
12507	58905162-397624-0-0	m.somon.tj	0.000008	1	0	0
11909	87276007-592220-0-0	www.avtovzglyad.ru	0.000008	1	0	0
9866	0-187544-0-0	animestars.org	0.000072	1	0	0
11904	1124250-54642-0-0	au.ru	0.000008	1	0	0
12507	91083793-1238392-0-0	jobeka.com	0.000008	1	0	0
11858	65101275-579344-0-0	doctorpiter.ru	0.000008	1	0	0
13686	40621-605301-0-0	www.i-znatok.ru	0.000007	1	0	0
12509	6746465-142629-0-0	omsk.hh.ru	0.000008	1	0	0
11865	91483064-675473-0-0	www.tomat-pomidor.com	0.000008	1	0	0
11865	39888908-552988-0-0	gonivari.ru	0.000008	1	0	0
11909	874982-46249-0-0	svpressa.ru	0.000008	4	0	0
11857	2004221-94787-0-0	berkat.ru	0.000072	1	0	0
12507	93178036-802189-0-0	upulmanologa.ru	0.000008	1	0	0
11868	88121411-603878-0-0	radarmedia.net	0.000072	2	0	0
11857	65101275-579344-0-0	doctorpiter.ru	0.000008	1	0	0
11857	50363257-327452-0-0	m.beboo.ru	0.000008	3	0	0
9866	0-187544-0-0	inspectorgadget.fandom.com	0.000072	1	0	0
11864	65101275-576549-0-0	63.ru	0.000008	1	0	0
11865	95235635-1301028-0-0	rnbee.ru	0.000008	1	0	0
12507	7257055-145686-0-0	www.voloskova.ru	0.000008	1	0	0
11909	33551756-232294-0-0	news.allcrimea.net	0.000008	1	0	0
11865	2250611-98174-0-0	forum.integral.ru	0.000008	1	0	0
11865	2270288-276372-0-0	globalmedclub.ru	0.000008	1	0	0
11864	50521278-327084-0-0	360tv.ru	0.000072	1	0	0
11905	426064-26708-0-0	www.gotovim.ru	0.000008	1	0	0
11858	5131788-753823-0-0	joxi.ru	0.000008	1	0	0
11865	50016943-325217-0-0	programforyou.ru	0.000008	1	0	0
12507	8381155-721620-0-0	bankiros-ru.turbopages.org	0.000008	1	0	0
14055	0-216200-0-0	www.om1.ru	0.000072	2	0	0
11909	54464709-342612-0-0	korzik.net	0.000008	1	0	0
11864	32125188-428268-0-0	bloknotanapa.ru	0.000008	1	0	0
9011	42917-619835-0-0	filmplace.ru	0.000061	1	0	0
11865	30570339-681439-0-0	moevideo.biz	0.000008	1	0	0
11909	7773941-1225613-0-0	sportidieta.ru	0.000008	1	0	0
12507	92453275-732287-0-0	11novosti.ru	0.000008	2	0	0
11904	48084745-293947-0-0	mediametrics.ru	0.000008	1	0	0
11865	54464709-342612-0-0	korzik.net	0.000008	1	0	0
11909	55975826-355892-0-0	womaninstinct.ru	0.000072	1	0	0
11905	1600226-68252-0-0	bratsk.bezformata.com	0.000008	1	0	0
11909	5633386-138917-0-0	myslo.ru	0.000008	2	0	0
11857	915412-108160-0-0	1prime.ru	0.000008	1	0	0
12507	4932133-132637-0-0	smartsearchapp.com	0.000008	1	0	0
11857	1560494-348664-0-0	lenta-ru.turbopages.org	0.000008	1	0	0
11909	33253495-613771-0-0	haus21.ru	0.000008	1	0	0
9866	0-187544-0-0	www.lentainform.com	0.000072	3	0	0
11858	1637878-69200-0-0	chepetsk.ru	0.000008	1	0	0
12507	92945426-752689-0-0	sibdepo-ru.turbopages.org	0.000008	2	0	0
11868	1412746-1325270-0-0	www.litmir.me	0.000008	1	0	0
12513	498578-26254-0-0	www.kp.ru	0.000008	1	0	0
9866	0-187544-0-0	akamegakill.fandom.com	0.000072	1	0	0
12367	0-187544-0-0	akamegakill.fandom.com	0.000072	1	0	0
11868	89739637-846703-0-0	gorobzor.ru	0.000008	1	0	0
11868	34382785-242460-0-0	irkutsk.vsn.ru	0.000008	2	0	0
12509	9418536-332666-0-0	pred-pravo.ru	0.000008	1	0	0
11865	87241802-591998-0-0	artikul-cars.ru	0.000008	1	0	0
11904	1891462-139225-0-0	oldsaratov.ru	0.000008	1	0	0
11904	1873567-129758-0-0	mir24.tv	0.000072	1	0	0
11909	66475862-459160-0-0	gorod55-ru.turbopages.org	0.000008	3	0	0
12507	3017766-391626-0-0	ktv--ray-ru.turbopages.org	0.000008	1	0	0
11865	5432817-465703-0-0	pocvetam.ru	0.000072	1	0	0
11858	34521910-357240-0-0	cemicvet.mediasole.ru	0.000008	1	0	0
11868	7239768-188571-0-0	gurupola.ru	0.000008	1	0	0
11905	503611-30324-0-0	msk.blizko.ru	0.000008	3	0	0
11909	16643395-183996-0-0	provisy-ru.turbopages.org	0.000008	1	0	0
12507	36161251-250731-0-0	abw-by.turbopages.org	0.000008	1	0	0
12512	38661274-637001-0-0	knigkindom.ru	0.000008	1	0	0
12507	55003679-347870-0-0	sunmag-me.turbopages.org	0.000008	1	0	0
11908	93652710-967939-0-0	fotokto.ru	0.000008	1	0	0
11858	37580938-258540-0-0	utv.ru	0.000008	1	0	0
11858	3379876-262275-0-0	vkfaces.com	0.000008	1	0	0
12512	92093171-1252321-0-0	dashertermin.ga	0.000008	1	0	0
11857	452669-10552-0-0	www.tutu.ru	0.000008	1	0	0
11858	87936520-601046-0-0	love.mail.ru	0.000008	3	0	0
12507	7295714-153743-0-0	russian-rt-com.turbopages.org	0.000008	2	0	0
11864	2443167-1263714-0-0	analogist.ru	0.000008	1	0	0
11909	31254327-410815-0-0	ptoday-ru.turbopages.org	0.000008	1	0	0
11868	2443167-1263714-0-0	analogist.ru	0.000008	1	0	0
9012	35566-603693-0-0	www.kleo.ru	0.000061	1	0	0
11909	575797-267611-0-0	m.newsbryansk.ru	0.000008	1	0	0
11905	70390261-745834-0-0	fapl.ru	0.000008	1	0	0
11860	2112549-91685-0-0	mt.argumenti.ru	0.000008	1	0	0
11865	36444689-252701-0-0	online-buhuchet.ru	0.000008	1	0	0
12507	31288308-214714-0-0	magya-online.ru	0.000008	1	0	0
9866	0-187544-0-0	www.film.ru	0.000072	1	0	0
11909	478096-57509-0-0	www.inpearls.ru	0.000008	1	0	0
12513	70390261-623617-0-0	journeywomans.ru	0.000008	1	0	0
11857	4045353-447731-0-0	armfilm.co	0.000008	1	0	0
11865	89459135-727904-0-0	ug-plastics.ru	0.000008	2	0	0
11857	48920186-321028-0-0	www.biletik.aero	0.000008	1	0	0
12512	5905298-139817-0-0	glav.su	0.000008	1	0	0
9866	0-187544-0-0	onimusha.fandom.com	0.000072	1	0	0
11904	40220325-603717-0-0	xn--80aanyip7d.xn--p1ai	0.000008	1	0	0
11909	56663774-602227-0-0	m.7days.ru	0.000008	3	0	0
12507	49979845-325019-0-0	tourism.interfax.ru	0.000072	1	0	0
12507	1979119-224594-0-0	vm-ru.turbopages.org	0.000008	1	0	0
11865	8562776-854242-0-0	forum.littleone.ru	0.000008	1	0	0
11858	74149893-506326-0-0	conspiracytheory.mybb.ru	0.000008	1	0	0
11858	951248-127611-0-0	infox.sg	0.000008	1	0	0
9012	40889-580480-0-0	vostokmedia.com	0.000061	1	0	0
12509	67632165-464019-0-0	kartaslov.ru	0.000008	1	0	0
12507	84095089-571613-0-0	incident-obozrevatel-com.turbopages.org	0.000008	1	0	0
11858	1006591-50518-0-0	www.amic.ru	0.000008	1	0	0
12512	448817-45172-0-0	gotovim-doma.ru	0.000008	1	0	0
11905	92386429-872461-0-0	cxem.net	0.000008	2	0	0
12507	95370587-1316343-0-0	finansy-7.online	0.000008	1	0	0
9866	0-187544-0-0	skam.online	0.000072	1	0	0
12507	1442126-81472-0-0	back-in-ussr.com	0.000008	2	0	0
12378	42917-612242-0-0	www.om1.ru	0.000061	1	0	0
12507	9769798-626654-0-0	iceforge-ru.turbopages.org	0.000008	1	0	0
12507	429405-43024-0-0	hullabaloo.ru	0.000008	2	0	0
11858	787004-41591-0-0	naro-fominsk.promportal.su	0.000008	1	0	0
12507	845311-45272-0-0	rosbalt-ru.turbopages.org	0.000008	1	0	0
8663	10-844-0-0	ontvtime.online	0.000008	1	0	0
11864	56953682-478194-0-0	www.inmyroom.ru	0.000008	1	0	0
14055	0-187544-0-0	www.hobobo.ru	0.000072	1	0	0
11857	92147898-844177-0-0	tv--st-ru.turbopages.org	0.000008	1	0	0
11864	93683367-979907-0-0	aktnews.ru	0.000008	2	0	0
11865	7286645-580131-0-0	tech.onliner.by	0.000008	1	0	0
12512	51452342-657440-0-0	www.womanhit.ru	0.000008	2	0	0
11909	6734741-142545-0-0	www.drive2.ru	0.000008	4	0	0
12507	65101275-578374-0-0	www.nn.ru	0.000008	1	0	0
11865	53367389-336591-0-0	disgustingmen.com	0.000008	1	0	0
12507	5092869-134625-0-0	echo.msk.ru	0.000008	1	0	0
12509	2936522-127861-0-0	www.livelib.ru	0.000008	1	0	0
11858	70596774-484023-0-0	novinkimebeli.ru	0.000008	1	0	0
11868	34382785-242460-0-0	kopeysk.vsn.ru	0.000008	1	0	0
11860	2112549-91685-0-0	stil.mirtesen.ru	0.000008	1	0	0
13685	43650-609027-0-0	klops.ru	0.000061	1	0	0
11857	460445-136553-0-0	xn--b1algemdcsb.xn--p1ai	0.000008	1	0	0
12368	0-187544-0-0	nversia.ru	0.000072	1	0	0
11857	1560494-225212-0-0	championat-com.turbopages.org	0.000008	2	0	0
11864	6557105-250544-0-0	www.interfax.ru	0.000008	2	0	0
11865	93547635-1282300-0-0	rnbee.ru	0.000008	1	0	0
8669	3938cf97ea84e2a9485f979e908bda87-6dd7f7a279120d51b	www.playground.ru	0.000008	1	0	0
9866	0-216200-0-0	www.tourprom.ru	0.000072	1	0	0
11865	39315718-636644-0-0	mednovelty.ru	0.000008	1	0	0
11857	1024057-50948-0-0	eva-ru.turbopages.org	0.000008	1	0	0
12507	87909282-600685-0-0	kapital--rus-ru.turbopages.org	0.000008	1	0	0
11904	38661274-725920-0-0	doramiru.com	0.000008	2	0	0
12512	53394450-337082-0-0	www.linux.org.ru	0.000008	1	0	0
12367	0-216200-0-0	m.7days.ru	0.000072	4	0	0
12507	8562776-755147-0-0	www.adme.ru	0.000008	1	0	0
12507	3046664-115800-0-0	www.sunhome.ru	0.000008	1	0	0
11858	504193-28011-0-0	www.zr.ru	0.000008	3	0	0
11857	40828790-268371-0-0	uksusinfo.ru	0.000008	1	0	0
11857	3293020-129405-0-0	www.cosmo.ru	0.000008	1	0	0
13686	40621-605301-0-0	school-school.ru	0.000007	2	0	0
12507	37580938-258540-0-0	utv-ru.turbopages.org	0.000008	1	0	0
11868	91864171-708690-0-0	www.vesti.ru	0.000072	14	0	0
12509	65949452-453595-0-0	rg.ru	0.000008	5	0	0
11905	5299287-136213-0-0	club.osinka.ru	0.000008	1	0	0
9866	0-187544-0-0	primpress.ru	0.000072	1	0	0
12507	47669093-622981-0-0	handy-site.ru	0.000008	1	0	0
11857	41531702-829641-0-0	auto.kufar.by	0.000008	1	0	0
11857	16951930-184419-0-0	kitchendecorium.ru	0.000008	1	0	0
12507	3293020-129405-0-0	cosmo-ru.turbopages.org	0.000008	4	0	0
11868	7432993-149001-0-0	kgd-ru.turbopages.org	0.000008	1	0	0
11864	36882225-529990-0-0	gamesisart.ru	0.000008	1	0	0
12507	91778783-844055-0-0	drajver-ru.turbopages.org	0.000008	1	0	0
11865	69970529-674578-0-0	egesdamlegko.ru	0.000008	1	0	0
11858	522469-74936-0-0	www.qrz.ru	0.000008	2	0	0
11857	31734734-354099-0-0	m.tabor.ru	0.000008	7	0	0
13677	41487-568997-0-0	www.kommersant.ru	0.000061	2	0	0
11858	61657907-412960-0-0	www.wonderzine.com	0.000008	2	0	0
11865	51020038-328213-0-0	tvsamara.ru	0.000008	1	0	0
12507	31446184-207708-0-0	26--2-ru.turbopages.org	0.000008	1	0	0
11858	91864171-708690-0-0	www.vesti.ru	0.000072	2	0	0
11904	8547153-159362-0-0	rusnext.ru	0.000008	1	0	0
13683	36195-472385-0-0	www.mk.ru	0.000061	1	0	0
12507	897808-247369-0-0	nn-aif-ru.turbopages.org	0.000008	1	0	0
11865	34351736-423086-0-0	www.lentainform.com	0.000072	1	0	0
11905	537984-72590-0-0	www.iamcook.ru	0.000008	1	0	0
12507	2379950-579042-0-0	letsplayers.ru	0.000008	1	0	0
11865	95103534-1293428-0-0	easywebscripts.net	0.000008	1	0	0
9012	43650-609027-0-0	klops.ru	0.000061	2	0	0
12507	50363257-327452-0-0	m.beboo.ru	0.000008	1	0	0
11864	6438395-149027-0-0	tv.mail.ru	0.000008	4	0	0
12507	8133292-154863-0-0	to--be--woman-ru.turbopages.org	0.000008	1	0	0
11909	6438395-353887-0-0	otvet.mail.ru	0.000008	6	0	0
11904	73622320-500250-0-0	ktv-ray.ru	0.000008	1	0	0
11858	61678927-1206244-0-0	bookzip.avivas.online	0.000008	1	0	0
11864	6438395-142108-0-0	e.mail.ru	0.000008	967	0	0
11868	92386429-746409-0-0	telik.top	0.000008	13	0	0
12507	9132820-163508-0-0	vesiskitim-ru.turbopages.org	0.000008	1	0	0
12507	91864171-708690-0-0	vesti-ru.turbopages.org	0.000008	2	0	0
11865	91622640-844291-0-0	remmachserp.ru	0.000008	3	0	0
11791	10-844-0-0	ontvtime.online	0.000008	1	0	0
12507	4971922-132712-0-0	www.gorodskievesti.ru	0.000008	1	0	0
11905	2112549-91685-0-0	comfycozyhome.ru	0.000008	2	0	0
12507	30529568-197530-0-0	anisima-ru.turbopages.org	0.000008	1	0	0
13686	40517-489803-0-0	yap.ru	0.000009	1	1	0
11864	509629-29789-0-0	rg.ru	0.000008	1	0	0
11904	32781733-221907-0-0	krasnodar.move.ru	0.000008	1	0	0
12507	40644993-267750-0-0	malls-ru.turbopages.org	0.000008	2	0	0
12509	51898059-974103-0-0	gisher.org	0.000072	1	0	0
12507	3293020-129405-0-0	www.cosmo.ru	0.000008	2	0	0
12507	407197-196583-0-0	forum.ivd.ru	0.000008	1	0	0
11904	4624495-130614-0-0	www.vazhno.ru	0.000008	4	0	0
12507	60593289-405812-0-0	parcelsapp.com	0.000008	3	0	0
11858	6087761-143613-0-0	www.medicina99.ru	0.000008	1	0	0
11864	91159049-655744-0-0	remanga.org	0.000008	5	0	0
12507	4817705-131942-0-0	www.u-mama.ru	0.000008	2	0	0
11909	93836300-1210014-0-0	www.bolshoyvopros.ru	0.000008	2	0	0
11909	6078256-142910-0-0	infoniac-ru.turbopages.org	0.000008	2	0	0
9868	0-187544-0-0	terraria.fandom.com	0.000072	1	0	0
12509	36165690-250765-0-0	www.hi-fi.ru	0.000008	1	0	0
11857	912305-47074-0-0	www.topnews.ru	0.000072	1	0	0
11909	33395182-231454-0-0	antonovsad.ru	0.000008	1	0	0
11909	7317426-195137-0-0	sam-stroitel.com	0.000008	1	0	0
11909	27846208-192432-0-0	novosibirsk.spravka.city	0.000008	1	0	0
12507	36882225-1247788-0-0	ftimes.ru	0.000072	2	0	0
12507	30570339-693876-0-0	rg.ru	0.000008	1	0	0
11909	7793803-275325-0-0	nsn-fm.turbopages.org	0.000008	1	0	0
12507	64173066-443007-0-0	radiokp.ru	0.000008	5	0	0
11865	42008187-1231519-0-0	podelochkin.ru	0.000008	1	0	0
12507	62068039-416384-0-0	vse42-ru.turbopages.org	0.000008	1	0	0
11865	92449354-732167-0-0	vannayasovety.ru	0.000008	1	0	0
12509	15076685-266807-0-0	vesti-yamal.ru	0.000008	2	0	0
12507	65443695-449419-0-0	www.ok-magazine.ru	0.000008	3	0	0
12509	4817705-131942-0-0	www.u-mama.ru	0.000008	1	0	0
12368	0-187544-0-0	terraria.fandom.com	0.000072	1	0	0
9865	0-187544-0-0	terraria.fandom.com	0.000072	1	0	0
9866	0-216200-0-0	clck.lentainform.com	0.000072	1	0	0
11905	2112549-91685-0-0	ogorod.mirtesen.ru	0.000008	1	0	0
11860	31256329-496537-0-0	ideas.homechart.ru	0.000008	3	0	0
12507	51594733-1223782-0-0	moekopchenie.ru	0.000008	1	0	0
12509	51898059-1302353-0-0	readmanga.io	0.000008	1	0	0
11858	423405-145194-0-0	www.sberometer.ru	0.000008	1	0	0
11909	6438395-457268-0-0	youla.ru	0.000008	3	0	0
11865	913395-184963-0-0	betosteel.ru	0.000008	1	0	0
12513	32279266-604358-0-0	mel.fm	0.000008	1	0	0
11865	89960624-1277973-0-0	dodro-land.ru	0.000008	1	0	0
12509	73222433-496671-0-0	d3.ru	0.000008	2	0	0
11858	70390261-614040-0-0	best-stroy.ru	0.000008	1	0	0
11865	7689119-443708-0-0	sims-igra.ru	0.000008	1	0	0
12368	0-216200-0-0	www.om1.ru	0.000072	2	0	0
11865	52074449-1257920-0-0	ollimpia.ru	0.000008	1	0	0
11865	36882225-267966-0-0	rusvesna.su	0.000008	3	0	0
11909	486016-494616-0-0	tvoiugolok.ru	0.000008	1	0	0
11858	915412-108160-0-0	1prime.ru	0.000008	2	0	0
11864	65101275-447180-0-0	pogoda.e1.ru	0.000008	1	0	0
11904	56945766-385418-0-0	worldcrisis.ru	0.000008	1	0	0
14056	0-187544-0-0	klops.ru	0.000072	2	0	0
12507	2412782-106253-0-0	www.avito.ru	0.000008	2	0	0
11909	407197-141296-0-0	ichip.ru	0.000008	2	0	0
12507	1180293-536323-0-0	vologda--poisk-ru.turbopages.org	0.000008	2	0	0
12507	32758874-267206-0-0	textilegu.ru	0.000008	1	0	0
12507	7867970-208469-0-0	sinonim.org	0.000008	1	0	0
12507	26809064-715176-0-0	lemzspb.ru	0.000008	1	0	0
11868	3090793-147280-0-0	pravoved.ru	0.000008	16	0	0
12507	7664547-442805-0-0	m--strana-ru.turbopages.org	0.000008	6	0	0
11858	39671073-264494-0-0	www.c-inform.info	0.000008	1	0	0
11909	36882225-743489-0-0	ekabu.ru	0.000072	1	0	0
11857	12015-13900-0-0	moskva.best-stroy.ru	0.000008	1	0	0
12507	6564613-142211-0-0	marpravda-ru.turbopages.org	0.000008	1	0	0
12507	5092531-223754-0-0	ura-news.turbopages.org	0.000008	1	0	0
11858	5092531-223754-0-0	ura.news	0.000008	2	0	0
11909	5387468-155559-0-0	zebra-tv.ru	0.000008	1	0	0
11868	1560494-485869-0-0	lenta.ru	0.000072	4	0	0
11865	47915752-514913-0-0	znanieinfo.ru	0.000008	1	0	0
11860	1647838-69256-0-0	www.shkolazhizni.ru	0.000008	1	0	0
12512	56330162-381389-0-0	tayshet.mebel-store.com	0.000008	1	0	0
11909	39010788-262152-0-0	m.62info.ru	0.000008	1	0	0
11865	915412-108160-0-0	1prime.ru	0.000008	2	0	0
12507	941157-244057-0-0	ussurmedia.ru	0.000008	8	0	0
11864	72151797-491967-0-0	100polezno.ru	0.000008	1	0	0
12509	6746465-142629-0-0	kemerovo.hh.ru	0.000008	1	0	0
12507	11343331-293904-0-0	pervyebljuda-ru.turbopages.org	0.000008	1	0	0
12509	9382999-183136-0-0	m.leboard.ru	0.000008	2	0	0
11865	30570339-681437-0-0	www.zdrav.ru	0.000008	1	0	0
13677	41355-568331-0-0	www.sport-express.ru	0.000061	1	0	0
11904	73222433-496671-0-0	d3.ru	0.000008	2	0	0
12507	33530085-232061-0-0	omsk.cian.ru	0.000008	1	0	0
12507	478574-381897-0-0	gadgetok-ru.turbopages.org	0.000008	1	0	0
11868	65101275-579344-0-0	doctorpiter.ru	0.000072	1	0	0
9012	41283-602138-0-0	howto-news.info	0.000061	1	0	0
12512	75495020-518849-0-0	summa-propisyu.ru	0.000008	1	0	0
12507	394763-7843-0-0	agroru.com	0.000008	1	0	0
11909	3293020-129367-0-0	www.popmech.ru	0.000008	1	0	0
12507	7443729-147803-0-0	happydoctor-ru.turbopages.org	0.000008	1	0	0
12507	56291972-380221-0-0	moskvichmag-ru.turbopages.org	0.000008	1	0	0
12513	65101275-575586-0-0	ngs.ru	0.000008	1	0	0
12507	82862297-566205-0-0	hiterbober.ru	0.000008	1	0	0
12507	26809064-732283-0-0	stopclimax.ru	0.000008	1	0	0
11857	91778881-699059-0-0	seventools.ru	0.000008	1	0	0
12507	504193-28011-0-0	www.zr.ru	0.000008	9	0	0
11909	7867970-208469-0-0	sinonim.org	0.000008	2	0	0
11865	32125188-427913-0-0	bloknot-voronezh.ru	0.000008	1	0	0
12507	6372672-141229-0-0	www.factroom.ru	0.000008	1	0	0
11865	92686662-992078-0-0	yamaha-volga.ru	0.000008	1	0	0
12507	91235966-660718-0-0	lifehacker-ru.turbopages.org	0.000008	5	0	0
14056	0-216200-0-0	teleprogramma.pro	0.000072	7	0	0
12507	51452342-400489-0-0	newzfeed.ru	0.000072	1	0	0
11909	32402134-217631-0-0	wooordhunt.ru	0.000008	1	0	0
11864	32125188-427913-0-0	bloknot-voronezh.ru	0.000008	1	0	0
11857	91864171-708690-0-0	vesti-ru.turbopages.org	0.000008	1	0	0
11905	74242185-506774-0-0	anekdotbar.ru	0.000008	1	0	0
11865	36935879-255877-0-0	vetconsultplus.ru	0.000008	1	0	0
11858	24111355-1291364-0-0	readmanga.io	0.000008	2	0	0
11904	874982-46249-0-0	svpressa.ru	0.000008	1	0	0
11858	54815740-345947-0-0	gubdaily.ru	0.000072	1	0	0
11865	94624243-1256506-0-0	top10a.ru	0.000008	1	0	0
11857	407197-141296-0-0	ichip-ru.turbopages.org	0.000008	1	0	0
11909	1955115-430451-0-0	poisklekarstv-com.turbopages.org	0.000008	1	0	0
12507	65101275-684050-0-0	starhit-ru.turbopages.org	0.000008	3	0	0
12509	89976696-630193-0-0	overclockers.ru	0.000008	1	0	0
11868	95171232-1293139-0-0	m.leboard.ru	0.000008	2	0	0
11857	7632479-149419-0-0	riafan-ru.turbopages.org	0.000008	1	0	0
12507	88546469-708736-0-0	www.kleo.ru	0.000072	1	0	0
12509	2443167-382824-0-0	besedka.guru	0.000008	1	0	0
11864	6438395-149027-0-0	kino.mail.ru	0.000008	2	0	0
11864	533255-86883-0-0	zhkh.su	0.000008	1	0	0
12507	10283162-270316-0-0	dalmspb.com	0.000008	1	0	0
11865	42813817-276165-0-0	www.znak.com	0.000008	3	0	0
12512	7295714-188279-0-0	russian.rt.com	0.000008	1	0	0
11858	93335226-830873-0-0	www.eg.ru	0.000072	1	0	0
12507	2364206-144554-0-0	bk55.ru	0.000008	1	0	0
13677	43650-609027-0-0	klops.ru	0.000061	1	0	0
11858	32179332-221081-0-0	altay-krylov.ru	0.000008	1	0	0
12507	30414588-195330-0-0	russkajakrasota-ru.turbopages.org	0.000008	1	0	0
12507	49608361-418964-0-0	1000.menu	0.000008	11	0	0
11868	8562776-753104-0-0	www.inmyroom.ru	0.000008	4	0	0
12507	421377-258196-0-0	b17-ru.turbopages.org	0.000008	1	0	0
11857	7295714-153743-0-0	russian.rt.com	0.000008	5	0	0
11909	494474-102843-0-0	otzovik.com	0.000008	5	0	0
12367	0-187544-0-0	m.7days.ru	0.000072	1	0	0
11868	8562776-752096-0-0	www.vesti.ru	0.000072	3	0	0
11865	54770757-709406-0-0	gnt24.ru	0.000008	1	0	0
12507	571882-179755-0-0	ru.armeniasputnik.am	0.000008	1	0	0
11865	51898059-1263934-0-0	podborkino.com	0.000008	2	0	0
11904	575522-293439-0-0	only-paper.ru	0.000008	1	0	0
10009	6d4e33980ff0d340926898fa68e2f0cf-ac0cfa0dfcc0909ac	animeonline.cc	0.000072	1	0	0
12507	1557222-76801-0-0	basetop.ru	0.000008	1	0	0
11791	10-844-0-0	businesssecrets.ru	0.000008	1	0	0
11868	498578-1274707-0-0	www.kp.ru	0.000008	1	0	0
11909	914816-340430-0-0	avatarko.ru	0.000008	1	0	0
11864	6438395-152034-0-0	hi-tech.mail.ru	0.000008	3	0	0
11858	8176469-155098-0-0	cheb.ws	0.000008	1	0	0
11858	33530085-232061-0-0	mytishchi.cian.ru	0.000008	1	0	0
11868	8562776-752001-0-0	aif.ru	0.000008	2	0	0
11868	94454731-1243642-0-0	pagb.ru	0.000008	1	0	0
11868	51898059-560025-0-0	www.infpol.ru	0.000008	2	0	0
11865	30570339-1274619-0-0	fotostars.me	0.000008	1	0	0
11909	974947-49517-0-0	9111-ru.turbopages.org	0.000008	3	0	0
11909	56953682-478194-0-0	www.inmyroom.ru	0.000008	2	0	0
12512	51898059-1212039-0-0	doramy.top	0.000072	1	0	0
11909	1572504-122301-0-0	app-time.ru	0.000008	1	0	0
12512	65101275-447176-0-0	www.nn.ru	0.000008	2	0	0
11864	6438395-151802-0-0	auto.mail.ru	0.000008	1	0	0
12509	65949452-469894-0-0	kto-chto-gde.ru	0.000008	1	0	0
13677	41316-586119-0-0	7days.ru	0.000061	1	0	0
11865	93335226-830873-0-0	www.eg.ru	0.000008	11	0	0
12507	3942382-1280109-0-0	ivanovolive.ru	0.000008	2	0	0
11864	1913085-81261-0-0	montecarlo.ru	0.000008	5	0	0
12507	50264598-537567-0-0	jamfm.ru	0.000008	1	0	0
11868	51898059-577766-0-0	autosport.com.ru	0.000008	1	0	0
12507	87276007-606542-0-0	mk-ru.turbopages.org	0.000008	4	0	0
12378	41316-586119-0-0	m.7days.ru	0.000061	1	0	0
12507	985920-49912-0-0	www.vidal.ru	0.000008	4	0	0
11857	1180293-56287-0-0	www.kaluga-poisk.ru	0.000008	6	0	0
12509	65101275-578839-0-0	www.psychologies.ru	0.000072	1	0	0
12507	91109618-653238-0-0	zarya-by.turbopages.org	0.000008	1	0	0
12507	50264598-333112-0-0	www.sputnikfm.ru	0.000008	1	0	0
12507	1180293-56287-0-0	www.kaluga-poisk.ru	0.000008	2	0	0
11904	94975327-1284554-0-0	vortexnews.ru	0.000008	1	0	0
11857	51468706-330066-0-0	m.vz.ru	0.000008	6	0	0
9012	42666-624602-0-0	turkru.tv	0.000061	2	0	0
11864	6438395-147025-0-0	my.mail.ru	0.000072	12	0	0
11857	87936520-601046-0-0	m.love.mail.ru	0.000008	3	0	0
11909	1446911-243283-0-0	prompriem-ru.turbopages.org	0.000008	1	0	0
11858	47202456-290810-0-0	proactions.ru	0.000008	1	0	0
11868	498578-196262-0-0	kp-ru.turbopages.org	0.000008	1	0	0
10049	10-844-0-0	freetraf.ru	0.000008	1	0	0
11857	1560494-348687-0-0	rurik--l-livejournal-com.turbopages.org	0.000008	1	0	0
11865	3293020-129405-0-0	www.cosmo.ru	0.000008	4	0	0
12507	6727102-142542-0-0	v-kosmose.com	0.000008	1	0	0
11858	951248-127611-0-0	ru.infox.sg	0.000008	2	0	0
11909	71762058-600850-0-0	geektarget.ru	0.000008	1	0	0
11865	994452-105696-0-0	news.sarbc.ru	0.000008	1	0	0
11904	2968176-114236-0-0	www.panoidl.ru	0.000008	2	0	0
11909	4971922-132712-0-0	www.gorodskievesti.ru	0.000008	1	0	0
11868	1412746-580208-0-0	www.iamcook.ru	0.000008	1	0	0
11865	91774534-710198-0-0	profzentr.ru	0.000008	2	0	0
11909	2755565-109910-0-0	serovglobus-ru.turbopages.org	0.000008	1	0	0
11857	2364206-165246-0-0	m.bk55.ru	0.000008	1	0	0
12507	51452342-607548-0-0	eurosport-ru.turbopages.org	0.000008	1	0	0
11858	1140611-114280-0-0	sdelaysam-svoimirukami.ru	0.000008	1	0	0
12507	51606843-330728-0-0	femmie.ru	0.000008	1	0	0
11865	36338709-257091-0-0	visasam.ru	0.000008	1	0	0
11905	2112549-91685-0-0	mirtesen.ru	0.000008	8	0	0
11865	897669-460527-0-0	pikabu.ru	0.000008	5	0	0
11858	87936520-601046-0-0	www.mamba.ru	0.000008	4	0	0
12507	85161223-594528-0-0	showmycars.ru	0.000008	1	0	0
12512	6746465-142629-0-0	belokuriha.hh.ru	0.000008	1	0	0
11905	52535961-573192-0-0	social.trendymen.ru	0.000072	1	0	0
9866	0-216200-0-0	www.lentainform.com	0.000072	8	0	0
11909	2424319-340842-0-0	fabricators.ru	0.000008	3	0	0
11904	8054248-216855-0-0	ir-center.ru	0.000008	3	0	0
12507	317878-45958-0-0	avtomarket.ru	0.000008	1	0	0
11909	65101275-575584-0-0	www.e1.ru	0.000008	3	0	0
11865	2013471-87094-0-0	onlinetestpad.com	0.000008	1	0	0
11865	31663907-209042-0-0	www.sutynews.ru	0.000008	1	0	0
11904	51898059-582604-0-0	avtozam.com	0.000008	1	0	0
11909	2112549-91685-0-0	social.trendymen.ru	0.000008	1	0	0
11865	7689119-356017-0-0	gkh-rf.ru	0.000008	1	0	0
12507	65101275-575584-0-0	www.e1.ru	0.000008	2	0	0
9012	36195-472385-0-0	www.mk.ru	0.000061	4	0	0
11865	41296583-479805-0-0	stroyday.ru	0.000008	1	0	0
11868	1979119-84778-0-0	vm.ru	0.000008	1	0	0
9866	0-187544-0-0	klops.ru	0.000072	1	0	0
12509	40001166-340241-0-0	agronom.expert	0.000008	2	0	0
11865	32519838-219184-0-0	presentation-creation.ru	0.000008	1	0	0
11858	46431776-287922-0-0	joyreactor.cc	0.000008	1	0	0
12507	8381155-722011-0-0	apteka-103-by.turbopages.org	0.000008	8	0	0
12512	51898059-1238537-0-0	ucrazy.ru	0.000008	1	0	0
11905	8087524-438288-0-0	shikimori.one	0.000008	2	0	0
12507	4140396-127625-0-0	www.newkaliningrad.ru	0.000008	1	0	0
12507	915412-108160-0-0	1prime-ru.turbopages.org	0.000008	1	0	0
12507	61657907-412959-0-0	www.spletnik.ru	0.000008	1	0	0
11868	371996-604546-0-0	wikiway.com	0.000008	3	0	0
12507	974947-49517-0-0	9111-ru.turbopages.org	0.000008	6	0	0
11904	5510286-138138-0-0	razlozhi.ru	0.000008	17	0	0
12507	3849096-126345-0-0	www.gorodche.ru	0.000008	1	0	0
11858	49979845-325019-0-0	tourism.interfax.ru	0.000072	1	0	0
12507	1190468-251722-0-0	habarovsk-nedvizhimost.ru	0.000008	1	0	0
11865	6557105-250544-0-0	www.interfax.ru	0.000072	1	0	0
9012	41316-586119-0-0	m.7days.ru	0.000061	4	0	0
11868	92928962-752036-0-0	animego.org	0.000072	2	0	0
11909	1073234-51283-0-0	electricalschool.info	0.000008	2	0	0
11909	90720690-643887-0-0	mir-knig.com	0.000008	28	0	0
12507	38003043-351263-0-0	grazdano4ka.ru	0.000008	1	0	0
12507	1072605-202772-0-0	stroychik.ru	0.000008	1	0	0
12513	34382785-242460-0-0	vsn.ru	0.000008	1	0	0
12509	49524641-326958-0-0	dokipedia.ru	0.000008	1	0	0
12507	59767463-727863-0-0	book-online.com.ua	0.000008	2	0	0
11868	61500391-640045-0-0	xn----7sbbeeptbfadjdvm5ab9bqj.xn--p1ai	0.000008	1	0	0
12507	571882-184072-0-0	sputnik-georgia.ru	0.000008	1	0	0
12507	33720538-236088-0-0	tayniymir.com	0.000072	1	0	0
12507	36882225-268239-0-0	www.newkaliningrad.ru	0.000008	2	0	0
11909	1913085-81261-0-0	montecarlo.ru	0.000008	26	0	0
12507	39781679-720502-0-0	moreprodukt-info.turbopages.org	0.000008	1	0	0
12507	24063418-190745-0-0	o-krohe.ru	0.000072	1	0	0
11865	63430708-444058-0-0	litezona.ru	0.000008	1	0	0
9869	0-187544-0-0	profile.ru	0.000072	7	0	0
11860	5706550-281826-0-0	ren.tv	0.000008	4	0	0
11904	92386429-1241104-0-0	tvrf.city	0.000008	1	0	0
13677	41316-572732-0-0	101.ru	0.00009	0	1	0
12507	92689834-1296124-0-0	med-site.site	0.000008	1	0	0
14056	0-216200-0-0	101.ru	0.000072	4	0	0
11909	42813817-276165-0-0	www.znak.com	0.000008	3	0	0
11857	41740025-636154-0-0	topautomobil.ru	0.000008	1	0	0
12507	10173633-462527-0-0	kak--sdelano-ru.turbopages.org	0.000008	1	0	0
11909	5225094-143273-0-0	restorandia.ru	0.000008	1	0	0
11865	9848988-169283-0-0	kladraz.ru	0.000008	1	0	0
13686	40621-605301-0-0	avtopilot-center.ru	0.000007	1	0	0
11864	51898059-700309-0-0	pg21.ru	0.000008	1	0	0
12507	5006086-168176-0-0	www.frequentflyers.ru	0.000008	1	0	0
11865	30570339-658616-0-0	moevideo.biz	0.000008	1	0	0
12507	33530085-232061-0-0	spb.cian.ru	0.000008	1	0	0
11868	7295714-153743-0-0	russian.rt.com	0.000008	2	0	0
12507	8562776-751706-0-0	www.omsk.kp.ru	0.000008	1	0	0
12512	88121411-603878-0-0	radarmedia.net	0.000008	1	0	0
12512	87276007-592219-0-0	brl.mk.ru	0.000072	1	0	0
11864	34172799-240415-0-0	antiwomen.ru	0.000008	2	0	0
12507	897669-56459-0-0	pikabu.ru	0.000008	2	0	0
11858	1426764-126740-0-0	files.stroyinf.ru	0.000008	2	0	0
11864	6438395-147023-0-0	news.mail.ru	0.000008	26	0	0
12368	0-187544-0-0	ekabu.ru	0.000072	1	0	0
12513	3293020-129405-0-0	www.cosmo.ru	0.000008	6	0	0
11865	2251717-629700-0-0	karaokevecherinka.ru	0.000008	1	0	0
11857	87936520-601046-0-0	www.mamba.ru	0.000008	13	0	0
11860	5706550-281826-0-0	ren.tv	0.000072	6	0	0
9866	0-187544-0-0	www.kleo.ru	0.000072	3	0	0
11864	75976372-522842-0-0	inline.ru	0.000008	2	0	0
11909	63615999-592888-0-0	hendmeid-guru.turbopages.org	0.000008	1	0	0
11909	57648680-392466-0-0	onrealt.ru	0.000008	1	0	0
11865	494474-102843-0-0	otzovik.com	0.000008	6	0	0
12512	6746465-142629-0-0	spb.hh.ru	0.000008	1	0	0
11858	2918101-113120-0-0	www.u-mama.ru	0.000008	2	0	0
11865	46431776-287922-0-0	joyreactor.cc	0.000008	2	0	0
11868	7295714-188279-0-0	russian.rt.com	0.000008	6	0	0
11858	3756359-125339-0-0	mama.tomsk.ru	0.000008	1	0	0
11865	3281497-128107-0-0	www.sport-express.ru	0.000072	2	0	0
12368	0-187544-0-0	www.om1.ru	0.000072	2	0	0
12507	31266300-205913-0-0	riavrn.ru	0.000008	1	0	0
11858	8236148-155655-0-0	www.baby.ru	0.000008	1	0	0
11865	93016036-755726-0-0	lafoy.ru	0.000008	1	0	0
12507	43263113-277831-0-0	rubaltic-ru.turbopages.org	0.000008	1	0	0
9866	0-187544-0-0	deita.ru	0.000072	2	0	0
12507	985313-152565-0-0	trinixy-ru.turbopages.org	0.000008	1	0	0
12509	65949452-542792-0-0	radiokp.ru	0.000008	4	0	0
12507	6722348-233438-0-0	employment-services.ru	0.000008	2	0	0
12507	1925179-327278-0-0	vse--pro--laminat-ru.turbopages.org	0.000008	1	0	0
11864	6438395-147024-0-0	lady.mail.ru	0.000008	5	0	0
12513	66979868-459765-0-0	mayaksbor.ru	0.000008	1	0	0
11868	7295714-188279-0-0	russian.rt.com	0.000072	4	0	0
11868	66475862-459160-0-0	rostovgazeta-ru.turbopages.org	0.000008	2	0	0
11865	8984986-205531-0-0	fermilon.ru	0.000008	1	0	0
11858	8197863-397423-0-0	slogislova.ru	0.000008	2	0	0
11864	71813031-490450-0-0	www.gismeteo.ru	0.000008	3	0	0
11909	5092869-134625-0-0	echo.msk.ru	0.000008	1	0	0
11868	2412782-419507-0-0	m.avito.ru	0.000008	44	0	0
12507	737991-54232-0-0	moe-online.ru	0.000008	1	0	0
12507	2201084-143706-0-0	speedme-ru.turbopages.org	0.000008	1	0	0
9869	0-187544-0-0	klops.ru	0.000072	1	0	0
11857	1077784-53383-0-0	licey.net	0.000008	1	0	0
12507	65101275-576825-0-0	ngs24.ru	0.000008	2	0	0
11905	2112549-91685-0-0	satira.mirtesen.ru	0.000008	1	0	0
11858	37557057-259341-0-0	tests24.su	0.000008	1	0	0
12507	407197-99551-0-0	playboyrussia-com.turbopages.org	0.000008	1	0	0
11858	4360456-647830-0-0	regioninformburo.ru	0.000008	1	0	0
11865	38959772-261795-0-0	pasmi.ru	0.000008	1	0	0
12507	445341-7024-0-0	mosday.ru	0.000008	1	0	0
9012	35566-568720-0-0	www.newkaliningrad.ru	0.000061	1	0	0
11904	737991-54232-0-0	moe-online.ru	0.000008	1	0	0
12507	1932193-96375-0-0	ekaterinburg.spravker.ru	0.000008	1	0	0
12507	2103170-497885-0-0	dni24-com.turbopages.org	0.000008	1	0	0
11864	1178311-251616-0-0	popenobloky.ru	0.000008	1	0	0
11864	6438395-148635-0-0	deti.mail.ru	0.000008	2	0	0
12367	0-187544-0-0	www.kleo.ru	0.000072	1	0	0
12507	915412-108160-0-0	1prime.ru	0.000008	2	0	0
12507	2214953-342128-0-0	www.ural56.ru	0.000008	1	0	0
13677	35253-620156-0-0	doctorpiter.ru	0.000061	1	0	0
12507	941157-244053-0-0	irkutskmedia.ru	0.000008	2	0	0
11868	8562776-756714-0-0	radiokp.ru	0.000008	1	0	0
11858	1560494-660797-0-0	mail.rambler.ru	0.000008	25	0	0
11857	7295714-153743-0-0	russian.rt.com	0.000072	6	0	0
12513	18373836-575903-0-0	royallib.com	0.000008	3	0	0
11857	49905584-324706-0-0	sport24-ru.turbopages.org	0.000008	1	0	0
11857	897669-56459-0-0	pikabu-ru.turbopages.org	0.000008	2	0	0
11864	941157-244057-0-0	ussurmedia.ru	0.000008	5	0	0
11905	1418655-350994-0-0	xn--80ac1bcbgb9aa.xn--p1ai	0.000008	1	0	0
12507	2412782-419507-0-0	m.avito.ru	0.000008	77	0	0
11865	30789424-200811-0-0	sankt-peterburg.naydidom.com	0.000008	1	0	0
12507	1801033-247350-0-0	mangalib.me	0.000072	10	0	0
11868	88121411-603877-0-0	glavnoe.net	0.000072	1	0	0
11904	3849096-126345-0-0	www.gorodche.ru	0.000008	1	0	0
11868	897808-138129-0-0	aif.ru	0.000008	3	0	0
11857	36859922-255561-0-0	medside-ru.turbopages.org	0.000008	3	0	0
11864	3420410-122989-0-0	spb.regmarkets.ru	0.000008	1	0	0
12507	476196-292318-0-0	onlayn-radio.ru	0.000008	1	0	0
12507	34094750-239481-0-0	sekunda-media.turbopages.org	0.000008	1	0	0
11868	6557105-250544-0-0	www.interfax.ru	0.000072	1	0	0
11857	65101275-447162-0-0	www.fontanka.ru	0.000008	10	0	0
12507	931235-747347-0-0	my-calend.ru	0.000008	3	0	0
12507	53367389-336591-0-0	disgustingmen-com.turbopages.org	0.000008	2	0	0
11865	65101275-447110-0-0	63.ru	0.000008	1	0	0
12507	91624402-735164-0-0	day.ru	0.000008	7	0	0
12507	34206449-240681-0-0	page365-ru.turbopages.org	0.000008	1	0	0
12507	91864171-708690-0-0	www.vesti.ru	0.000072	3	0	0
9866	0-187544-0-0	m.7days.ru	0.000072	3	0	0
12507	94346353-1290933-0-0	www.hobobo.ru	0.000072	1	0	0
11865	985920-49912-0-0	www.vidal.ru	0.000008	1	0	0
11858	1906677-93092-0-0	www.tomsk.ru09.ru	0.000008	1	0	0
11865	46809208-289191-0-0	fantasywiki.ru	0.000008	1	0	0
11865	30570339-716284-0-0	rbkgames.com	0.000008	1	0	0
11868	1075270-104044-0-0	sec.reshmat.ru	0.000008	1	0	0
11858	92519834-1268160-0-0	mp3uks.ru	0.000008	2	0	0
12507	7773941-394386-0-0	avtoidei.ru	0.000008	1	0	0
11857	7632479-264937-0-0	politros-com.turbopages.org	0.000008	1	0	0
11864	42813817-276165-0-0	www.znak.com	0.000008	4	0	0
11857	7632479-149420-0-0	nation--news-ru.turbopages.org	0.000008	2	0	0
11868	1412746-1258509-0-0	www.litmir.me	0.000008	3	0	0
12507	33397807-242671-0-0	tsargrad-tv.turbopages.org	0.000008	1	0	0
11909	6612488-700985-0-0	device4game.ru	0.000008	1	0	0
11858	32778087-221882-0-0	studassistent.ru	0.000008	1	0	0
12507	2050914-1314955-0-0	portalvirtualreality.ru	0.000072	1	0	0
12507	1818286-348909-0-0	akkordam.ru	0.000008	1	0	0
11865	2412782-419506-0-0	www.avito.ru	0.000008	288	0	0
9866	0-216200-0-0	ren.tv	0.000072	1	0	0
12507	3223322-979479-0-0	vcusnyatina-com.turbopages.org	0.000008	1	0	0
12507	7687782-448212-0-0	profile.ru	0.000008	14	0	0
11865	3874619-125894-0-0	bash.im	0.000008	2	0	0
11904	87276007-592219-0-0	www.mk.ru	0.000072	2	0	0
11865	1288406-262559-0-0	orechi.ru	0.000008	1	0	0
12507	1801033-247350-0-0	mangalib.me	0.000008	1	0	0
11909	488334-32874-0-0	www.medikforum.ru	0.000008	1	0	0
11909	8176469-155098-0-0	forum.na-svyazi.ru	0.000008	1	0	0
11909	8984986-205531-0-0	fermilon.ru	0.000008	1	0	0
11904	42292320-623365-0-0	gtmods.ru	0.000008	1	0	0
11868	1431309-188212-0-0	fbm.ru	0.000072	1	0	0
11865	87936520-601046-0-0	www.mamba.ru	0.000008	1	0	0
12507	3161764-347575-0-0	invalid.expert	0.000008	1	0	0
12507	897808-247369-0-0	aif-ru.turbopages.org	0.000008	1	0	0
11860	2112549-91685-0-0	sdelaisam.mirtesen.ru	0.000008	1	0	0
11857	509629-196263-0-0	rg-ru.turbopages.org	0.000008	2	0	0
12507	494474-102843-0-0	otzovik.com	0.000008	28	0	0
11909	5290189-447983-0-0	alcdrink.ru	0.000008	1	0	0
11857	1913078-162571-0-0	life-ru.turbopages.org	0.000008	2	0	0
11868	27064358-192495-0-0	pravoved.ru	0.000008	15	0	0
11904	93178036-774550-0-0	knijky.ru	0.000008	1	0	0
12507	8240866-155688-0-0	belnovosti-by.turbopages.org	0.000008	1	0	0
12507	30025181-246104-0-0	discover24-ru.turbopages.org	0.000008	1	0	0
12507	34382785-242460-0-0	bryansk.vsn.ru	0.000008	1	0	0
11904	1306825-342094-0-0	kmory.ru	0.000008	1	0	0
11857	1560494-670776-0-0	mail.rambler.ru	0.000008	1	0	0
12513	997092-142443-0-0	travelask.ru	0.000072	1	0	0
12507	7692997-208677-0-0	exspertrieltor-ru.turbopages.org	0.000008	2	0	0
11868	91864171-708690-0-0	www.vesti.ru	0.000008	1	0	0
12512	396747-27503-0-0	www.rzn.info	0.000008	1	0	0
12507	2412782-419506-0-0	www.avito.ru	0.000008	20	0	0
11865	30544323-214422-0-0	volzsky-klass.ru	0.000008	1	0	0
11865	65101275-579437-0-0	www.parents.ru	0.000008	2	0	0
11909	465689-15411-0-0	cpv-ru.turbopages.org	0.000008	1	0	0
11905	66247072-454736-0-0	pue7.ru	0.000008	1	0	0
11860	1728009-162266-0-0	www.1tv.ru	0.000008	2	0	0
11904	2112549-91685-0-0	sovsojuz.mirtesen.ru	0.000008	1	0	0
11868	90484702-639714-0-0	csn-tv.ru	0.000008	3	0	0
11905	2112549-91685-0-0	zanimatsyaseksom.mirtesen.ru	0.000008	1	0	0
12507	7664547-442805-0-0	m-strana.ru	0.000008	3	0	0
12507	24109265-241001-0-0	dekoriko.ru	0.000008	1	0	0
11865	61657907-412959-0-0	m.spletnik.ru	0.000008	4	0	0
11865	4919919-418670-0-0	1jurnal.ru	0.000008	1	0	0
11865	30418656-638863-0-0	ru-tktk.ru	0.000008	1	0	0
11909	93261812-810117-0-0	doramalive.ru	0.000072	1	0	0
11865	91778783-709507-0-0	ukdsk.ru	0.000008	1	0	0
11909	1818286-494149-0-0	sovet-ingenera.com	0.000072	1	0	0
11868	2390032-357688-0-0	www.msn.com	0.000008	3	0	0
12507	36859922-255561-0-0	medside-ru.turbopages.org	0.000008	2	0	0
11909	92826353-753190-0-0	ru-hellomagazine-com.turbopages.org	0.000008	1	0	0
11909	36493473-331129-0-0	primpress.ru	0.000072	1	0	0
12507	91268770-705160-0-0	rus-team.turbopages.org	0.000008	1	0	0
12507	2073080-104533-0-0	mirckazok.ru	0.000008	1	0	0
11909	61657907-412959-0-0	spletnik-ru.turbopages.org	0.000008	1	0	0
11909	8176469-155098-0-0	cheb.ru	0.000008	1	0	0
12507	1606471-185733-0-0	trubanet-ru.turbopages.org	0.000008	2	0	0
11865	39613940-1257029-0-0	nordexpress.su	0.000008	1	0	0
11864	65101275-578374-0-0	www.nn.ru	0.000008	3	0	0
9864	0-187544-0-0	www.rbc.ru	0.000072	1	0	0
11858	3148565-117598-0-0	forum.vsalde.ru	0.000008	2	0	0
14056	0-187544-0-0	aboutan.ru	0.000072	1	0	0
12507	7295714-153743-0-0	russian.rt.com	0.000072	6	0	0
12507	3962685-126917-0-0	edaplus-info.turbopages.org	0.000008	1	0	0
11905	2112549-91685-0-0	supermnenie.mirtesen.ru	0.000008	1	0	0
11865	486620-11174-0-0	www.korabel.ru	0.000008	1	0	0
13686	40517-489803-0-0	www.yaplakal.com	0.000009	0	2	0
9864	0-216200-0-0	m.7days.ru	0.000072	10	0	0
12507	75879660-522081-0-0	legkovmeste.ru	0.000008	1	0	0
12507	897669-56459-0-0	pikabu-ru.turbopages.org	0.000008	4	0	0
12507	2955058-275305-0-0	x-true.info	0.000008	1	0	0
11865	54817670-382757-0-0	jokeru.ru	0.000008	1	0	0
12512	54689608-349697-0-0	design-homes.ru	0.000008	1	0	0
11865	93578668-993142-0-0	pricheska-strizhka.ru	0.000008	1	0	0
11868	66475862-459160-0-0	atas-info.turbopages.org	0.000008	1	0	0
11857	92826353-753190-0-0	ru-hellomagazine-com.turbopages.org	0.000008	1	0	0
11865	412843-647433-0-0	waysi.ru	0.000008	1	0	0
11904	8562776-752596-0-0	m.sport-express.ru	0.000072	1	0	0
11864	1913112-81265-0-0	maximum.ru	0.000008	3	0	0
11905	6438461-709396-0-0	ok.ru	0.000072	1	0	0
11864	6438395-152036-0-0	sportmail.ru	0.000008	3	0	0
12507	3293020-125354-0-0	goodhouse-ru.turbopages.org	0.000008	1	0	0
11864	32125188-427416-0-0	bloknot-volgograd.ru	0.000008	1	0	0
11909	824402-44182-0-0	www.koolinar.ru	0.000008	1	0	0
12507	93016036-755726-0-0	lafoy-ru.turbopages.org	0.000008	2	0	0
11865	94194251-1222101-0-0	dasturt.ml	0.000008	1	0	0
12507	75879660-563769-0-0	aqua-rmnt.com	0.000008	1	0	0
11864	65101275-575584-0-0	www.e1.ru	0.000008	12	0	0
12507	38661274-725920-0-0	doramiru.com	0.000008	1	0	0
12507	1199847-56816-0-0	rosbalt-ru.turbopages.org	0.000008	2	0	0
12507	36493473-331129-0-0	primpress.ru	0.000008	1	0	0
11857	33930541-237379-0-0	poembook.ru	0.000008	1	0	0
12509	31288308-214714-0-0	magya-online.ru	0.000008	1	0	0
9866	0-187544-0-0	1plus1tv.ru	0.000072	2	0	0
12512	5972331-140326-0-0	mrsss.nagradion.ru	0.000008	1	0	0
11905	1145106-64230-0-0	ote4estvo.ru	0.000008	1	0	0
11865	34754817-518275-0-0	yandex.kz	0.000008	1	0	0
11865	1448522-80672-0-0	medside.ru	0.000008	2	0	0
12507	1024057-50948-0-0	eva.ru	0.000008	1	0	0
11905	1426764-126740-0-0	files.stroyinf.ru	0.000008	1	0	0
11858	31446184-207706-0-0	www.budgetnik.ru	0.000072	1	0	0
11864	51898059-1238537-0-0	ucrazy.ru	0.000008	1	0	0
11858	1869318-79310-0-0	fincalculator.ru	0.000008	1	0	0
11868	31113536-204531-0-0	markakachestva.ru	0.000008	1	0	0
12507	73131571-1263875-0-0	tourism-interfax-ru.turbopages.org	0.000008	3	0	0
12507	51898059-1290934-0-0	playmaker24.ru	0.000008	1	0	0
12507	38661274-696305-0-0	fplib.ru	0.000008	1	0	0
12509	51898059-738543-0-0	amedia.online	0.000008	1	0	0
11905	934786-83481-0-0	puzkarapuz.ru	0.000008	1	0	0
12512	4624495-130614-0-0	www.vazhno.ru	0.000008	6	0	0
11904	498578-26254-0-0	www.kp.ru	0.000008	1	0	0
11858	51898059-1210843-0-0	bombardir.ru	0.000007	0	1	0
12507	38661274-637001-0-0	knigkindom.ru	0.000008	2	0	0
11864	65101275-577826-0-0	59.ru	0.000008	2	0	0
11908	7143672-471108-0-0	landscrona.ru	0.000008	1	0	0
11865	89739637-1206963-0-0	my-books.me	0.000008	1	0	0
14055	0-187544-0-0	www.om1.ru	0.00009	0	1	0
11864	37548038-591772-0-0	mtz-80.ru	0.000008	1	0	0
12507	1370690-411988-0-0	sochi24.tv	0.000008	1	0	0
12509	65949452-1215721-0-0	www.tourprom.ru	0.000072	1	0	0
11857	2412782-419507-0-0	m.avito.ru	0.000008	58	0	0
11904	475686-728766-0-0	amedia.online	0.000008	1	0	0
11864	1089500-149809-0-0	myslo.ru	0.000008	2	0	0
11909	1180293-56287-0-0	www.kaluga-poisk.ru	0.000008	1	0	0
13686	40517-489803-0-0	yap.ru	0.000007	1	0	0
11868	1412746-580826-0-0	www.litmir.me	0.000008	3	0	0
11865	2175662-94656-0-0	secondstreet.ru	0.000008	1	0	0
9866	0-187544-0-0	www.hobobo.ru	0.000072	1	0	0
11904	2424319-494877-0-0	xn--80aegj1b5e.xn--p1ai	0.000008	1	0	0
11864	87828462-739756-0-0	blognesco.ru	0.000008	2	0	0
11858	4392400-129253-0-0	citaty.info	0.000008	1	0	0
11909	67329156-462096-0-0	1001goroskop.ru	0.000008	1	0	0
11858	6416478-143619-0-0	kudamoscow.ru	0.000008	2	0	0
11904	509629-29789-0-0	rg.ru	0.000008	1	0	0
11858	6746465-142629-0-0	hh.ru	0.000008	1	0	0
11857	93840627-1207269-0-0	finecooking-ru.turbopages.org	0.000008	1	0	0
11904	49598775-323126-0-0	in-rating.ru	0.000008	1	0	0
12507	92209350-719747-0-0	hrapless-ru.turbopages.org	0.000008	1	0	0
11865	1202148-143337-0-0	alimenty-expert.ru	0.000008	1	0	0
11868	3003711-227354-0-0	cyrillitsa.ru	0.000008	1	0	0
12507	50264598-326188-0-0	www.radioc.ru	0.000008	2	0	0
11865	7975544-153745-0-0	tass.ru	0.000072	1	0	0
12507	28654839-192901-0-0	vkusno-i-prosto.ru	0.000008	1	0	0
11864	65101275-453859-0-0	chel.74.ru	0.000008	1	0	0
12507	7687782-448212-0-0	profile.ru	0.000072	15	0	0
11904	5878455-139705-0-0	7dach.ru	0.000072	1	0	0
12513	70390261-778636-0-0	onlinetv.one	0.000008	7	0	0
11857	7687782-448212-0-0	profile.ru	0.000072	5	0	0
11868	90717299-1316383-0-0	luun.ru	0.000008	1	0	0
12507	8381155-722027-0-0	www.belta.by	0.000008	1	0	0
12507	32175474-1227264-0-0	mymammy-info.turbopages.org	0.000008	1	0	0
12507	503611-30324-0-0	buzuluk.blizko.ru	0.000008	1	0	0
11857	5092531-241790-0-0	ura-news.turbopages.org	0.000008	2	0	0
11904	30477641-200831-0-0	www.trud.com	0.000008	2	0	0
12512	57648680-392466-0-0	onrealt.ru	0.000008	1	0	0
9866	0-216200-0-0	www.hobobo.ru	0.000072	3	0	0
11865	53696676-474659-0-0	granta-service.ru	0.000008	1	0	0
12509	73222433-496671-0-0	besit.d3.ru	0.000008	1	0	0
11905	2112549-91685-0-0	welemudr.mirtesen.ru	0.000008	1	0	0
12507	415564-266395-0-0	devushkino.ru	0.000008	1	0	0
11864	937881-114546-0-0	omsk.mlsn.ru	0.000008	1	0	0
11857	7132534-974242-0-0	vannajakomnata-ru.turbopages.org	0.000008	1	0	0
12507	34527282-272177-0-0	simferopol.regreestr.com	0.000008	1	0	0
11865	69816178-613454-0-0	school48tmn.ru	0.000008	1	0	0
12507	31446184-207678-0-0	glavbukh-ru.turbopages.org	0.000008	1	0	0
11858	7867549-265996-0-0	namtv.ru	0.000008	1	0	0
12507	2032642-445114-0-0	myfinlandia.ru	0.000008	1	0	0
12507	5480645-142080-0-0	www.babyblog.ru	0.000008	1	0	0
12507	64297897-441824-0-0	spasibovsem-ru.turbopages.org	0.000008	1	0	0
11865	5387468-155559-0-0	zebra-tv.ru	0.000008	1	0	0
13686	40621-605301-0-0	vsenarodnaya-medicina.ru	0.000007	1	0	0
11858	8625293-179817-0-0	www.ontvtime.ru	0.000008	1	0	0
11865	38661274-635651-0-0	mir-knigi.info	0.000008	1	0	0
11865	66777237-686681-0-0	flywoman.ru	0.000008	1	0	0
12509	91864171-708690-0-0	www.vesti.ru	0.00009	0	1	0
12507	5451716-137716-0-0	informing-ru.turbopages.org	0.000008	1	0	0
11904	369305-1038-0-0	3dnews.ru	0.000008	2	0	0
11909	89976696-630193-0-0	overclockers-ru.turbopages.org	0.000008	1	0	0
11857	42813817-276165-0-0	www.znak.com	0.000008	7	0	0
13677	40621-491126-0-0	history-doc.ru	0.000007	1	0	0
12507	3598907-330905-0-0	vokrug-tv.turbopages.org	0.000008	1	0	0
11864	65101275-578759-0-0	www.marieclaire.ru	0.000008	2	0	0
11904	1846361-213694-0-0	xn--80ahyhwag.xn--p1ai	0.000008	1	0	0
12512	51898059-1212039-0-0	doramy.top	0.000008	1	0	0
11909	63929029-430435-0-0	snob-ru.turbopages.org	0.000008	1	0	0
11860	56953682-478194-0-0	www.inmyroom.ru	0.000008	1	0	0
11868	2390032-357673-0-0	www.msn.com	0.000008	1	0	0
12507	1322075-600562-0-0	truehunter-ru.turbopages.org	0.000008	1	0	0
11858	1024057-50948-0-0	eva.ru	0.000008	2	0	0
12507	62686532-458225-0-0	fuzzmusic.ru	0.000008	1	0	0
11904	951248-127611-0-0	infox.sg	0.000008	1	0	0
12509	1024057-50948-0-0	eva.ru	0.000008	1	0	0
11904	979409-284786-0-0	shop-lot.ru	0.000008	1	0	0
11865	1985182-337607-0-0	kakoperator.ru	0.000008	1	0	0
11868	91320665-688690-0-0	yastatic.net	0.000072	4	0	0
11909	33397807-230529-0-0	tsargrad.tv	0.000008	1	0	0
11857	2441487-107386-0-0	bryansktoday-ru.turbopages.org	0.000008	2	0	0
11864	6438395-152035-0-0	pogoda.mail.ru	0.000008	3	0	0
12507	6734741-154950-0-0	drive2-ru.turbopages.org	0.000008	5	0	0
11865	897669-56459-0-0	pikabu.ru	0.000008	6	0	0
11865	1081974-53448-0-0	5koleso.ru	0.000008	2	0	0
11868	6083103-386355-0-0	ok-crimea.ru	0.000008	1	0	0
11865	779377-64652-0-0	nacekomie.ru	0.000008	1	0	0
12507	51452342-400489-0-0	t.newzfeed.ru	0.000072	1	0	0
11860	88404385-650585-0-0	xn--90aibchjc2ankc9k.xn--p1ai	0.000008	1	0	0
11865	69816178-629399-0-0	kupi-krasku.ru	0.000008	1	0	0
11868	1728009-162266-0-0	www.1tv.ru	0.000008	1	0	0
12507	7458456-452286-0-0	xn--b1advjcbct.xn--p1ai	0.000008	1	0	0
11857	941157-244057-0-0	ussurmedia.ru	0.000008	1	0	0
11865	53871116-732413-0-0	catalogl.ru	0.000008	1	0	0
11857	91531139-1287754-0-0	severdv.ru	0.000008	1	0	0
11868	509780-660426-0-0	v102.ru	0.000008	2	0	0
11905	426992-30591-0-0	internet-law.ru	0.000008	1	0	0
11868	965566-175007-0-0	nplus1.ru	0.000008	1	0	0
11905	2112549-91685-0-0	kp.mirtesen.ru	0.000008	1	0	0
11865	28654839-192901-0-0	vkusno-i-prosto.ru	0.000008	1	0	0
13685	41985-613149-0-0	nversia.ru	0.000061	1	0	0
11909	1848013-444350-0-0	privet-rostov.ru	0.000008	3	0	0
13686	40517-489803-0-0	www.yaplakal.com	0.000007	2	0	0
11857	92519834-734981-0-0	lightaudio.ru	0.000008	4	0	0
11864	75907078-916410-0-0	fotostrana.ru	0.000008	1	0	0
11858	360988-499315-0-0	diary.ru	0.000008	1	0	0
11864	32125188-428028-0-0	bloknot-taganrog.ru	0.000008	1	0	0
12509	503611-30324-0-0	buzuluk.blizko.ru	0.000008	1	0	0
11865	54817670-1312827-0-0	tale.su	0.000008	1	0	0
12512	5633386-138917-0-0	myslo.ru	0.000008	1	0	0
11909	39315718-724782-0-0	informing-ru.turbopages.org	0.000008	1	0	0
9866	0-187544-0-0	www.newkaliningrad.ru	0.000072	1	0	0
11865	91778881-1242277-0-0	ru-shkola.ru	0.000008	2	0	0
11868	87276007-592221-0-0	www.womanhit.ru	0.000008	1	0	0
11858	42813817-276165-0-0	www.znak.com	0.000008	3	0	0
14055	0-187544-0-0	www.om1.ru	0.000072	1	0	0
11864	65101275-576494-0-0	ufa1.ru	0.000008	1	0	0
12507	5387468-155559-0-0	zebra--tv-ru.turbopages.org	0.000008	1	0	0
9864	0-216200-0-0	www.eg.ru	0.000072	1	0	0
12507	16951930-184419-0-0	kitchendecorium-ru.turbopages.org	0.000008	3	0	0
12509	91864171-708690-0-0	www.vesti.ru	0.000072	10	0	0
11858	32519838-219184-0-0	presentation-creation.ru	0.000008	1	0	0
11858	5764493-278531-0-0	kineshemec.ru	0.000008	1	0	0
12512	49623587-700970-0-0	www.antik-forum.ru	0.000008	1	0	0
12507	39315718-724782-0-0	informing-ru.turbopages.org	0.000008	1	0	0
12507	50264598-333111-0-0	www.100i6fm.ru	0.000008	2	0	0
11857	1756154-113576-0-0	sibkray-ru.turbopages.org	0.000008	1	0	0
11868	63819103-429409-0-0	m.galya.ru	0.000008	1	0	0
11865	1782993-993456-0-0	rubtrans.ru	0.000008	1	0	0
11904	1868975-79250-0-0	pefl.ru	0.000008	1	0	0
11909	87276007-592219-0-0	www.mk.ru	0.000008	2	0	0
11909	897795-259376-0-0	www.ixbt.com	0.000008	1	0	0
12512	6746465-142629-0-0	hh.ru	0.000008	3	0	0
11904	67572452-463347-0-0	track24.ru	0.000008	6	0	0
11860	498578-26254-0-0	www.kp.ru	0.000072	1	0	0
13683	42666-622170-0-0	profile.ru	0.000061	6	0	0
11858	994452-53185-0-0	news.sarbc.ru	0.000008	2	0	0
11857	974947-49517-0-0	9111-ru.turbopages.org	0.000008	2	0	0
12507	1650869-235105-0-0	novayagazeta-ru.turbopages.org	0.000008	1	0	0
11909	7286645-580131-0-0	tech.onliner.by	0.000008	1	0	0
11858	49524641-326958-0-0	dokipedia.ru	0.000008	1	0	0
11868	71813031-545728-0-0	www.gismeteo.ru	0.000008	5	0	0
12507	94346353-1232639-0-0	nauka.club	0.000072	1	0	0
11857	65101275-447169-0-0	ngs-ru.turbopages.org	0.000008	1	0	0
11909	91622640-695451-0-0	moykamen.com	0.000008	1	0	0
12512	6746465-142629-0-0	korolev.hh.ru	0.000008	1	0	0
9866	0-187544-0-0	www.eg.ru	0.000072	4	0	0
9864	0-187544-0-0	atastv.ru	0.000072	3	0	0
11857	87936520-601046-0-0	love.mail.ru	0.000008	9	0	0
12507	897795-259376-0-0	www.ixbt.com	0.000008	2	0	0
11858	65101275-575584-0-0	www.e1.ru	0.000008	4	0	0
11865	887280-60888-0-0	proural.info	0.000072	1	0	0
12507	407197-141296-0-0	ichip.ru	0.000008	2	0	0
11865	30570339-653659-0-0	moevideo.biz	0.000008	2	0	0
12512	87276007-592219-0-0	www.mk.ru	0.000072	3	0	0
11864	6438395-147025-0-0	my.mail.ru	0.000008	9	0	0
12507	7517911-148375-0-0	5--tv-ru.turbopages.org	0.000008	1	0	0
12507	504193-28011-0-0	zr-ru.turbopages.org	0.000008	3	0	0
11909	7687782-448212-0-0	profile.ru	0.000072	1	0	0
12509	5601425-267201-0-0	penzanews.ru	0.000008	4	0	0
11865	91774534-1244766-0-0	npfgeoprom.ru	0.000008	2	0	0
11857	32828127-1249418-0-0	rust-1.ru	0.000008	1	0	0
11904	439048-59888-0-0	gazeta.spb.ru	0.000008	1	0	0
12507	2208221-291038-0-0	freelancehack.ru	0.000008	1	0	0
11864	1846658-127884-0-0	dota2.ru	0.000008	3	0	0
12507	5633386-138917-0-0	myslo.ru	0.000008	4	0	0
11858	51898059-560025-0-0	www.infpol.ru	0.000008	1	0	0
11904	1322075-70350-0-0	fb.ru	0.000008	1	0	0
11865	6557105-250544-0-0	www.interfax.ru	0.000008	1	0	0
12507	90720690-643887-0-0	mir-knig.com	0.000008	13	0	0
11904	3129887-98590-0-0	skidka-msk.ru	0.000008	1	0	0
11865	2239710-246680-0-0	vyborok.com	0.000008	3	0	0
11904	7302091-190794-0-0	yurgorod.ru	0.000008	1	0	0
12507	515118-235116-0-0	povar-ru.turbopages.org	0.000008	1	0	0
12507	1322075-70350-0-0	fb-ru.turbopages.org	0.000008	4	0	0
12509	65949452-453151-0-0	echo.msk.ru	0.000008	4	0	0
12509	985920-49912-0-0	www.vidal.ru	0.000008	1	0	0
12507	68133542-467211-0-0	osnmedia-ru.turbopages.org	0.000008	4	0	0
11865	54770757-1321634-0-0	hotel.trewq.ru	0.000008	1	0	0
11905	2112549-91685-0-0	labuda.mirtesen.ru	0.000008	1	0	0
8669	d02ff298d7e9598c6b823222406f7da7-4ffa511090f592d2d	101.ru	0.000072	1	0	0
11909	629221-59016-0-0	www.etomesto.ru	0.000008	1	0	0
12507	65101275-578603-0-0	www.fontanka.ru	0.000008	2	0	0
12507	15075416-182841-0-0	vestiprim.ru	0.000008	1	0	0
12507	91774418-1243677-0-0	avto--layn-ru.turbopages.org	0.000008	1	0	0
12507	93736421-989341-0-0	kulinarenok-ru.turbopages.org	0.000008	4	0	0
11865	32279266-604358-0-0	mel.fm	0.000008	1	0	0
12507	2239710-246680-0-0	vyborok.com	0.000008	2	0	0
12509	65949452-515704-0-0	teleprogramma.pro	0.000008	4	0	0
11865	9577719-485067-0-0	findmerr.com	0.000008	1	0	0
11865	91774534-710351-0-0	law-inside.ru	0.000008	3	0	0
9011	42917-611970-0-0	m.pg21.ru	0.000061	1	0	0
11905	2112549-91685-0-0	opolitike.mirtesen.ru	0.000008	1	0	0
12507	24063418-483483-0-0	manrule.ru	0.000008	1	0	0
11865	32125188-427416-0-0	bloknot-volgograd.ru	0.000008	2	0	0
12512	420776-2111-0-0	club443.ru	0.000008	1	0	0
11909	1322075-70350-0-0	fb-ru.turbopages.org	0.000008	1	0	0
11865	1024057-50948-0-0	eva.ru	0.000008	1	0	0
11909	2029124-87589-0-0	www.vzsar.ru	0.000008	3	0	0
14055	0-187544-0-0	deita.ru	0.000072	2	0	0
11909	498578-196262-0-0	kp-ru.turbopages.org	0.000008	1	0	0
11904	92614311-739883-0-0	newsland.com	0.000008	1	0	0
9866	0-187544-0-0	www.mk.ru	0.000072	1	0	0
11904	2239710-326089-0-0	kamneteka.com	0.000008	1	0	0
11909	37152658-277971-0-0	in-contri.ru	0.000008	1	0	0
11857	36493473-331594-0-0	konkurent.ru	0.000008	1	0	0
11864	3242934-119708-0-0	agrobazar.ru	0.000008	1	0	0
11857	1560494-348687-0-0	tvin270584-livejournal-com.turbopages.org	0.000008	1	0	0
11904	8209149-155453-0-0	fisher.spb.ru	0.000008	2	0	0
11860	2112549-91685-0-0	sovsojuz.mirtesen.ru	0.000008	1	0	0
9866	0-187544-0-0	tardis.fandom.com	0.000072	1	0	0
11904	68133542-467211-0-0	www.osnmedia.ru	0.000008	1	0	0
12507	93836300-1210023-0-0	www.remotvet.ru	0.000008	3	0	0
11909	93335226-830873-0-0	www.eg.ru	0.000008	4	0	0
9868	0-187544-0-0	knigi-audio.com	0.000072	1	0	0
11857	1560494-344753-0-0	gazeta-ru.turbopages.org	0.000008	5	0	0
11865	91774418-1244654-0-0	tokman.ru	0.000008	2	0	0
11865	92126113-715691-0-0	stoneforest.ru	0.000008	1	0	0
11909	7234779-240630-0-0	kommersant-ru.turbopages.org	0.000008	1	0	0
12512	42813817-276165-0-0	www.znak.com	0.000008	3	0	0
12507	6454873-758063-0-0	pythobyte.com	0.000008	1	0	0
11865	88690383-611984-0-0	jaomix.ru	0.000008	2	0	0
12507	16951930-184419-0-0	kitchendecorium.ru	0.000008	1	0	0
12507	5165396-135358-0-0	newsroom24-ru.turbopages.org	0.000008	2	0	0
11865	93918555-993875-0-0	www.intex-press.by	0.000008	1	0	0
11858	65101275-576079-0-0	161.ru	0.000008	1	0	0
11865	8562776-1276499-0-0	www.marieclaire.ru	0.000008	1	0	0
11905	2013471-87094-0-0	onlinetestpad.com	0.000008	3	0	0
11868	93918555-993875-0-0	www.intex-press.by	0.000008	1	0	0
11868	80793344-619053-0-0	foto-banki.info	0.000008	1	0	0
11865	2195244-95573-0-0	sport-weekend.com	0.000008	1	0	0
9866	0-216200-0-0	m.7days.ru	0.000072	11	0	0
12367	0-187544-0-0	www.eg.ru	0.000072	1	0	0
12507	498578-196262-0-0	kp-ru.turbopages.org	0.000008	8	0	0
11865	61326047-410657-0-0	www.zelenograd.ru	0.000008	3	0	0
12507	65101275-479384-0-0	fontanka-ru.turbopages.org	0.000008	1	0	0
11860	71813031-490450-0-0	www.gismeteo.ru	0.000008	6	0	0
11865	70028346-490244-0-0	offshoreview.eu	0.000008	1	0	0
11904	450596-9524-0-0	www.profinance.ru	0.000008	1	0	0
12507	482002-23934-0-0	www.volzsky.ru	0.000072	1	0	0
11864	65101275-577872-0-0	74.ru	0.000008	5	0	0
11909	87276007-592219-0-0	www.mk.ru	0.000072	3	0	0
12507	38661274-635651-0-0	mir-knigi.info	0.000008	3	0	0
11865	5584162-138578-0-0	www.anekdot.ru	0.000008	2	0	0
11865	42008187-1261028-0-0	podelunchik.ru	0.000008	2	0	0
12512	492185-414669-0-0	www.yuga.ru	0.000008	1	0	0
12367	0-187544-0-0	supergirl.fandom.com	0.000072	1	0	0
11868	1180293-56287-0-0	www.kaluga-poisk.ru	0.000008	4	0	0
12507	7295714-153743-0-0	russian.rt.com	0.000008	5	0	0
11858	7404181-192694-0-0	moyadacha.temaretik.com	0.000008	1	0	0
12507	14477514-740793-0-0	sib-fm.turbopages.org	0.000008	1	0	0
11857	8108380-460110-0-0	prohomecredit.com	0.000008	1	0	0
11909	552816-1451-0-0	www.kulina.ru	0.000008	1	0	0
12507	25583872-542864-0-0	itsyourshop.ru	0.000008	2	0	0
12507	30414588-284610-0-0	magija--vkusa-ru.turbopages.org	0.000008	1	0	0
12509	65949452-552089-0-0	www.penzainform.ru	0.000008	1	0	0
11857	2047853-448511-0-0	tekst-pesni.online	0.000008	1	0	0
12507	509629-486824-0-0	rg-ru.turbopages.org	0.000008	4	0	0
12512	75976372-522842-0-0	inline.ru	0.000008	1	0	0
11905	2112549-91685-0-0	belayaistoriya.mirtesen.ru	0.000008	1	0	0
12507	35760745-250343-0-0	countryhouse.pro	0.000072	1	0	0
11865	95227450-1299451-0-0	gazeta-unp.ru	0.000072	1	0	0
11909	25224713-191065-0-0	spektr.press	0.000008	1	0	0
11858	91093013-652489-0-0	qestigra.ru	0.000008	1	0	0
11904	3129887-56854-0-0	www.ekzotika.com	0.000008	1	0	0
11905	1600226-68252-0-0	tambov.bezformata.com	0.000008	1	0	0
11858	93087228-768550-0-0	www.expertcen.ru	0.000008	2	0	0
11868	8562776-751699-0-0	regnum.ru	0.000008	1	0	0
11868	66475862-459160-0-0	muksun-fm.turbopages.org	0.000008	1	0	0
12507	4682439-130997-0-0	sevastopol-su.turbopages.org	0.000008	3	0	0
11791	65bd063b3720d703fa73072dcabb277a-9c78d4358b08e3587	house-doc.ru	0.000008	1	0	0
11909	498578-284388-0-0	www.kp.ru	0.000008	1	0	0
11905	2112549-91685-0-0	glagol.mirtesen.ru	0.000008	1	0	0
11858	39769321-506418-0-0	old.autopiter.ru	0.000008	3	0	0
11909	6438395-353890-0-0	tv.mail.ru	0.000008	2	0	0
11868	434286-67013-0-0	astroscope.ru	0.000008	1	0	0
12509	65949452-515704-0-0	teleprogramma.pro	0.000072	3	0	0
12512	1726359-259771-0-0	kubinka.miltor.ru	0.000008	1	0	0
11865	22778023-606326-0-0	list-of-movies.ru	0.000008	1	0	0
11864	80316613-550035-0-0	kurskcity.ru	0.000008	1	0	0
11865	91356535-1267952-0-0	homechart.ru	0.000008	1	0	0
11791	6f74b1d4b2ed506a17af3512d3fe8687-bd7d3463c663a2c35	skam.online	0.000072	1	0	0
11858	1386626-586344-0-0	findanime.net	0.000072	1	0	0
11864	6438395-248298-0-0	youla.ru	0.000008	12	0	0
11909	1399964-1310450-0-0	mir-ogorodnikov.ru	0.000008	1	0	0
11857	31023497-255643-0-0	zachestnyibiznes.ru	0.000008	5	0	0
12509	1647838-69256-0-0	www.shkolazhizni.ru	0.000072	1	0	0
11868	49905584-324706-0-0	sport24.ru	0.000008	1	0	0
11904	87276007-592219-0-0	www.mk.ru	0.000008	1	0	0
12367	0-187544-0-0	deita.ru	0.000072	2	0	0
11858	5332802-136546-0-0	bel.kupiprodai.ru	0.000008	1	0	0
10009	65bd063b3720d703fa73072dcabb277a-9c78d4358b08e3587	zetserial.online	0.000008	1	0	0
11858	93721351-983592-0-0	mensby.com	0.000072	1	0	0
12507	91824166-709691-0-0	mebel--trade-su.turbopages.org	0.000008	1	0	0
11858	1055963-816214-0-0	spaces.im	0.000008	1	0	0
9869	0-187544-0-0	deita.ru	0.000072	2	0	0
8663	65bd063b3720d703fa73072dcabb277a-b3da82ee89b108d3a	www.gazprommash.ru	0.000008	1	0	0
9865	0-187544-0-0	atastv.ru	0.000077	0	1	0
12507	3291206-727067-0-0	nversia-ru.turbopages.org	0.000008	1	0	0
11857	39420173-263935-0-0	e-news.su	0.000008	1	0	0
12507	2960135-423317-0-0	konkurent.ru	0.000008	1	0	0
11909	36493473-331129-0-0	primpress.ru	0.000008	1	0	0
11865	89739637-1263037-0-0	www.eg.ru	0.000008	2	0	0
11791	6f74b1d4b2ed506a17af3512d3fe8687-7a4768dd42d5d74b9	turkru.tv	0.000072	1	0	0
14056	0-216200-0-0	tass.ru	0.000072	5	0	0
11791	65bd063b3720d703fa73072dcabb277a-9c78d4358b08e3587	www.animeonline.cc	0.000072	1	0	0
11865	6637323-142353-0-0	cherinfo.ru	0.000008	1	0	0
11858	1728009-162266-0-0	www.1tv.ru	0.000008	1	0	0
11865	27008115-483243-0-0	ulibky.ru	0.000008	1	0	0
9866	0-187544-0-0	clck.lentainform.com	0.000072	1	0	0
12507	32657900-220340-0-0	iz-ru.turbopages.org	0.000008	6	0	0
12507	89973959-630149-0-0	wikifood.online	0.000008	1	0	0
11857	1560494-225219-0-0	news-rambler-ru.turbopages.org	0.000008	1	0	0
11909	421377-258196-0-0	b17-ru.turbopages.org	0.000008	1	0	0
11864	7773941-494508-0-0	moyavtodom.ru	0.000008	1	0	0
12507	94848661-1268895-0-0	povar-ru.turbopages.org	0.000008	8	0	0
12507	54464709-342612-0-0	korzik.net	0.000008	2	0	0
11909	36880868-255677-0-0	monolith.in.ua	0.000008	1	0	0
11909	504193-28011-0-0	zr-ru.turbopages.org	0.000008	1	0	0
12507	835165-326890-0-0	creditvsbervbanke.ru	0.000008	1	0	0
12507	424606-183971-0-0	forum-wec.com	0.000008	1	0	0
11868	371996-604547-0-0	lapkins.ru	0.000008	2	0	0
11860	2390032-357688-0-0	www.msn.com	0.000008	13	0	0
12507	24111355-1291364-0-0	readmanga.io	0.000008	4	0	0
11865	6734741-142545-0-0	www.drive2.ru	0.000008	1	0	0
11858	51898059-974103-0-0	gisher.org	0.000072	1	0	0
12507	42813817-276165-0-0	www.znak.com	0.000008	4	0	0
12507	1624597-68828-0-0	ptzgovorit.ru	0.000008	1	0	0
12507	7668328-149888-0-0	nalog--nalog-ru.turbopages.org	0.000008	1	0	0
11864	65101275-447162-0-0	www.fontanka.ru	0.000008	1	0	0
12507	3281497-226986-0-0	sport--express-ru.turbopages.org	0.000008	2	0	0
11868	49608361-418964-0-0	1000.menu	0.000008	1	0	0
11857	36882225-418261-0-0	auto.sakh.com	0.000008	1	0	0
11858	2412782-419506-0-0	www.avito.ru	0.000008	171	0	0
11865	1600226-68252-0-0	kemerovo.bezformata.com	0.000008	1	0	0
11858	2201084-424608-0-0	voennoedelo.com	0.000008	2	0	0
12507	7762060-209389-0-0	fclmnews.ru	0.000008	1	0	0
11858	57648680-392466-0-0	onrealt.ru	0.000008	2	0	0
12513	2390032-356910-0-0	www.msn.com	0.000008	1	0	0
11865	38661274-637001-0-0	knigkindom.ru	0.000008	1	0	0
11864	34648271-442801-0-0	izhevsk.propartner.ru	0.000008	1	0	0
12367	0-216200-0-0	tass.ru	0.000072	1	0	0
12507	2013471-87094-0-0	onlinetestpad.com	0.000008	1	0	0
11857	1560494-403965-0-0	quto-ru.turbopages.org	0.000008	1	0	0
11857	2103170-497885-0-0	dni24-com.turbopages.org	0.000008	1	0	0
12507	58546149-395935-0-0	geostart.ru	0.000008	1	0	0
12507	24063418-190744-0-0	vplate.ru	0.000072	2	0	0
11857	71191770-486682-0-0	mainstyles.ru	0.000008	1	0	0
11857	728568-69138-0-0	pozdravok.ru	0.000008	2	0	0
11860	18373836-575903-0-0	royallib.com	0.000008	1	0	0
11909	30570339-658609-0-0	m.7days.ru	0.000072	1	0	0
11865	93006193-755265-0-0	domzastroika.ru	0.000072	1	0	0
12507	7632479-149423-0-0	rueconomics.ru	0.000008	1	0	0
11860	1647838-69256-0-0	www.shkolazhizni.ru	0.000072	1	0	0
11909	56408691-382093-0-0	rb.ru	0.000008	1	0	0
11858	65101275-576144-0-0	29.ru	0.000008	1	0	0
11864	31446184-704553-0-0	www.buhsoft.ru	0.000008	1	0	0
11864	65101275-575586-0-0	ngs.ru	0.000008	6	0	0
11864	91848301-1249099-0-0	gryadki.com	0.000008	1	0	0
11909	56663774-602227-0-0	m.7days.ru	0.000072	4	0	0
11857	43143593-386155-0-0	steakandgrill-ru.turbopages.org	0.000008	1	0	0
11864	6438395-152100-0-0	dom.mail.ru	0.000008	1	0	0
11865	2745-477508-0-0	www.forumhouse.ru	0.000008	1	0	0
11909	3598907-324656-0-0	7days-ru.turbopages.org	0.000008	1	0	0
11905	2112549-91685-0-0	naprirode.mirtesen.ru	0.000008	2	0	0
12507	1602544-173131-0-0	www.snowmobile.ru	0.000008	1	0	0
14056	0-187544-0-0	clck.lentainform.com	0.000072	1	0	0
11864	51898059-487857-0-0	kg-portal.ru	0.000008	3	0	0
12507	8240866-155688-0-0	www.belnovosti.by	0.000008	13	0	0
11858	74149893-515015-0-0	obedient.forum24.ru	0.000008	1	0	0
12507	91083793-1238391-0-0	ru.jobsora.com	0.000008	2	0	0
12509	80067900-556630-0-0	belnovosti-ru.turbopages.org	0.000008	1	0	0
11865	1333887-60247-0-0	www.mahnem.ru	0.000008	1	0	0
11868	947503-35996-0-0	detdom-vidnoe.ru	0.000008	1	0	0
12512	51898059-1263934-0-0	podborkino.com	0.000008	1	0	0
12507	9093518-163242-0-0	www.ozersk74.ru	0.000008	4	0	0
12507	4482117-129967-0-0	m.aftershock.news	0.000008	1	0	0
12509	5092869-134625-0-0	echo.msk.ru	0.000008	2	0	0
12507	2050914-1314955-0-0	portalvirtualreality.ru	0.000008	2	0	0
11909	5432817-289920-0-0	7ogorod.ru	0.000072	1	0	0
12507	93584132-938732-0-0	wer-ru.turbopages.org	0.000008	1	0	0
12507	2076965-90081-0-0	calculator-credit.ru	0.000008	1	0	0
12507	439048-701006-0-0	gazeta-spb-ru.turbopages.org	0.000008	1	0	0
11791	10-844-0-0	free-otvet.ru	0.000008	1	0	0
12507	3598907-329895-0-0	ntv-ru.turbopages.org	0.000008	2	0	0
11865	27846208-192432-0-0	zhigulevsk.spravka.city	0.000008	1	0	0
11909	1024057-50948-0-0	eva.ru	0.000008	1	0	0
12507	1616916-722901-0-0	royalcheese-ru.turbopages.org	0.000008	1	0	0
9866	0-187544-0-0	terraria.fandom.com	0.000072	1	0	0
9864	0-216200-0-0	rossaprimavera.ru	0.000072	1	0	0
11857	32694713-220980-0-0	ingvarr.net.ru	0.000008	1	0	0
11904	24063418-242868-0-0	stroy-podskazka.ru	0.000072	2	0	0
11858	7499692-148265-0-0	m.soccer.ru	0.000008	1	0	0
11864	4345125-129023-0-0	infokam.su	0.000008	1	0	0
11858	25702679-191501-0-0	kursk.proshoper.ru	0.000008	1	0	0
11868	1560494-670776-0-0	mail.rambler.ru	0.000008	3	0	0
11857	7664547-442805-0-0	m--strana-ru.turbopages.org	0.000008	1	0	0
11858	31023497-255643-0-0	zachestnyibiznes.ru	0.000008	1	0	0
11857	71885840-490795-0-0	www.nur.kz	0.000008	1	0	0
11865	35380507-248499-0-0	krutimotor.ru	0.000008	1	0	0
11858	49657268-323488-0-0	mastergrad.com	0.000008	1	0	0
11864	6438395-151536-0-0	health.mail.ru	0.000008	1	0	0
12507	1448522-80672-0-0	medside.ru	0.000008	2	0	0
12507	407197-91828-0-0	burdastyle.ru	0.000008	2	0	0
11865	522469-74936-0-0	www.qrz.ru	0.000008	1	0	0
11865	93335226-830873-0-0	www.eg.ru	0.000072	3	0	0
11905	2112549-91685-0-0	social.trendymen.ru	0.000008	1	0	0
11857	7687782-448212-0-0	profile.ru	0.000008	7	0	0
12507	69492613-475158-0-0	dp-ru.turbopages.org	0.000008	1	0	0
11858	7386531-187626-0-0	good-tips.pro	0.000008	1	0	0
12507	66769965-560096-0-0	memepedia.ru	0.000008	1	0	0
11904	8087524-438288-0-0	shikimori.one	0.000008	1	0	0
12507	54367139-341551-0-0	live24.ru	0.000072	1	0	0
11904	51535399-330489-0-0	v-tagile.ru	0.000008	1	0	0
11909	52754553-334303-0-0	gazeta.a42.ru	0.000008	1	0	0
11909	36901705-255776-0-0	yarreg-ru.turbopages.org	0.000008	1	0	0
11864	6438395-143097-0-0	otvet.mail.ru	0.000008	3	0	0
12509	91623033-683453-0-0	kirov.irr.ru	0.000008	1	0	0
11865	12113542-987071-0-0	profibrus.ru	0.000008	1	0	0
12507	629221-85314-0-0	www.7not.ru	0.000008	1	0	0
11858	6374880-141239-0-0	4pda.to	0.000008	1	0	0
12507	2011141-839801-0-0	www.gismeteo.kz	0.000008	1	0	0
11865	53696676-497074-0-0	spectehros.ru	0.000008	2	0	0
12509	391591-136601-0-0	forum.vashdom.ru	0.000008	1	0	0
9012	35253-620156-0-0	doctorpiter.ru	0.000061	1	0	0
11909	37786383-259198-0-0	www.bolshoyvopros.ru	0.000008	3	0	0
11868	548057-52397-0-0	astromeridian-ru.turbopages.org	0.000008	1	0	0
11865	34565813-752987-0-0	poztello.ru	0.000008	1	0	0
11905	5584162-138578-0-0	www.anekdot.ru	0.000008	2	0	0
11857	1428778-62775-0-0	forum.littleone.ru	0.000008	2	0	0
12507	2047853-448511-0-0	tekst-pesni.online	0.000008	1	0	0
11857	3598907-324656-0-0	7days-ru.turbopages.org	0.000008	2	0	0
11868	35650980-513061-0-0	ktv-ray.ru	0.000008	3	0	0
9866	0-187544-0-0	www.hobobo.ru	0.000113	1	1	0
11865	55453669-352041-0-0	woman-psy.com	0.000008	3	0	0
9864	0-187544-0-0	m.7days.ru	0.000072	3	0	0
12507	3049060-115805-0-0	ng-ru.turbopages.org	0.000008	1	0	0
11865	91774534-698622-0-0	tbti.ru	0.000008	1	0	0
12507	8381155-721605-0-0	bobsoccer.ru	0.000008	2	0	0
11868	87276007-592219-0-0	www.mk.ru	0.000072	1	0	0
12507	33397807-1216687-0-0	m.novorosinform.org	0.000008	1	0	0
12507	92603925-745623-0-0	bookz.ru	0.000008	1	0	0
11865	65101275-579334-0-0	www.vokrugsveta.ru	0.000008	3	0	0
11858	1171865-102938-0-0	samara-papa.ru	0.000008	1	0	0
11905	2112549-91685-0-0	s30812293946.mirtesen.ru	0.000008	3	0	0
11865	2406672-131581-0-0	punkti-priema.ru	0.000008	1	0	0
11909	7235217-255279-0-0	dachamechty.ru	0.000072	1	0	0
11868	87276007-703935-0-0	ohotniki-ru.turbopages.org	0.000008	2	0	0
11904	48821797-320410-0-0	tula.gde.ru	0.000008	1	0	0
11905	2112549-91685-0-0	kvartira.mirtesen.ru	0.000008	1	0	0
11865	3172617-383453-0-0	ekat-otzyv.ru	0.000008	1	0	0
11865	94346353-1232639-0-0	nauka.club	0.000072	2	0	0
11904	32781733-221907-0-0	stavropol.move.ru	0.000008	1	0	0
12507	396626-1140-0-0	blagoveshensk.stroyportal.ru	0.000008	1	0	0
11908	8282009-159294-0-0	vk.com	0.000008	1	0	0
12507	4333524-732646-0-0	el--klinika-ru.turbopages.org	0.000008	2	0	0
12513	7975544-153745-0-0	tass.ru	0.000008	1	0	0
11868	55985132-357901-0-0	rk.karelia.ru	0.000008	1	0	0
12507	38661274-725731-0-0	mir-knigi.net	0.000008	2	0	0
12507	8381155-722011-0-0	mag-103-by.turbopages.org	0.000008	1	0	0
12507	5350121-136704-0-0	football.kulichki.net	0.000008	1	0	0
12507	1374984-732752-0-0	sprashivalka.com	0.000008	2	0	0
12507	8379705-159020-0-0	smart-lab.ru	0.000008	1	0	0
12512	91072570-651429-0-0	kanobu.ru	0.000008	1	0	0
12507	91624402-825024-0-0	fedpress.ru	0.000008	1	0	0
12507	9132820-163508-0-0	kurer--sreda-ru.turbopages.org	0.000008	3	0	0
11909	2308841-450317-0-0	mostbeautygirl.ru	0.000008	1	0	0
11865	95144209-1290842-0-0	abesu.org	0.000008	1	0	0
11864	6557105-250544-0-0	www.interfax.ru	0.000072	3	0	0
12507	1756154-113576-0-0	sibkray-ru.turbopages.org	0.000008	2	0	0
11865	30570339-681423-0-0	moevideo.biz	0.000008	1	0	0
12368	0-187544-0-0	klops.ru	0.000072	1	0	0
11868	8562776-752677-0-0	megapolisonline.ru	0.000008	1	0	0
11857	94765604-1263597-0-0	sprosivracha.com	0.000008	1	0	0
12512	1718328-141569-0-0	cont.ws	0.000008	1	0	0
12507	1769765-73403-0-0	www.kp40.ru	0.000008	1	0	0
12507	38661274-742751-0-0	books-lib.com	0.000008	1	0	0
12507	51535399-330489-0-0	v-tagile.ru	0.000008	1	0	0
12513	65443695-449419-0-0	www.ok-magazine.ru	0.000008	1	0	0
12507	64173066-444849-0-0	radiokp-ru.turbopages.org	0.000008	1	0	0
11865	476196-292318-0-0	onlayn-radio.ru	0.000008	1	0	0
12507	77012517-885734-0-0	kyhniexpert-ru.turbopages.org	0.000008	1	0	0
12507	64003581-441043-0-0	rosserial.be	0.000008	1	0	0
12507	2201084-344968-0-0	tarantas-news.turbopages.org	0.000008	2	0	0
12512	533155-35644-0-0	forum.motolodka.ru	0.000008	1	0	0
11857	3598907-329895-0-0	ntv-ru.turbopages.org	0.000008	1	0	0
12507	1128640-77463-0-0	alimero.ru	0.000008	1	0	0
11909	915412-108160-0-0	1prime.ru	0.000008	1	0	0
13686	40621-605301-0-0	businesssecrets.ru	0.000007	1	0	0
12507	6416478-143619-0-0	kudamoscow.ru	0.000008	1	0	0
11909	39315718-454109-0-0	shraibikus-com.turbopages.org	0.000008	1	0	0
12509	44545091-280493-0-0	nekto.me	0.000072	1	0	0
11857	5092531-223754-0-0	m.ura.news	0.000008	12	0	0
11864	65101275-576079-0-0	161.ru	0.000008	1	0	0
11858	1801033-247350-0-0	mangalib.me	0.000008	1	0	0
12512	6746465-142629-0-0	cheboksary.hh.ru	0.000008	1	0	0
11904	70204618-617821-0-0	apest.ru	0.000008	1	0	0
11865	2295193-381840-0-0	folkmir.ru	0.000008	1	0	0
11904	2412782-419506-0-0	www.avito.ru	0.000008	2	0	0
11909	6438395-467395-0-0	hi--tech-mail-ru.turbopages.org	0.000008	1	0	0
12509	91864171-708690-0-0	www.vesti.ru	0.000008	2	0	0
12507	62837354-571548-0-0	www.kp40.ru	0.000008	1	0	0
11909	43061655-276631-0-0	m.vz.ru	0.000008	1	0	0
11865	36882225-627483-0-0	roomble.com	0.000008	1	0	0
12507	73647856-528283-0-0	samaraonline24-ru.turbopages.org	0.000008	1	0	0
11858	91864171-708690-0-0	www.vesti.ru	0.000008	1	0	0
12509	2393642-489917-0-0	multi-mama.ru	0.000008	1	0	0
12507	48537776-547400-0-0	jut.su	0.000072	1	0	0
11865	24063418-242868-0-0	stroy-podskazka.ru	0.000072	1	0	0
11865	40050903-268805-0-0	marnava.ru	0.000008	1	0	0
11865	54770757-1313230-0-0	xn----btbkutdbneel0i.xn--p1ai	0.000008	1	0	0
11865	3293020-125354-0-0	www.goodhouse.ru	0.000008	1	0	0
11905	36882225-285154-0-0	www.garant.ru	0.000008	1	0	0
11904	2239710-346458-0-0	yanashla.com	0.000008	2	0	0
11865	4342450-263322-0-0	topcor.ru	0.000008	2	0	0
12507	3900291-175272-0-0	kraska.guru	0.000008	1	0	0
12509	6746465-142629-0-0	kaliningrad.hh.ru	0.000008	1	0	0
12507	61554-46902-0-0	kulturologia-ru.turbopages.org	0.000008	1	0	0
11858	95171232-1293139-0-0	leboard.ru	0.000008	1	0	0
11909	1133796-430869-0-0	www.rulit.me	0.000008	2	0	0
11865	30570339-845328-0-0	vrach-russia.ru	0.000008	1	0	0
11868	1412746-580208-0-0	m.iamcook.ru	0.000008	1	0	0
11857	51602228-754700-0-0	club-romance.ru	0.000008	1	0	0
12513	56953682-478194-0-0	www.inmyroom.ru	0.000008	1	0	0
12509	6746465-148945-0-0	hhcdn.ru	0.000008	3	0	0
11858	16643395-183996-0-0	provisy.ru	0.000008	1	0	0
11865	91778881-1242162-0-0	spark-welding.ru	0.000008	1	0	0
11857	41724942-336240-0-0	libking.ru	0.000008	1	0	0
11858	5764089-149860-0-0	pravda-sotrudnikov.ru	0.000008	1	0	0
12507	85896899-706917-0-0	menunedeli-ru.turbopages.org	0.000008	1	0	0
12512	71813031-490450-0-0	www.gismeteo.ru	0.000008	5	0	0
11858	7490678-322588-0-0	ontvtime.tv	0.000008	1	0	0
11868	88121411-603873-0-0	4eva.ru	0.000072	1	0	0
11909	33397807-230529-0-0	m.tsargrad.tv	0.000072	1	0	0
11868	47032359-1231445-0-0	dubrovka.site	0.000008	1	0	0
11857	439048-701006-0-0	gazeta-spb-ru.turbopages.org	0.000008	1	0	0
12509	18373836-578071-0-0	gastrotract.ru	0.000008	1	0	0
11858	51898059-1210843-0-0	bombardir.ru	0.000008	1	0	0
12507	1600226-68252-0-0	vurnari-bezformata-com.turbopages.org	0.000008	1	0	0
12512	1124250-54642-0-0	krsk.au.ru	0.000008	1	0	0
11865	4342450-128930-0-0	topwar.ru	0.000008	1	0	0
11868	897669-56459-0-0	pikabu.ru	0.000008	7	0	0
11858	32667702-220483-0-0	printeros.ru	0.000008	1	0	0
11909	515118-235116-0-0	povar-ru.turbopages.org	0.000008	1	0	0
12367	0-216200-0-0	www.eg.ru	0.000072	1	0	0
11864	3849096-126345-0-0	www.gorodche.ru	0.000008	3	0	0
11865	25583872-560208-0-0	tltext.ru	0.000008	2	0	0
11909	93087228-768550-0-0	www.expertcen.ru	0.000008	2	0	0
11909	60593289-405812-0-0	parcelsapp.com	0.000008	1	0	0
11858	420776-2111-0-0	club443.ru	0.000008	1	0	0
12512	6746465-142629-0-0	kemerovo.hh.ru	0.000008	1	0	0
11857	66810155-458492-0-0	24smi-org.turbopages.org	0.000008	1	0	0
12513	1374984-732752-0-0	sprashivalka.com	0.000008	2	0	0
12509	65949452-1262662-0-0	www.9111.ru	0.000008	1	0	0
11905	503611-30324-0-0	s-keramika.blizko.ru	0.000008	1	0	0
11909	1228849-117050-0-0	ayzdorov-ru.turbopages.org	0.000008	1	0	0
11909	997092-142443-0-0	travelask.ru	0.000072	1	0	0
12507	2281756-85491-0-0	neboleem-net.turbopages.org	0.000008	1	0	0
12507	91778991-710212-0-0	vladofootwear-ru.turbopages.org	0.000008	1	0	0
9866	0-187544-0-0	bigpicture.ru	0.000072	2	0	0
12512	419034-69122-0-0	autolada.ru	0.000008	2	0	0
11865	6438395-248298-0-0	youla.ru	0.000008	3	0	0
12507	3003711-114821-0-0	russian7.ru	0.000008	1	0	0
