BidCostStat	2.5
2021-10-01
11858	38824859-261447-0-0	daily-motor.ru	0.000008	1	0	0
12509	33530085-232061-0-0	spb.cian.ru	0.000008	1	0	0
12507	51452342-496695-0-0	daily-inform.ru	0.000072	1	0	0
12507	8118706-246994-0-0	antennadaily-ru.turbopages.org	0.000008	1	0	0
11909	5804892-266335-0-0	idachniki.ru	0.000008	1	0	0
11909	92788536-748276-0-0	rv--ryazan-ru.turbopages.org	0.000008	1	0	0
11858	93087228-768550-0-0	www.expertcen.ru	0.000008	1	0	0
9864	0-216200-0-0	m.7days.ru	0.000072	1	0	0
11865	35792046-249118-0-0	womanadvice.ru	0.000008	1	0	0
11865	65101275-579334-0-0	www.vokrugsveta.ru	0.000008	1	0	0
12507	6416478-143619-0-0	kudamoscow.ru	0.000008	1	0	0
11858	545670-202261-0-0	zampolit.com	0.000008	1	0	0
11864	65101275-447164-0-0	love.e1.ru	0.000008	1	0	0
12507	997092-142443-0-0	travelask.ru	0.000072	1	0	0
11858	3984262-263139-0-0	technical.city	0.000008	1	0	0
11865	32125188-427919-0-0	bloknot-rostov.ru	0.000008	1	0	0
12507	544535-187065-0-0	rusfermer.net	0.000008	1	0	0
12367	0-187544-0-0	leotig.fandom.com	0.000072	1	0	0
9866	0-187544-0-0	leotig.fandom.com	0.000072	1	0	0
11909	56663774-602227-0-0	m.7days.ru	0.000072	1	0	0
12507	7773941-491296-0-0	naukateh.ru	0.000008	1	0	0
11864	1913112-81265-0-0	maximum.ru	0.000008	1	0	0
11857	1560494-670776-0-0	mail.rambler.ru	0.000008	1	0	0
11864	69492613-475158-0-0	www.dp.ru	0.000008	1	0	0
14055	0-187544-0-0	www.psychologies.ru	0.000072	1	0	0
11864	7773941-494508-0-0	moyavtodom.ru	0.000008	1	0	0
11909	91778783-1241175-0-0	feniks--mebel-ru.turbopages.org	0.000008	1	0	0
12507	53860057-339287-0-0	prufy.ru	0.000008	1	0	0
13685	36195-472385-0-0	www.mk.ru	0.000061	1	0	0
12507	1932193-96375-0-0	timashevsk.spravker.ru	0.000008	1	0	0
11865	91778783-710402-0-0	dom-kirov.ru	0.000008	1	0	0
11868	1412746-717079-0-0	m.iamcook.ru	0.000008	1	0	0
9866	0-187544-0-0	www.eg.ru	0.000072	1	0	0
11904	8157577-352414-0-0	love.ru	0.000008	1	0	0
12512	8060311-209311-0-0	hi.ru	0.000008	1	0	0
11909	87276007-606542-0-0	mk-ru.turbopages.org	0.000008	1	0	0
11857	396626-1140-0-0	tula.stroyportal.ru	0.000008	1	0	0
8663	10-844-0-0	www.gtafans.ru	0.000008	1	0	0
12507	94624243-1256505-0-0	twizz.ru	0.000008	1	0	0
12507	30414588-284610-0-0	magija--vkusa-ru.turbopages.org	0.000008	1	0	0
11858	1508494-64723-0-0	www.psyoffice.ru	0.000008	1	0	0
12507	4946350-187235-0-0	furni-info.ru	0.000008	1	0	0
12512	93789316-988516-0-0	grandgames.net	0.000008	1	0	0
12507	91778881-710359-0-0	trg--market-ru.turbopages.org	0.000008	1	0	0
11858	91072570-651430-0-0	www.igromania.ru	0.000008	1	0	0
11864	5952805-140101-0-0	autodmir.ru	0.000008	1	0	0
11868	1466318-64113-0-0	www.translate.ru	0.000008	1	0	0
13680	42917-616717-0-0	turkcinema.org	0.000061	1	0	0
12507	6601699-142265-0-0	ilive.com.ua	0.000008	1	0	0
11909	58118541-394095-0-0	rustxt.ru	0.000008	1	0	0
11905	2112549-91685-0-0	opolitike.mirtesen.ru	0.000008	1	0	0
12507	2315988-266642-0-0	testometrika.com	0.000008	1	0	0
12509	19663923-415287-0-0	volshebnaya-eda.ru	0.000008	1	0	0
12513	1913064-81259-0-0	rusradio.ru	0.000072	1	0	0
11864	51526388-115954-0-0	www.povarenok.ru	0.000008	1	0	0
11904	70280377-576481-0-0	tele2kak.ru	0.000008	1	0	0
12509	65949452-563305-0-0	www.spb.kp.ru	0.000008	1	0	0
11865	2443167-556802-0-0	knigoguru.net	0.000008	1	0	0
11857	92092887-971493-0-0	forum.mista.ru	0.000008	1	0	0
12507	93544502-919402-0-0	vtb.credit	0.000008	1	0	0
11858	4782430-502366-0-0	skr.sh	0.000008	1	0	0
12507	38644790-260825-0-0	kirovpravda-ru.turbopages.org	0.000008	1	0	0
11865	49608361-418964-0-0	1000.menu	0.000008	1	0	0
11858	50054301-325932-0-0	ifreedom.su	0.000008	1	0	0
11864	1348663-126298-0-0	www.aup.ru	0.000008	1	0	0
11905	2112549-91685-0-0	glagol.mirtesen.ru	0.000008	1	0	0
11909	9472239-393577-0-0	ladaautos.ru	0.000008	1	0	0
11865	91778881-1242205-0-0	xn--80aeg0cdgk.xn--p1ai	0.000008	1	0	0
11857	20438162-563646-0-0	m.realnoevremya.ru	0.000008	1	0	0
12509	33530085-232061-0-0	ufa.cian.ru	0.000008	1	0	0
12160	0-1347970573053716-0-0	off.daily-inform.ru	0.000066	1	0	0
11858	2524404-114996-0-0	fundaizol.ru	0.000008	1	0	0
12507	4682439-130997-0-0	sevastopol-su.turbopages.org	0.000008	1	0	0
12507	93016036-755726-0-0	lafoy-ru.turbopages.org	0.000008	1	0	0
11857	57648680-392466-0-0	onrealt.ru	0.000008	1	0	0
12507	9132820-163508-0-0	kurer--sreda-ru.turbopages.org	0.000008	2	0	0
11857	3598907-330905-0-0	vokrug-tv.turbopages.org	0.000008	1	0	0
11909	47051394-456830-0-0	cepia.ru	0.000008	1	0	0
11868	55738947-354291-0-0	www.zakon.kz	0.000008	1	0	0
12507	94504917-1247246-0-0	1plus1tv.ru	0.000072	1	0	0
11904	92442305-731887-0-0	fan-news.org	0.000008	1	0	0
11857	464493-142053-0-0	www.mamba.ru	0.000008	1	0	0
12507	3293020-129405-0-0	www.cosmo.ru	0.000008	2	0	0
11909	43061655-276631-0-0	m.vz.ru	0.000008	2	0	0
11904	7538922-186482-0-0	mirpozitiva.ru	0.000008	1	0	0
14051	15737-1017125893-0-0	com.games.joinblocks	0.000534	1	0	0
11868	5387468-155559-0-0	zebra-tv.ru	0.000008	1	0	0
12507	63430708-493494-0-0	schemy.ru	0.000008	1	0	0
11909	7310105-146524-0-0	mashmaster.ru	0.000008	1	0	0
12507	1432019-400402-0-0	www.glaz.tv	0.000072	1	0	0
12507	42333652-277621-0-0	zakonguru.com	0.000008	1	0	0
11865	4434695-49087-0-0	www.police-russia.ru	0.000008	1	0	0
11904	2968176-114236-0-0	www.panoidl.ru	0.000008	1	0	0
9866	0-187544-0-0	www.astromeridian.ru	0.000072	1	0	0
8671	10-844-0-0	journeywomans.ru	0.000008	6	0	0
11864	532164-35333-0-0	mfd.ru	0.000008	1	0	0
11909	1560494-70467-0-0	news.rambler.ru	0.000008	1	0	0
12507	92453275-732287-0-0	11novosti.ru	0.000008	1	0	0
11858	31179145-204911-0-0	ulyanovsk.russianrealty.ru	0.000008	1	0	0
11860	88404570-613630-0-0	inside-lighting.ru	0.000008	1	0	0
11868	43061655-276631-0-0	vz.ru	0.000008	1	0	0
11904	46431776-287922-0-0	joyreactor.cc	0.000008	2	0	0
10208	10-844-0-0	journeywomans.ru	0.000008	6	0	0
11864	91864171-708690-0-0	www.vesti.ru	0.000072	1	0	0
11857	11393977-175920-0-0	newslab.ru	0.000008	1	0	0
12507	1532269-141463-0-0	kedem.ru	0.000008	1	0	0
11905	2390032-422584-0-0	outlook.live.com	0.000008	1	0	0
12507	54683525-699364-0-0	kzmp3.kz	0.000008	1	0	0
11868	65101275-684050-0-0	starhit-ru.turbopages.org	0.000008	2	0	0
11868	6482438-145681-0-0	afisha.sevastopol.press	0.000008	1	0	0
11864	444832-78383-0-0	tragos.ru	0.000008	1	0	0
11904	2412782-419506-0-0	www.avito.ru	0.000008	1	0	0
11909	65101275-579434-0-0	www.elledecoration.ru	0.000008	1	0	0
12507	91159049-655744-0-0	remanga.org	0.000008	1	0	0
11868	87276007-592219-0-0	www.mk-smolensk.ru	0.000008	1	0	0
11909	63929029-430435-0-0	snob-ru.turbopages.org	0.000008	1	0	0
11868	23722537-334857-0-0	vilkin-pro.turbopages.org	0.000008	1	0	0
12507	65101275-447187-0-0	v1-ru.turbopages.org	0.000008	1	0	0
11865	91778991-698595-0-0	proffstroygroup.ru	0.000008	1	0	0
11905	44302395-279960-0-0	betonpro100.ru	0.000008	1	0	0
11868	3003711-114821-0-0	russian7.ru	0.000008	1	0	0
12507	8381155-722011-0-0	mag-103-by.turbopages.org	0.000008	1	0	0
11865	32125188-428028-0-0	bloknot-taganrog.ru	0.000008	1	0	0
11904	3849096-126345-0-0	www.gorodche.ru	0.000008	2	0	0
11865	54632772-344173-0-0	otzyvy.review	0.000008	1	0	0
11857	1386626-1294341-0-0	readmanga.io	0.000008	1	0	0
11864	34351736-242216-0-0	www.khl.ru	0.000008	1	0	0
11868	1412746-580208-0-0	m.iamcook.ru	0.000008	1	0	0
12509	33530085-232061-0-0	saratov.cian.ru	0.000008	1	0	0
12507	24063418-190746-0-0	eda-land.ru	0.000008	1	0	0
12507	38959772-261795-0-0	pasmi-ru.turbopages.org	0.000008	1	0	0
11909	6078256-142910-0-0	infoniac-ru.turbopages.org	0.000008	1	0	0
11857	9548036-191027-0-0	www.m-translate.ru	0.000072	1	0	0
12507	2412782-106253-0-0	www.avito.ru	0.000008	1	0	0
11857	1560494-344753-0-0	gazeta-ru.turbopages.org	0.000008	2	0	0
11909	799371-41196-0-0	www.sport.ru	0.000072	1	0	0
12507	93836300-1210014-0-0	www.bolshoyvopros.ru	0.000008	1	0	0
12507	91531139-1287754-0-0	severdv.ru	0.000008	1	0	0
11909	1818286-737299-0-0	bibiauto.club	0.000008	1	0	0
11909	56953682-478194-0-0	www.inmyroom.ru	0.000008	1	0	0
11868	8562776-753104-0-0	www.inmyroom.ru	0.000008	1	0	0
11858	65101275-447165-0-0	love.ngs.ru	0.000008	1	0	0
12507	91624402-706089-0-0	blitz.plus	0.000008	1	0	0
11865	1282729-188749-0-0	www.megazdorov.ru	0.000008	1	0	0
12507	65101275-576513-0-0	v1.ru	0.000008	1	0	0
11858	65101275-575586-0-0	ngs.ru	0.000008	1	0	0
11865	8210969-335832-0-0	dvabrevna.ru	0.000008	1	0	0
11909	1052186-629361-0-0	mma.express	0.000008	1	0	0
11857	91774534-709723-0-0	aniko--gas-ru.turbopages.org	0.000008	1	0	0
12368	0-216200-0-0	doctorpiter.ru	0.000072	1	0	0
11858	59174037-398307-0-0	www.foxmag.ru	0.000008	1	0	0
12507	1133796-430869-0-0	www.rulit.me	0.000008	1	0	0
11909	87276007-592219-0-0	izhevsk.mk.ru	0.000008	1	0	0
12512	73928495-503244-0-0	46tv.ru	0.000008	1	0	0
11905	2251717-805731-0-0	vseomusore.com	0.000008	1	0	0
11857	92519834-1263861-0-0	r.mp3xa.fm	0.000008	1	0	0
12507	32039088-212225-0-0	tehnika.expert	0.000008	1	0	0
13680	42917-612242-0-0	www.om1.ru	0.000061	1	0	0
11860	71191770-486682-0-0	mainstyles.ru	0.000008	1	0	0
11857	86690274-713231-0-0	etalongame.com	0.000008	1	0	0
12507	36081621-470922-0-0	molokook-ru.turbopages.org	0.000008	1	0	0
11857	1255536-253752-0-0	zooportal.pro	0.000008	1	0	0
11904	36472703-407939-0-0	cameralabs.org	0.000008	1	0	0
12512	74840271-763105-0-0	m.megafonpro.ru	0.000008	2	0	0
12512	6746465-142629-0-0	spb.hh.ru	0.000008	1	0	0
11865	46431776-287922-0-0	joyreactor.cc	0.000008	1	0	0
11858	33946563-237573-0-0	zee-tv.ru	0.000008	1	0	0
11865	32125188-749065-0-0	bloknot-voronezh.ru	0.000008	1	0	0
11864	65101275-575586-0-0	ngs.ru	0.000008	1	0	0
11865	3281497-136716-0-0	m.sport-express.ru	0.000072	1	0	0
12507	6505879-209180-0-0	buhguru-com.turbopages.org	0.000008	1	0	0
11909	1775249-73856-0-0	www.domfront.ru	0.000008	1	0	0
14051	15740-4104105189-0-Gold^20and^20Goblins:^20Idle^20Merger^20&	com.redcell.goldandgoblins	0.000534	1	0	0
11909	6438395-457268-0-0	youla.ru	0.000008	5	0	0
9866	0-187544-0-0	www.tourprom.ru	0.000072	1	0	0
11904	87276007-592219-0-0	www.mk.ru	0.000072	1	0	0
11865	32125188-427920-0-0	bloknot-krasnodar.ru	0.000008	1	0	0
11904	1190468-251722-0-0	sochi-nedvizimost.ru	0.000008	1	0	0
12507	92928962-752036-0-0	animego.org	0.000072	1	0	0
11905	70390261-745834-0-0	fapl.ru	0.000008	1	0	0
11857	40097515-265971-0-0	autostat-ru.turbopages.org	0.000008	1	0	0
11865	4857369-188318-0-0	jsnip.ru	0.000008	1	0	0
11909	87276007-592219-0-0	www.mk.ru	0.000008	1	0	0
11857	4682439-130997-0-0	sevastopol.su	0.000072	1	0	0
11904	50521278-327084-0-0	360tv.ru	0.000008	1	0	0
12512	1386626-1294341-0-0	readmanga.io	0.000008	1	0	0
11857	3003711-227354-0-0	cyrillitsa.ru	0.000008	1	0	0
11864	1216435-186984-0-0	rezume2016.ru	0.000008	1	0	0
11868	3090793-147280-0-0	pravoved.ru	0.000008	2	0	0
12509	5601425-267201-0-0	penzanews.ru	0.000008	1	0	0
11864	94106155-1217793-0-0	progorodnn.ru	0.000008	1	0	0
11909	2103170-497885-0-0	dni24-com.turbopages.org	0.000008	2	0	0
11860	92920468-751759-0-0	glas.ru	0.000008	1	0	0
11857	41724942-333441-0-0	libcat.ru	0.000008	1	0	0
11865	4270835-348911-0-0	blogbaster.org	0.000008	1	0	0
11905	2112549-91685-0-0	s30132103300.mirtesen.ru	0.000008	1	0	0
11868	31113536-204531-0-0	markakachestva.ru	0.000008	1	0	0
11909	4684670-155160-0-0	www.ogorod.ru	0.000008	1	0	0
11865	4360456-149156-0-0	www.kremlinrus.ru	0.000008	1	0	0
11864	91072570-651429-0-0	kanobu.ru	0.000008	1	0	0
11865	30570339-653854-0-0	moevideo.biz	0.000008	1	0	0
14055	0-216200-0-0	sonnik.expert	0.000072	1	0	0
11865	77469582-728619-0-0	konsult-urist.ru	0.000008	1	0	0
12507	91083793-1238392-0-0	jobeka.com	0.000008	2	0	0
11909	50363257-327452-0-0	m.beboo.ru	0.000008	1	0	0
11858	70390261-593937-0-0	purmix.ru	0.000008	1	0	0
12507	55118778-349257-0-0	yoga24-info.turbopages.org	0.000008	1	0	0
12509	1026890-279456-0-0	expertpokrasote.com	0.000008	1	0	0
12507	91833618-726711-0-0	vasha-banya28.ru	0.000008	1	0	0
12507	429405-43024-0-0	hullabaloo.ru	0.000008	1	0	0
12507	51898059-569211-0-0	4ege.ru	0.000008	1	0	0
11864	71813031-490450-0-0	www.gismeteo.ru	0.000008	1	0	0
12507	7425121-152134-0-0	materinstvo-ru.turbopages.org	0.000008	1	0	0
11858	977173-139652-0-0	tonkosti.ru	0.000008	1	0	0
11868	1560494-332041-0-0	www.ferra.ru	0.000008	1	0	0
11858	3497270-97834-0-0	vellisa.ru	0.000008	1	0	0
11858	65397725-1272885-0-0	dompoint.ru	0.000008	1	0	0
12507	36882225-351721-0-0	barnaul.irr.ru	0.000008	1	0	0
11858	420727-124943-0-0	ilibrary.ru	0.000008	1	0	0
12507	55161831-497102-0-0	russkieseriali.net	0.000008	1	0	0
12507	38661274-637001-0-0	knigkindom.ru	0.000008	1	0	0
11868	1412746-1248547-0-0	m.iamcook.ru	0.000008	1	0	0
11857	78307303-541125-0-0	mangapoisk.ru	0.000072	1	0	0
12507	1304364-594763-0-0	sovetmarka.ru	0.000008	1	0	0
11865	91778991-702468-0-0	prokamen.com	0.000008	1	0	0
11864	26809064-675583-0-0	avtika.ru	0.000008	1	0	0
11858	1333887-60247-0-0	www.mahnem.ru	0.000008	1	0	0
11864	4140396-127625-0-0	www.newkaliningrad.ru	0.000008	2	0	0
11864	65101275-577872-0-0	74.ru	0.000008	2	0	0
11909	87276007-592219-0-0	www.mk.ru	0.000072	5	0	0
9012	35253-620156-0-0	doctorpiter.ru	0.000061	1	0	0
11858	1036431-330571-0-0	marathonec.ru	0.000008	1	0	0
12507	7295714-153743-0-0	russian.rt.com	0.000072	6	0	0
11864	1412746-1242280-0-0	www.votpusk.ru	0.000008	2	0	0
12507	65949452-453595-0-0	rg.ru	0.000008	1	0	0
11909	52017091-388215-0-0	www.domkino.tv	0.000008	1	0	0
9866	0-187544-0-0	primpress.ru	0.000072	1	0	0
11858	36185183-250890-0-0	glav-dacha.ru	0.000008	1	0	0
11791	d02ff298d7e9598c6b823222406f7da7-4ffa511090f592d2d	101.ru	0.000072	1	0	0
12512	75495020-518849-0-0	summa-propisyu.ru	0.000008	1	0	0
11864	3420410-122989-0-0	spb.regmarkets.ru	0.000008	1	0	0
11905	38661274-725731-0-0	mir-knigi.net	0.000008	1	0	0
11904	5878455-139705-0-0	recepty.7dach.ru	0.000072	1	0	0
12507	462441-60136-0-0	tourister-ru.turbopages.org	0.000008	2	0	0
12507	7344752-714806-0-0	jut-su.net	0.000008	1	0	0
11868	1412746-580826-0-0	www.litmir.me	0.000008	6	0	0
13680	42917-607958-0-0	m.pg11.ru	0.000061	1	0	0
12507	67632165-464019-0-0	kartaslov.ru	0.000008	1	0	0
11868	87276007-592220-0-0	www.avtovzglyad.ru	0.000008	1	0	0
11904	369305-1038-0-0	3dnews.ru	0.000008	4	0	0
12507	53860057-339287-0-0	kazan.prufy.ru	0.000008	1	0	0
11904	508343-49826-0-0	www.gastronom.ru	0.000008	1	0	0
11909	66475862-459160-0-0	tagilcity-ru.turbopages.org	0.000008	1	0	0
11858	34166535-391534-0-0	1gai.ru	0.000008	1	0	0
11909	1033820-530832-0-0	www.volzsky.ru	0.000008	1	0	0
11857	36985186-256605-0-0	www.polismed.com	0.000008	1	0	0
12507	3770863-125411-0-0	kompaskreditov.ru	0.000008	1	0	0
12507	92976814-782269-0-0	megaotkrytka-ru.turbopages.org	0.000008	1	0	0
12507	59767463-727863-0-0	book-online.com.ua	0.000008	1	0	0
14051	15740-2264141025-0-Word^20Pizza^20-^20Word^20Games^20Puzzles	com.openmygame.games.android.wordpizza	0.000534	15	0	0
11865	92442305-731887-0-0	mynewslent.com	0.000008	1	0	0
11909	7325705-146604-0-0	www.oncoforum.ru	0.000008	1	0	0
14057	44057-620855-0-0	happytreefriends.fandom.com	0.000072	2	0	0
11858	92453275-732287-0-0	11novosti.ru	0.000008	3	0	0
11865	5432817-453790-0-0	gafki.ru	0.000072	1	0	0
11857	73861866-544076-0-0	gorod--tv-com.turbopages.org	0.000008	1	0	0
12509	65949452-542792-0-0	radiokp.ru	0.000008	2	0	0
11858	33396783-249046-0-0	krasnodar.metaltorg.ru	0.000008	1	0	0
11905	55335031-630166-0-0	original-detal.ru	0.000008	1	0	0
12507	39077187-262482-0-0	teksty-pesenok.ru	0.000008	1	0	0
12512	93836300-1210014-0-0	www.bolshoyvopros.ru	0.000008	1	0	0
11865	53871116-732413-0-0	catalogl.ru	0.000008	1	0	0
9866	0-187544-0-0	www.igraemsa.ru	0.000072	1	0	0
12507	1374984-732752-0-0	sprashivalka.com	0.000008	1	0	0
12507	5350121-136704-0-0	football.kulichki.net	0.000008	1	0	0
11909	14130694-724458-0-0	remontautomobilya.ru	0.000008	1	0	0
11864	6438395-152036-0-0	sportmail.ru	0.000008	2	0	0
13156	20368-132738-Mintegral-Water^20Sort^20Puzzle^20-^20Color^20S	com.gma.water.sort.puzzle	0.000534	3	0	0
11865	32164720-214578-0-0	www.politnavigator.net	0.000008	2	0	0
12507	65101275-578374-0-0	m.nn.ru	0.000008	1	0	0
11865	91774534-708956-0-0	speedcamupdates.ru	0.000008	1	0	0
12507	60593289-405812-0-0	parcelsapp.com	0.000008	2	0	0
14055	0-187544-0-0	nversia.ru	0.000072	1	0	0
9866	0-187544-0-0	daily-inform.ru	0.000072	1	0	0
11904	475686-728766-0-0	amedia.online	0.000008	1	0	0
11857	31734734-354099-0-0	m.tabor.ru	0.000008	10	0	0
11858	2201084-424608-0-0	voennoedelo.com	0.000008	1	0	0
11858	1124250-54642-0-0	krsk.au.ru	0.000008	2	0	0
11858	38661274-725731-0-0	mir-knigi.net	0.000008	3	0	0
11909	548057-52397-0-0	astromeridian-ru.turbopages.org	0.000008	1	0	0
12507	2200768-96167-0-0	kukuzya-ru.turbopages.org	0.000008	1	0	0
12507	1322075-70350-0-0	fb-ru.turbopages.org	0.000008	6	0	0
12507	50668849-327718-0-0	kuban24-tv.turbopages.org	0.000008	1	0	0
11905	91622640-844300-0-0	ardo-dez.ru	0.000008	1	0	0
11909	38748038-260973-0-0	www.bashinform.ru	0.000008	1	0	0
11865	1273484-1295756-0-0	lovenia.ru	0.000008	1	0	0
12507	504193-28011-0-0	www.zr.ru	0.000008	2	0	0
11865	32804763-222344-0-0	russian-trade.com	0.000008	1	0	0
11909	8984986-205531-0-0	fermilon.ru	0.000008	1	0	0
12507	88683488-643583-0-0	hd01.ru	0.000008	1	0	0
11909	30477641-200831-0-0	www.trud.com	0.000008	1	0	0
11865	8562776-752596-0-0	www.sport-express.ru	0.000072	1	0	0
12509	65949452-563305-0-0	www.kp.ru	0.000008	2	0	0
11791	10-844-0-0	zak.film-hd1080.cyou	0.000008	1	0	0
11904	3281497-136716-0-0	m.sport-express.ru	0.000008	1	0	0
11909	41934011-272783-0-0	thebell.io	0.000008	1	0	0
12507	87276007-606542-0-0	mk-ru.turbopages.org	0.000008	3	0	0
11857	31072018-203802-0-0	vkuso.ru	0.000008	1	0	0
11858	93261812-810117-0-0	doramalive.ru	0.000072	1	0	0
12507	7632479-149419-0-0	riafan.ru	0.000008	1	0	0
12507	1974615-260019-0-0	pg21-ru.turbopages.org	0.000008	1	0	0
12507	61657907-412958-0-0	www.the-village.ru	0.000008	2	0	0
11865	775153-334670-0-0	credits.ru	0.000008	1	0	0
12507	827002-69238-0-0	test.msk.ru	0.000008	1	0	0
14051	15740-4071667223-0-My^20Restaurant:^20Crazy^20Cooking^20Ga	com.techvision.restaurant	0.000534	2	0	0
12367	0-187544-0-0	fallout.fandom.com	0.000072	1	0	0
11858	93335226-830873-0-0	www.eg.ru	0.000008	1	0	0
13685	41985-600974-0-0	vsedoramy.net	0.000061	1	0	0
11864	65101275-578603-0-0	www.fontanka.ru	0.000008	3	0	0
11865	36338709-257091-0-0	visasam.ru	0.000008	1	0	0
11865	1322075-130167-0-0	businessman.ru	0.000008	1	0	0
11864	3849096-126345-0-0	www.gorodche.ru	0.000008	1	0	0
11909	407197-91828-0-0	burdastyle.ru	0.000008	2	0	0
11858	61934491-415282-0-0	www.superjob.ru	0.000008	1	0	0
12507	6509802-224678-0-0	elektrikexpert-ru.turbopages.org	0.000008	1	0	0
11865	28654839-192901-0-0	vkusno-i-prosto.ru	0.000008	1	0	0
12507	1801033-247350-0-0	mangalib.me	0.000008	2	0	0
11909	3598907-330905-0-0	vokrug-tv.turbopages.org	0.000008	2	0	0
11905	89508281-1232595-0-0	uborkapro.info	0.000008	1	0	0
11868	1366953-150155-0-0	spravkus.com	0.000008	1	0	0
11905	2112549-91685-0-0	mirtesen.ru	0.000008	4	0	0
11865	30789424-200811-0-0	polyarnye-zori.naydidom.com	0.000008	2	0	0
12507	36493473-331594-0-0	konkurent.ru	0.000008	8	0	0
11909	61657907-412959-0-0	m.spletnik.ru	0.000008	5	0	0
11857	1560494-225212-0-0	championat-com.turbopages.org	0.000008	1	0	0
11905	420734-1856-0-0	sibmama.ru	0.000008	1	0	0
9866	0-216200-0-0	doctorpiter.ru	0.000072	1	0	0
11858	82182983-561692-0-0	vyborexperta.ru	0.000008	1	0	0
12509	503611-30324-0-0	voronezh.blizko.ru	0.000008	1	0	0
11909	31575695-208854-0-0	www.orgpage.ru	0.000008	1	0	0
11868	498578-167170-0-0	www.ufa.kp.ru	0.000008	1	0	0
11860	87979391-1280215-0-0	markik.ru	0.000008	1	0	0
12507	65101275-575584-0-0	www.e1.ru	0.000008	1	0	0
9012	36195-472385-0-0	www.mk.ru	0.000061	10	0	0
11858	79492998-546079-0-0	creator-arseny.site	0.000008	1	0	0
12507	80808699-552193-0-0	damreceptic.ru	0.000008	1	0	0
12513	4140396-127625-0-0	www.newkaliningrad.ru	0.000008	1	0	0
14123	16291-34558-0-0	www.allvideo.monster	0.000534	1	0	0
11868	93335226-830873-0-0	www.eg.ru	0.000072	1	0	0
11858	1298163-676172-0-0	nesurazica.blogspot.com	0.000008	1	0	0
12507	8240866-155688-0-0	belnovosti-by.turbopages.org	0.000008	1	0	0
11904	1273484-1295756-0-0	lovenia.ru	0.000008	1	0	0
11904	6438461-709396-0-0	ok.ru	0.000072	1	0	0
12507	94450274-1248247-0-0	mobilych.com.ua	0.000008	1	0	0
11868	8562776-751706-0-0	www.spb.kp.ru	0.000008	1	0	0
12512	51898059-1263934-0-0	podborkino.com	0.000008	1	0	0
11905	6722348-233438-0-0	employment-services.ru	0.000008	1	0	0
11905	93599099-944073-0-0	deti-online.com	0.000008	1	0	0
12507	7132534-714375-0-0	shtorydekor-ru.turbopages.org	0.000008	1	0	0
12507	24109265-190795-0-0	wlooks.ru	0.000072	1	0	0
11864	51898059-1238537-0-0	ucrazy.ru	0.000008	1	0	0
12507	1128640-77463-0-0	alimero.ru	0.000008	1	0	0
11909	915412-108160-0-0	1prime.ru	0.000008	2	0	0
11858	24111355-1291364-0-0	readmanga.io	0.000008	5	0	0
9866	0-216200-0-0	www.drive.ru	0.000072	1	0	0
11904	10322213-277627-0-0	100realt.ru	0.000008	1	0	0
11857	915412-108160-0-0	1prime.ru	0.000008	2	0	0
11905	931235-747347-0-0	my-calend.ru	0.000008	1	0	0
11858	41724942-336240-0-0	libking.ru	0.000008	1	0	0
11857	16951930-184419-0-0	kitchendecorium.ru	0.000072	1	0	0
11865	88690383-611984-0-0	jaomix.ru	0.000072	2	0	0
11909	2918101-163843-0-0	www.u-mama.ru	0.000008	1	0	0
11909	6557105-250544-0-0	interfax-ru.turbopages.org	0.000008	1	0	0
11909	93103601-796272-0-0	vashobereg.ru	0.000008	1	0	0
11864	532164-35333-0-0	forum.mfd.ru	0.000008	1	0	0
12507	53367389-336591-0-0	disgustingmen-com.turbopages.org	0.000008	1	0	0
11858	8176469-155098-0-0	forum.na-svyazi.ru	0.000008	1	0	0
11858	40879015-268596-0-0	naavtotrasse.ru	0.000008	1	0	0
11857	2004221-94787-0-0	berkat.ru	0.000072	1	0	0
11909	874982-46249-0-0	svpressa.ru	0.000008	1	0	0
12512	7295714-188279-0-0	russian.rt.com	0.000008	1	0	0
11905	89739637-1263037-0-0	www.eg.ru	0.000072	1	0	0
11909	30888454-337707-0-0	stihipoeta.ru	0.000008	1	0	0
12507	49608361-418964-0-0	1000.menu	0.000008	1	0	0
11904	31870683-210075-0-0	poisk-ru.ru	0.000008	1	0	0
11860	31256329-496537-0-0	ideas.homechart.ru	0.000008	2	0	0
11868	941157-244057-0-0	ussurmedia.ru	0.000008	1	0	0
9866	0-187544-0-0	www.lentainform.com	0.000072	4	0	0
11865	54514297-343235-0-0	vidy-posudy.ru	0.000008	1	0	0
12509	65949452-515704-0-0	teleprogramma.pro	0.000072	8	0	0
11865	897669-56459-0-0	pikabu.ru	0.000008	1	0	0
11909	456103-357463-0-0	www.sarov.info	0.000008	1	0	0
11864	51543156-330548-0-0	www.rusfootball.info	0.000008	1	0	0
12507	41633261-271729-0-0	xn--80ac1bcbgb9aa.xn--p1ai	0.000008	1	0	0
11858	70390261-593962-0-0	it-like.ru	0.000008	1	0	0
11865	727457-202406-0-0	moscow-airports.com	0.000008	1	0	0
12507	61554-32340-0-0	novate-ru.turbopages.org	0.000008	1	0	0
11865	36984531-255942-0-0	carfrance.ru	0.000008	3	0	0
11858	31023497-255643-0-0	zachestnyibiznes.ru	0.000008	1	0	0
11865	94157104-1220253-0-0	obzorfinans.ru	0.000008	9	0	0
14056	0-187544-0-0	clck.lentainform.com	0.000072	2	0	0
11857	2004221-94787-0-0	berkat.ru	0.000008	1	0	0
12507	65443695-449419-0-0	www.ok-magazine.ru	0.000008	1	0	0
12512	92928962-752036-0-0	animego.org	0.000072	3	0	0
11909	46153279-357810-0-0	vamber.ru	0.000008	1	0	0
12509	65949452-747489-0-0	glavkniga.ru	0.000008	2	0	0
12507	92614311-741303-0-0	www.paparazzi.ru	0.000008	1	0	0
11860	5706550-281826-0-0	ren.tv	0.000072	5	0	0
11865	87658317-601995-0-0	kigp.ru	0.000008	1	0	0
11905	452669-10552-0-0	www.tutu.ru	0.000008	1	0	0
11865	3984262-808966-0-0	www.otzywy.com	0.000008	1	0	0
12509	391591-136601-0-0	forum.vashdom.ru	0.000008	1	0	0
12507	91621604-1277508-0-0	zznet.ru	0.000008	1	0	0
12507	7295714-153743-0-0	russian.rt.com	0.000008	3	0	0
9866	0-187544-0-0	terraria-game.fandom.com	0.000072	1	0	0
12507	1596535-525439-0-0	101bt.ru	0.000008	1	0	0
12507	498578-196262-0-0	ural-kp-ru.turbopages.org	0.000008	1	0	0
11904	3271447-120316-0-0	medihost.ru	0.000008	1	0	0
9864	0-216200-0-0	ren.tv	0.000072	4	0	0
12507	5092869-134625-0-0	echo.msk.ru	0.000008	1	0	0
12507	93016036-755726-0-0	lafoy.ru	0.000008	1	0	0
12507	91235966-660717-0-0	burninghut-ru.turbopages.org	0.000008	3	0	0
12507	396626-1140-0-0	mahachkala.stroyportal.ru	0.000008	1	0	0
11868	8562776-752100-0-0	www.baby.ru	0.000072	1	0	0
12507	37098483-256588-0-0	oktools.ru	0.000008	1	0	0
11857	3849096-126345-0-0	www.gorodche.ru	0.000008	1	0	0
11868	1815196-94023-0-0	poncy.ru	0.000008	1	0	0
9865	0-187544-0-0	www.calend.ru	0.000072	1	0	0
11909	49905584-324706-0-0	sport24-ru.turbopages.org	0.000008	1	0	0
11858	61604753-686565-0-0	shurupkin.2979.ru	0.000008	1	0	0
12509	91864171-708690-0-0	www.vesti.ru	0.000072	1	0	0
11864	4624495-130614-0-0	www.vazhno.ru	0.000008	1	0	0
11864	509629-29789-0-0	rg.ru	0.000008	2	0	0
11904	58471106-395508-0-0	kinopoduglom.ru	0.000008	1	0	0
11865	2412782-167915-0-0	www.domofond.ru	0.000008	1	0	0
12509	4817705-131942-0-0	www.u-mama.ru	0.000008	4	0	0
11864	39268175-263182-0-0	sitv.ru	0.000008	1	0	0
11864	6438395-142108-0-0	e.mail.ru	0.000008	281	0	0
12507	3393719-134656-0-0	statusycitaty.ru	0.000008	1	0	0
12507	523900-231491-0-0	teleprogramma-pro.turbopages.org	0.000008	1	0	0
12507	2412782-419507-0-0	m.avito.ru	0.000008	267	0	0
13156	23821-142923-Mintegral-Match^20Hit^20-^20Puzzle^20Fighter	com.combo.matcher	0.000534	1	0	0
11865	30570339-1247823-0-0	moevideo.biz	0.000008	1	0	0
12507	7687782-448212-0-0	profile.ru	0.000072	11	0	0
12368	0-187544-0-0	www.film.ru	0.000072	1	0	0
12507	24063418-190745-0-0	o-krohe.ru	0.000072	1	0	0
11858	6722348-216033-0-0	employmentcenter.ru	0.000008	1	0	0
11857	51468706-330066-0-0	m.vz.ru	0.000008	5	0	0
8669	3938cf97ea84e2a9485f979e908bda87-6dd7f7a279120d51b	www.playground.ru	0.000008	12	0	0
11865	94346353-1232639-0-0	nauka.club	0.000072	1	0	0
12507	5314155-136380-0-0	dni-ru.turbopages.org	0.000008	1	0	0
11909	75879660-542445-0-0	melkie.net	0.000008	1	0	0
11909	3389768-187784-0-0	likefilmdb.ru	0.000008	1	0	0
11909	7773941-214742-0-0	enciclopediya-geografa.ru	0.000008	1	0	0
11904	58690332-396860-0-0	datavyhoda.ru	0.000072	1	0	0
11864	6746465-142629-0-0	tyumen.hh.ru	0.000008	1	0	0
11857	1180293-56287-0-0	www.kaluga-poisk.ru	0.000008	6	0	0
12507	92945426-752689-0-0	sibdepo-ru.turbopages.org	0.000008	1	0	0
11904	498578-26254-0-0	www.kp.ru	0.000008	1	0	0
12509	95171232-1293139-0-0	m.leboard.ru	0.000008	3	0	0
12512	4624495-130614-0-0	www.vazhno.ru	0.000008	1	0	0
12507	33530085-232061-0-0	nn.cian.ru	0.000008	1	0	0
11864	3420410-122989-0-0	kopeysk.regmarkets.ru	0.000008	1	0	0
9864	0-216200-0-0	m.pg11.ru	0.000072	1	0	0
12509	65949452-886320-0-0	klops.ru	0.000072	1	0	0
11857	421215-2115-0-0	mikrob.ru	0.000008	2	0	0
12507	3293020-129405-0-0	cosmo-ru.turbopages.org	0.000008	2	0	0
12507	1163794-55784-0-0	club-lexus.ru	0.000008	1	0	0
11864	1124250-54642-0-0	krsk.au.ru	0.000008	1	0	0
11791	10-844-0-0	ad-online.lordfilms-s.biz	0.000008	1	0	0
11909	56663774-602227-0-0	m.7days.ru	0.000008	2	0	0
11865	88690383-611984-0-0	jaomix.ru	0.000008	5	0	0
12507	7687782-448212-0-0	profile.ru	0.000008	14	0	0
12507	509629-29789-0-0	rg.ru	0.000008	1	0	0
11905	2112549-91685-0-0	antimrakobes.mirtesen.ru	0.000008	1	0	0
11909	8210969-335832-0-0	dvabrevna.ru	0.000008	1	0	0
9035	40621-491126-0-0	turkcinema.org	0.000061	3	0	0
11909	2029124-87589-0-0	www.vzsar.ru	0.000008	2	0	0
12507	91235966-660718-0-0	lifehacker-ru.turbopages.org	0.000008	4	0	0
14056	0-216200-0-0	teleprogramma.pro	0.000072	7	0	0
11857	61934491-415282-0-0	www.superjob.ru	0.000008	1	0	0
12507	69338205-474128-0-0	okcomfort.com	0.000008	1	0	0
12507	63817141-429416-0-0	forum.novosti-kosmonavtiki.ru	0.000008	1	0	0
14051	15740-3700026058-0-Word^20Search^20Sea:^20Unscramble^20wor	com.openmygame.games.android.wordsearchsea	0.000534	8	0	0
12507	24063418-242868-0-0	stroy-podskazka.ru	0.000072	2	0	0
12507	317878-45958-0-0	avtomarket.ru	0.000008	1	0	0
11858	982267-251372-0-0	www.2d-3d.ru	0.000008	1	0	0
8669	65bd063b3720d703fa73072dcabb277a-9c78d4358b08e3587	history-doc.ru	0.000008	1	0	0
11865	93335226-830873-0-0	www.eg.ru	0.000008	3	0	0
12507	89976696-630193-0-0	overclockers.ru	0.000008	1	0	0
12507	354367-6817-0-0	tvcenter-ru.turbopages.org	0.000008	1	0	0
12507	450317-238073-0-0	zagovormaga-ru.turbopages.org	0.000008	1	0	0
12507	1386626-1294341-0-0	readmanga.io	0.000008	2	0	0
12507	1780942-265504-0-0	ondom2.com	0.000072	1	0	0
11791	6f74b1d4b2ed506a17af3512d3fe8687-7a4768dd42d5d74b9	turkru.tv	0.000072	7	0	0
11909	7234779-240630-0-0	kommersant-ru.turbopages.org	0.000008	2	0	0
14055	0-216200-0-0	m.pg11.ru	0.000072	1	0	0
11857	7295714-153743-0-0	russian.rt.com	0.000008	4	0	0
11909	494474-102843-0-0	otzovik.com	0.000008	7	0	0
11864	65101275-578374-0-0	www.nn.ru	0.000008	5	0	0
9866	0-187544-0-0	www.myshared.ru	0.000072	1	0	0
11858	3848923-501135-0-0	cookjoy.ru	0.000008	1	0	0
12176	15672-0	ctc.ru	0.000534	3	0	0
11857	775153-334670-0-0	credits.ru	0.000008	1	0	0
13683	42666-622170-0-0	profile.ru	0.000061	12	0	0
11858	4342450-128930-0-0	topwar.ru	0.000008	2	0	0
12507	33160696-226157-0-0	spbdnevnik-ru.turbopages.org	0.000008	1	0	0
11864	7797099-151523-0-0	inpot.ru	0.000008	1	0	0
11858	70390261-752687-0-0	games-shariki.com	0.000008	1	0	0
11864	86690274-711814-0-0	www.yaplakal.com	0.000008	1	0	0
11865	3293020-129405-0-0	www.cosmo.ru	0.000008	3	0	0
12507	7417642-189039-0-0	gadalkindom.ru	0.000008	1	0	0
12507	7164671-294454-0-0	nagrunte.ru	0.000008	1	0	0
11909	93335226-830873-0-0	www.eg.ru	0.000072	1	0	0
11864	40633086-1209852-0-0	kulturomania.ru	0.000008	1	0	0
13686	40621-605301-0-0	ad-online.lordfilms-s.biz	0.000007	1	0	0
11860	498578-26254-0-0	www.kp.ru	0.000008	1	0	0
11858	51452342-461906-0-0	www.iguides.ru	0.000008	1	0	0
11865	458232-382315-0-0	myauto.jofo.me	0.000008	1	0	0
11909	5387468-155559-0-0	zebra-tv.ru	0.000008	2	0	0
12512	74149893-515015-0-0	stepashka.forum24.ru	0.000008	1	0	0
11909	48821797-320410-0-0	cheremhovo.gde.ru	0.000008	1	0	0
11904	7335788-185705-0-0	news-front.info	0.000008	1	0	0
11857	3090793-147280-0-0	pravoved.ru	0.000008	2	0	0
11865	6734741-142545-0-0	www.drive2.ru	0.000008	1	0	0
14056	0-187544-0-0	teleprogramma.pro	0.000072	2	0	0
12507	8562776-753573-0-0	www.ivd.ru	0.000008	1	0	0
11909	70390261-613867-0-0	zen-katalog.ru	0.000008	1	0	0
12513	5706550-280918-0-0	iz.ru	0.000008	2	0	0
11904	3223322-288741-0-0	stroim-domik.org	0.000008	1	0	0
12507	34351736-270437-0-0	inkubator.yaplakal.com	0.000008	1	0	0
12507	523537-187969-0-0	notdrink.ru	0.000008	1	0	0
11858	93736421-989341-0-0	kulinarenok.ru	0.000008	1	0	0
11864	7773941-513280-0-0	storyone.ru	0.000008	1	0	0
11868	27064358-192495-0-0	pravoved.ru	0.000008	9	0	0
12512	1163794-55784-0-0	club-lexus.ru	0.000008	1	0	0
11868	88148717-604623-0-0	question-it.com	0.000008	1	0	0
11858	2412782-419506-0-0	www.avito.ru	0.000008	123	0	0
12512	1312384-59770-0-0	izgr.ru	0.000008	1	0	0
12509	24109265-241001-0-0	dekoriko.ru	0.000072	1	0	0
11909	50615010-406523-0-0	remontkit.ru	0.000008	1	0	0
11865	80948415-749572-0-0	alcovolna.ru	0.000008	1	0	0
11909	31821067-209915-0-0	tests24.ru	0.000008	1	0	0
11857	65101275-579344-0-0	doctorpiter.ru	0.000008	1	0	0
9866	0-187544-0-0	mtg-archive.fandom.com	0.000072	1	0	0
12507	42813817-276165-0-0	www.znak.com	0.000008	3	0	0
11868	51898059-592344-0-0	remvizor.ru	0.000008	2	0	0
11858	49657268-323488-0-0	mastergrad.com	0.000008	1	0	0
11864	6438395-147025-0-0	my.mail.ru	0.000008	7	0	0
12507	54613514-398276-0-0	evrabota.blogspot.com	0.000008	1	0	0
11857	92519834-1223907-0-0	ru.drivemusic.me	0.000008	1	0	0
11909	19379947-187075-0-0	cpykami-ru.turbopages.org	0.000008	1	0	0
12507	3309915-347598-0-0	ferma-expert.turbopages.org	0.000008	2	0	0
12507	15930288-388992-0-0	pankreatit.guru	0.000008	1	0	0
11858	369305-1038-0-0	3dnews.ru	0.000008	1	0	0
11904	5764493-278531-0-0	kineshemec.ru	0.000008	1	0	0
11865	65582809-463190-0-0	infofarma.ru	0.000008	1	0	0
11865	92519834-734980-0-0	stand.hitplayer.ru	0.000008	1	0	0
11857	65101275-1205940-0-0	woman-ru.turbopages.org	0.000008	1	0	0
12507	40879015-268596-0-0	naavtotrasse.ru	0.000008	1	0	0
14056	0-216200-0-0	360tv.ru	0.000072	1	0	0
12507	1742785-98285-0-0	www.toramp.com	0.000008	1	0	0
11909	6509802-224678-0-0	elektrikexpert-ru.turbopages.org	0.000008	4	0	0
11857	24111355-1291364-0-0	readmanga.io	0.000008	2	0	0
11864	37098483-256588-0-0	oktools.ru	0.000008	2	0	0
11864	49905584-324706-0-0	sport24.ru	0.000008	1	0	0
11857	52754553-334303-0-0	gazeta.a42.ru	0.000008	5	0	0
11864	6438395-147023-0-0	news.mail.ru	0.000008	12	0	0
12512	7378703-147144-0-0	eadaily.com	0.000008	1	0	0
11868	2412782-419507-0-0	m.avito.ru	0.000008	69	0	0
12507	2076965-90081-0-0	calculator-credit.ru	0.000008	2	0	0
11868	498578-167170-0-0	www.pskov.kp.ru	0.000008	1	0	0
12507	65101275-447110-0-0	63-ru.turbopages.org	0.000008	1	0	0
12282	103960-3e6e998a2384c642273463b5e4fc6cf6-karpov-cli	karpov-clinic.ru	0.000514	1	0	0
11858	31446184-704553-0-0	www.buhsoft.ru	0.000008	1	0	0
11857	5092531-223754-0-0	m.ura.news	0.000008	2	0	0
12507	1072605-202772-0-0	stroychik.ru	0.000008	1	0	0
11865	3916508-284699-0-0	igra-pasyans.ru	0.000008	1	0	0
12507	38003043-351263-0-0	grazdano4ka.ru	0.000008	1	0	0
12507	89459135-727973-0-0	xn------cddrilihgo8aokf2d.turbopages.org	0.000008	1	0	0
12507	845311-45272-0-0	m.rosbalt.ru	0.000072	1	0	0
11858	475686-728766-0-0	amedia.online	0.000008	2	0	0
11857	32039088-212225-0-0	tehnika.expert	0.000008	1	0	0
12507	84615388-613349-0-0	muzhyazheny.ru	0.000072	1	0	0
11865	92534562-735715-0-0	ezoterika-ru.ru	0.000008	1	0	0
9864	0-187544-0-0	m.pg21.ru	0.000072	1	0	0
12507	48537776-547400-0-0	jut.su	0.000072	2	0	0
11865	30570339-731199-0-0	moevideo.biz	0.000008	1	0	0
11857	61604753-515020-0-0	shurupkin.ru	0.000008	1	0	0
11868	1560494-485869-0-0	lenta.ru	0.000072	1	0	0
12507	87276007-592219-0-0	spb.mk.ru	0.000072	1	0	0
12507	7773941-201149-0-0	enciklopediya-tehniki.ru	0.000008	2	0	0
11858	37098483-256588-0-0	oktools.ru	0.000008	1	0	0
11868	51898059-974103-0-0	gisher.org	0.000008	1	0	0
11858	87936520-601046-0-0	love.mail.ru	0.000008	1	0	0
11865	30570339-655393-0-0	moevideo.biz	0.000008	1	0	0
12507	46942132-289585-0-0	ucrazy.ru	0.000008	2	0	0
12507	915412-108160-0-0	1prime-ru.turbopages.org	0.000008	1	0	0
12507	4140396-127625-0-0	www.newkaliningrad.ru	0.000008	1	0	0
12507	36446828-281373-0-0	www.colady.ru	0.000008	1	0	0
11904	3849512-125905-0-0	www.liveinternet.ru	0.000008	1	0	0
11858	38661274-635654-0-0	pdf-book.ru	0.000008	1	0	0
12507	90720690-643887-0-0	mir-knig.com	0.000008	11	0	0
11909	3399560-207636-0-0	vse-zadarma.ru	0.000008	1	0	0
11864	5092869-134625-0-0	echo.msk.ru	0.000008	2	0	0
9012	36392-475082-0-0	teleprogramma.pro	0.000061	6	0	0
11909	3293020-129405-0-0	www.cosmo.ru	0.000008	3	0	0
11864	65101275-575584-0-0	www.e1.ru	0.000008	8	0	0
11864	86690274-607061-0-0	ctnews.ru	0.000008	1	0	0
12176	8083-0	com.openmygame.games.android.wordsearchsea	0.000534	6	0	0
11868	92386429-746409-0-0	telik.top	0.000008	6	0	0
11868	1560494-348683-0-0	daily.afisha.ru	0.000008	1	0	0
11905	2112549-91685-0-0	yaszdorov.mirtesen.ru	0.000008	1	0	0
12507	2103170-497885-0-0	dni24-com.turbopages.org	0.000008	1	0	0
11865	4782430-188668-0-0	www.glaz.tv	0.000008	1	0	0
12509	7432993-149001-0-0	kgd.ru	0.000008	1	0	0
11865	420727-124943-0-0	ilibrary.ru	0.000008	1	0	0
11857	65101275-579344-0-0	doctorpiter.ru	0.000072	1	0	0
12507	88121411-603874-0-0	newsrank.ru	0.000008	1	0	0
12507	478096-57509-0-0	www.inpearls.ru	0.000008	2	0	0
12507	35316052-633711-0-0	crimeaplus.ru	0.000008	3	0	0
11868	7295714-188279-0-0	russian.rt.com	0.000008	1	0	0
12507	10018531-248049-0-0	1tulatv.ru	0.000008	1	0	0
11909	30570339-693876-0-0	rg.ru	0.000008	1	0	0
11857	39554346-263965-0-0	flymer.ru	0.000008	1	0	0
11864	65101275-576549-0-0	63.ru	0.000008	1	0	0
12507	407197-158840-0-0	lisa.ru	0.000008	1	0	0
11904	30477641-200831-0-0	www.trud.com	0.000008	1	0	0
11865	32279266-604358-0-0	mel.fm	0.000008	1	0	0
11865	7404181-196299-0-0	prigotovimvkusno.com	0.000008	1	0	0
12507	6374775-583837-0-0	avtovesti.com	0.000008	1	0	0
12507	2239710-246680-0-0	vyborok.com	0.000008	1	0	0
12509	65949452-515704-0-0	teleprogramma.pro	0.000008	9	0	0
12507	5373718-290410-0-0	anekdot--anekdoty-ru.turbopages.org	0.000008	1	0	0
12507	494474-102843-0-0	otzovik.com	0.000008	25	0	0
11791	8d0aaacfbe818c2738616522fb056826-e8a44c1b1fad74dec	www.myshared.ru	0.000072	1	0	0
11858	39769321-506418-0-0	old.autopiter.ru	0.000008	5	0	0
11909	6438395-353890-0-0	tv.mail.ru	0.000008	2	0	0
12509	55707270-458165-0-0	app-98073.games.s3.yandex.net	0.000008	1	0	0
12509	65949452-453595-0-0	rg.ru	0.000008	2	0	0
11857	51011052-328207-0-0	www.fragrantica.ru	0.000008	1	0	0
12512	65101275-447176-0-0	www.nn.ru	0.000008	3	0	0
12507	49905584-324706-0-0	sport24.ru	0.000008	3	0	0
11864	6438395-147024-0-0	horo.mail.ru	0.000008	2	0	0
12512	51898059-1238537-0-0	ucrazy.ru	0.000008	3	0	0
11909	91122342-653694-0-0	fanat1k.ru	0.000008	2	0	0
11909	93736421-989340-0-0	kylinariya.ru	0.000008	1	0	0
12513	3293020-129405-0-0	www.cosmo.ru	0.000008	3	0	0
11909	6734741-142545-0-0	www.drive2.ru	0.000008	1	0	0
13001	ba445a848a4f48539a14d3bcb2b3ec28-958e255d322386e6b	tsargrad.tv	0.000534	169	0	0
12367	0-187544-0-0	www.mk.ru	0.000072	1	0	0
12507	92493306-733615-0-0	bez-makiyazha.ru	0.000008	1	0	0
11865	61657907-412959-0-0	m.spletnik.ru	0.000008	2	0	0
12507	3598907-330905-0-0	vokrug-tv.turbopages.org	0.000008	1	0	0
11864	65101275-578759-0-0	www.marieclaire.ru	0.000008	2	0	0
12507	5839191-236527-0-0	tvrain-ru.turbopages.org	0.000008	2	0	0
11858	91624402-706088-0-0	blitz.plus	0.000008	1	0	0
12507	6622038-491998-0-0	cleany.biz	0.000008	1	0	0
12507	34408360-242635-0-0	econ.wikireading.ru	0.000072	1	0	0
11857	7295714-153743-0-0	russian.rt.com	0.000072	2	0	0
11858	93836300-1210042-0-0	www.microstock.ru	0.000008	1	0	0
11864	18373836-576995-0-0	online.anidub.com	0.000008	1	0	0
11865	8381155-722011-0-0	apteka.103.by	0.000008	3	0	0
12507	5480645-142080-0-0	www.babyblog.ru	0.000008	2	0	0
11864	2412782-189903-0-0	www.avito.ru	0.000008	8	0	0
12507	32657900-220340-0-0	iz-ru.turbopages.org	0.000008	3	0	0
12507	8240866-155688-0-0	www.belnovosti.by	0.000008	7	0	0
12507	51898059-1238537-0-0	ucrazy.ru	0.000008	1	0	0
11865	8562776-752125-0-0	www.mk.ru	0.000072	1	0	0
14055	0-216200-0-0	m.7days.ru	0.000072	1	0	0
11864	1913107-81264-0-0	hitfm.ru	0.000008	1	0	0
11858	69306375-761936-0-0	fkclub.ru	0.000008	1	0	0
12507	5092869-134625-0-0	echo-msk-ru.turbopages.org	0.000008	1	0	0
11857	728568-69138-0-0	pozdravok.ru	0.000008	3	0	0
12507	24063418-190744-0-0	vplate.ru	0.000072	1	0	0
11909	3097034-259311-0-0	kakpishem.ru	0.000008	1	0	0
11909	52754553-334303-0-0	gazeta.a42.ru	0.000008	3	0	0
11868	8562776-756714-0-0	radiokp.ru	0.000008	1	0	0
11904	94793510-1275664-0-0	doorchange.ru	0.000008	1	0	0
11858	1560494-660797-0-0	mail.rambler.ru	0.000008	5	0	0
12507	87658317-639089-0-0	sokurnso.ru	0.000008	2	0	0
11864	6438395-143097-0-0	otvet.mail.ru	0.000008	1	0	0
11904	8054248-216855-0-0	ir-center.ru	0.000008	2	0	0
9866	0-216200-0-0	www.lentainform.com	0.000072	4	0	0
12507	7664547-442805-0-0	m--strana-ru.turbopages.org	0.000008	3	0	0
11909	2412782-419507-0-0	m.avito.ru	0.000008	19	0	0
11864	75907078-916410-0-0	fotostrana.ru	0.000008	2	0	0
11857	92519834-734981-0-0	lightaudio.ru	0.000008	1	0	0
12507	1801033-247350-0-0	mangalib.me	0.000072	5	0	0
11865	91778881-710033-0-0	okno-pro.ru	0.000008	1	0	0
11858	39554346-263965-0-0	flymer.ru	0.000008	1	0	0
12507	24111355-1291364-0-0	readmanga.io	0.000008	4	0	0
11860	2390032-357688-0-0	www.msn.com	0.000008	3	0	0
12507	5244640-136279-0-0	forum.relicvia.ru	0.000008	1	0	0
11905	1600226-68252-0-0	barnaul.bezformata.com	0.000008	1	0	0
12507	4817705-131942-0-0	www.u-mama.ru	0.000008	1	0	0
12507	33720538-234760-0-0	grazhdaninu.com	0.000008	1	0	0
9866	0-187544-0-0	www.kinoafisha.info	0.000072	1	0	0
11864	91159049-655744-0-0	remanga.org	0.000008	5	0	0
11857	16694044-184991-0-0	www.finam.ru	0.000008	2	0	0
12507	57475108-389073-0-0	online47-ru.turbopages.org	0.000008	1	0	0
11864	65101275-447176-0-0	www.nn.ru	0.000008	1	0	0
12507	13206737-332668-0-0	vdiete.ru	0.000008	1	0	0
11905	24063418-483483-0-0	manrule.ru	0.000008	1	0	0
11868	6557105-250544-0-0	interfax-ru.turbopages.org	0.000008	2	0	0
11904	94454731-1243642-0-0	pagb.ru	0.000008	1	0	0
12507	1448522-80672-0-0	medside-ru.turbopages.org	0.000008	2	0	0
11905	2112549-91685-0-0	asstro.mirtesen.ru	0.000008	1	0	0
9866	0-187544-0-0	elderscrolls.fandom.com	0.000072	1	0	0
12507	5101862-159009-0-0	nastroike.com	0.000008	1	0	0
11791	8d0aaacfbe818c2738616522fb056826-dcdd9656b2ab85c5a	www.hobobo.ru	0.000072	1	0	0
11904	30477641-200831-0-0	moskva.trud.com	0.000008	2	0	0
11858	32125188-428270-0-0	bloknot-kamyshin.ru	0.000008	1	0	0
11868	1412746-1207820-0-0	m.iamcook.ru	0.000008	2	0	0
11909	93836300-1210014-0-0	www.bolshoyvopros.ru	0.000008	4	0	0
12512	5764493-278531-0-0	kineshemec.ru	0.000008	1	0	0
12507	5483103-195887-0-0	ihlastan.ru	0.000008	1	0	0
9012	36392-475082-0-0	teleprogramma.pro	0.00009	1	1	0
12512	3293020-129405-0-0	www.cosmo.ru	0.000008	2	0	0
12367	0-187544-0-0	elderscrolls.fandom.com	0.000072	1	0	0
14051	15737-1017125893-0-0	com.openmygame.games.android.wordsearchsea	0.000534	12	0	0
11858	4817705-131942-0-0	www.u-mama.ru	0.000008	1	0	0
11864	73380346-498013-0-0	vigortrade.71smi.ru	0.000008	1	0	0
11909	1924263-654242-0-0	kotle.ru	0.000008	1	0	0
11858	1322075-130167-0-0	businessman.ru	0.000008	1	0	0
11868	71813031-545728-0-0	www.gismeteo.ru	0.000008	6	0	0
12512	420776-2111-0-0	club443.ru	0.000072	1	0	0
12507	8562776-751706-0-0	www.kp.ru	0.000008	1	0	0
11904	36882225-529990-0-0	gamesisart.ru	0.000008	1	0	0
11909	2064639-164017-0-0	classinform.ru	0.000008	1	0	0
11904	1039736-117837-0-0	renault-drive.ru	0.000008	1	0	0
12507	93736421-989340-0-0	kylinariya.ru	0.000008	2	0	0
11909	25224713-191065-0-0	spektr.press	0.000008	1	0	0
12507	93335226-830873-0-0	www.eg.ru	0.000072	2	0	0
12367	0-216200-0-0	101.ru	0.000072	1	0	0
11858	1552801-346643-0-0	ab-news.ru	0.000008	1	0	0
11909	24111355-1291364-0-0	readmanga.io	0.000008	1	0	0
12513	65101275-447180-0-0	pogoda.e1.ru	0.000008	1	0	0
11858	2412782-189903-0-0	www.avito.ru	0.000008	5	0	0
12507	897795-259376-0-0	www.ixbt.com	0.000008	1	0	0
11857	87936520-601046-0-0	love.mail.ru	0.000008	5	0	0
12507	473106-94916-0-0	anekdotov.net	0.000008	2	0	0
11791	10-844-0-0	journeywomans.ru	0.000008	4	0	0
12176	8083-0	com.openmygame.games.android.wordpizza	0.000534	3	0	0
11865	1124250-54642-0-0	krsk.au.ru	0.000008	1	0	0
12512	5601425-267201-0-0	penzanews.ru	0.000008	1	0	0
11904	93110714-761020-0-0	www.defsmeta.com	0.000008	2	0	0
11864	65101275-447180-0-0	pogoda.e1.ru	0.000008	1	0	0
11864	3420410-122989-0-0	voronezh.regmarkets.ru	0.000008	1	0	0
12507	59883458-1238125-0-0	kartgeoburo.ru	0.000008	1	0	0
11857	24099038-190786-0-0	m.progorod33.ru	0.000008	1	0	0
12512	92928962-752036-0-0	animego.org	0.000008	2	0	0
12507	45746419-284959-0-0	schlock.ru	0.000072	2	0	0
11868	7226200-154932-0-0	www.chita.ru	0.000008	3	0	0
11864	38603231-260734-0-0	knigilub.ru	0.000008	1	0	0
12507	1412746-1258509-0-0	www.litmir.me	0.000008	1	0	0
12507	49533561-511257-0-0	lvrach-ru.turbopages.org	0.000008	2	0	0
12507	2412782-419506-0-0	www.avito.ru	0.000008	18	0	0
9869	0-187544-0-0	profile.ru	0.000072	3	0	0
11860	5706550-281826-0-0	ren.tv	0.000008	4	0	0
12507	51526388-237403-0-0	povarenok-ru.turbopages.org	0.000008	1	0	0
11864	1124250-54642-0-0	au.ru	0.000008	1	0	0
11909	34521910-350478-0-0	male.mediasalt.ru	0.000008	1	0	0
11905	10322213-277627-0-0	100realt.ru	0.000008	3	0	0
11909	3598907-500928-0-0	auth.wi-fi.ru	0.000008	1	0	0
11865	4342450-263322-0-0	topcor.ru	0.000008	1	0	0
11904	2239710-346458-0-0	yanashla.com	0.000008	1	0	0
11865	7358598-185491-0-0	o-dveryah.ru	0.000008	1	0	0
12507	1600226-68252-0-0	barnaul.bezformata.com	0.000008	1	0	0
11904	36520651-255057-0-0	homes.ngs.ru	0.000008	1	0	0
11909	3598907-324656-0-0	7days-ru.turbopages.org	0.000008	1	0	0
11865	2412782-419506-0-0	www.avito.ru	0.000008	196	0	0
14056	0-187544-0-0	360tv.ru	0.000072	1	0	0
11858	38661274-637001-0-0	knigkindom.ru	0.000008	2	0	0
11864	2029124-87589-0-0	www.vzsar.ru	0.000008	2	0	0
11865	6535567-248528-0-0	taraklop.ru	0.000008	1	0	0
12507	24063418-242868-0-0	stroy-podskazka.ru	0.000008	1	0	0
11904	5510286-138138-0-0	razlozhi.ru	0.000008	8	0	0
11858	58502698-395640-0-0	www.yapokupayu.ru	0.000008	1	0	0
12507	71191770-486682-0-0	mainstyles.ru	0.000008	1	0	0
12367	0-187544-0-0	happytreefriends.fandom.com	0.000072	1	0	0
12507	73647856-528283-0-0	samaraonline24-ru.turbopages.org	0.000008	1	0	0
11909	4140396-623836-0-0	m.newkaliningrad.ru	0.000008	1	0	0
11868	18373836-871586-0-0	stranasovetoff.ru	0.000008	1	0	0
12507	69891566-602765-0-0	udipedia-live.ru	0.000008	1	0	0
12507	1282729-188749-0-0	www.megazdorov.ru	0.000008	2	0	0
9866	0-187544-0-0	animeonline.cc	0.000072	7	0	0
11905	1202504-456216-0-0	lkard-lk.ru	0.000008	1	0	0
12507	36882225-267966-0-0	rusvesna.su	0.000008	1	0	0
9864	0-187544-0-0	flymer.ru	0.000072	1	0	0
11865	54464709-342612-0-0	korzik.net	0.000008	1	0	0
11865	6477779-284177-0-0	sims4pack.ru	0.000008	1	0	0
11865	1985182-192533-0-0	remont-system.ru	0.000008	1	0	0
12367	0-187544-0-0	mairimashitairumakun.fandom.com	0.000072	1	0	0
9012	41316-586119-0-0	m.7days.ru	0.000061	1	0	0
12507	82182983-561692-0-0	vyborexperta.ru	0.000008	2	0	0
11865	6557105-250544-0-0	www.interfax.ru	0.000072	2	0	0
12507	3815854-196987-0-0	behoneybee.ru	0.000008	2	0	0
11868	1180293-56287-0-0	www.kaluga-poisk.ru	0.000008	1	0	0
11865	7378703-147144-0-0	eadaily.com	0.000008	1	0	0
11858	874982-46249-0-0	svpressa.ru	0.000008	1	0	0
11864	87828462-739756-0-0	blognesco.ru	0.000008	3	0	0
11904	91521476-677657-0-0	vkfaces.com	0.000008	2	0	0
12176	15527-0	prekrasnaya.com	0.000534	1	0	0
11904	93915523-1277765-0-0	samelectrik.ru	0.000008	1	0	0
12507	87276007-592219-0-0	www.mk.ru	0.000072	1	0	0
11857	2103170-497885-0-0	dni24-com.turbopages.org	0.000008	1	0	0
12513	65101275-578603-0-0	www.fontanka.ru	0.000008	1	0	0
11857	56336832-381479-0-0	m.tabor.ru	0.000008	4	0	0
11864	6438395-248298-0-0	youla.ru	0.000008	11	0	0
11791	6f74b1d4b2ed506a17af3512d3fe8687-bd7d3463c663a2c35	skam.online	0.000072	1	0	0
11857	42813817-276165-0-0	www.znak.com	0.000008	6	0	0
11868	18373836-407993-0-0	www.u-mama.ru	0.000008	1	0	0
11865	8562776-854242-0-0	forum.littleone.ru	0.000008	1	0	0
11865	33337629-259756-0-0	svetosmotr.ru	0.000008	1	0	0
11858	61678927-855384-0-0	read13.w10.lovereads.ru	0.000008	1	0	0
12507	38638301-483912-0-0	zvukibukvy-ru.turbopages.org	0.000008	1	0	0
12507	94848661-1268895-0-0	povar-ru.turbopages.org	0.000008	3	0	0
11864	65101275-447165-0-0	love.ngs.ru	0.000008	2	0	0
12507	54464709-342612-0-0	korzik.net	0.000008	1	0	0
11858	51452342-496695-0-0	daily-inform.ru	0.000008	1	0	0
9866	0-216200-0-0	www.film.ru	0.000072	1	0	0
12507	407197-91828-0-0	burdastyle.ru	0.000008	1	0	0
11909	49905584-324706-0-0	sport24.ru	0.000008	1	0	0
11865	422981-185913-0-0	meharossii.ru	0.000008	1	0	0
12507	7687782-253370-0-0	anews-com.turbopages.org	0.000008	1	0	0
12507	396626-1140-0-0	tomsk.stroyportal.ru	0.000008	1	0	0
11904	448817-45172-0-0	gotovim-doma.ru	0.000008	1	0	0
12507	1650869-235105-0-0	novayagazeta-ru.turbopages.org	0.000008	2	0	0
11865	3003711-114821-0-0	russian7.ru	0.000008	1	0	0
11857	37341346-257912-0-0	ozornik.net	0.000072	1	0	0
12507	1818286-494149-0-0	sovet-ingenera.com	0.000008	1	0	0
11904	9604773-279854-0-0	cicon.ru	0.000008	2	0	0
11865	35151261-246354-0-0	xn--80aaademhwo0czaihgp8c1exb.xn--p1ai	0.000008	1	0	0
12507	7317426-195137-0-0	sam--stroitel-com.turbopages.org	0.000008	1	0	0
11864	94031473-1207349-0-0	www.tursar.ru	0.000008	1	0	0
11905	1892681-80073-0-0	gid.volga.news	0.000008	1	0	0
11868	8562776-757348-0-0	teleprogramma.pro	0.000072	1	0	0
11909	1756154-113576-0-0	m.sibkray.ru	0.000008	3	0	0
11865	33460637-231594-0-0	expert-dacha.pro	0.000008	1	0	0
11865	40220325-603717-0-0	xn--80aanyip7d.xn--p1ai	0.000008	1	0	0
12507	897669-56459-0-0	pikabu-ru.turbopages.org	0.000008	2	0	0
11865	91411553-671414-0-0	intrigue.dating	0.000008	2	0	0
11904	1099952-222674-0-0	arbir.ru	0.000008	1	0	0
11905	6622038-491998-0-0	cleany.biz	0.000008	1	0	0
11858	1728009-162266-0-0	www.1tv.ru	0.000008	2	0	0
11865	1202504-756971-0-0	eldomo.ru	0.000008	1	0	0
11864	1060144-357851-0-0	ticket4me.ru	0.000008	1	0	0
12512	56330162-381389-0-0	michurinsk.mebel-store.com	0.000008	2	0	0
12509	6746465-148945-0-0	hhcdn.ru	0.000008	2	0	0
11865	93360914-840292-0-0	avia.pro	0.000008	1	0	0
11857	1558554-64375-0-0	osullivan.ru	0.000008	1	0	0
11865	91622640-844277-0-0	kupit-sedlo.ru	0.000008	1	0	0
11865	65101275-447110-0-0	63.ru	0.000008	1	0	0
12507	91624402-735164-0-0	day.ru	0.000008	10	0	0
12507	22684436-260651-0-0	expert-kachestva.ru	0.000008	1	0	0
11865	91778783-1241164-0-0	kardiokbr.ru	0.000008	2	0	0
11868	6521227-193315-0-0	warfor-me.turbopages.org	0.000008	1	0	0
11857	412843-285029-0-0	povar24-info.turbopages.org	0.000008	1	0	0
11909	51898059-993451-0-0	fermer.blog	0.000008	1	0	0
11865	897669-460527-0-0	pikabu.ru	0.000008	1	0	0
11857	55881117-834563-0-0	protransport.msk.ru	0.000008	1	0	0
11909	489260-186679-0-0	vkys.info	0.000008	1	0	0
12507	18218482-186487-0-0	pogoda7.ru	0.000008	1	0	0
12507	7773941-490462-0-0	moydom21.ru	0.000008	1	0	0
11868	51898059-563565-0-0	zarplatto.ru	0.000008	1	0	0
11858	1386626-1294341-0-0	readmanga.io	0.000008	1	0	0
12507	34351736-270437-0-0	www.yaplakal.com	0.000008	2	0	0
11868	93683367-979907-0-0	aktnews.ru	0.000008	5	0	0
9864	0-187544-0-0	turkcinema.org	0.000072	1	0	0
12507	412843-381236-0-0	podomu.info	0.000008	1	0	0
12507	93736421-989340-0-0	kylinariya-ru.turbopages.org	0.000008	1	0	0
12513	93683367-979907-0-0	aktnews.ru	0.000008	1	0	0
11868	1958615-295746-0-0	mirnov-ru.turbopages.org	0.000008	1	0	0
12509	65949452-570891-0-0	www.sunhome.ru	0.000008	1	0	0
12507	51898059-582604-0-0	avtozam.com	0.000008	1	0	0
11908	91864171-705183-0-0	www.filmpro.ru	0.000008	1	0	0
11905	6438461-709396-0-0	ok.ru	0.000008	1	0	0
11791	10-844-0-0	journeywomans.ru	0.000009	0	1	0
9012	33854-593382-0-0	trinixy.ru	0.000061	1	0	0
12507	941157-244054-0-0	magadanmedia.ru	0.000008	1	0	0
11865	8083377-479187-0-0	pensii-lgoty.ru	0.000008	1	0	0
11909	974947-49517-0-0	9111-ru.turbopages.org	0.000008	4	0	0
11909	3293020-129405-0-0	cosmo-ru.turbopages.org	0.000008	1	0	0
11857	36493473-331594-0-0	konkurent.ru	0.000008	3	0	0
11864	7257684-816070-0-0	dachasad.site	0.000008	1	0	0
11864	42813817-276165-0-0	www.znak.com	0.000008	1	0	0
12507	93915523-1216602-0-0	happymodern.ru	0.000008	1	0	0
11858	1047127-1255452-0-0	photoshablon.com	0.000008	1	0	0
12507	68133542-467211-0-0	osnmedia-ru.turbopages.org	0.000008	1	0	0
11868	7012007-394582-0-0	potolokjournal.ru	0.000008	1	0	0
12509	47325132-356108-0-0	xn--1-htbf.xn--p1ai	0.000008	1	0	0
11909	6438395-353896-0-0	lady.mail.ru	0.000008	1	0	0
11864	6438395-147025-0-0	my.mail.ru	0.000072	7	0	0
9012	42666-624602-0-0	turkru.tv	0.000061	2	0	0
12507	509629-486824-0-0	rg-ru.turbopages.org	0.000008	4	0	0
11909	940667-143314-0-0	acomics.ru	0.000008	2	0	0
12507	91531139-1206473-0-0	pricep-vlg.ru	0.000008	1	0	0
11865	69816178-613423-0-0	gukkur.ru	0.000008	1	0	0
11857	2047853-448511-0-0	tekst-pesni.online	0.000008	1	0	0
11905	2112549-91685-0-0	topnovoje.mirtesen.ru	0.000008	1	0	0
11857	87936520-601046-0-0	wap.love.mail.ru	0.000008	1	0	0
9866	0-187544-0-0	m.7days.ru	0.000072	2	0	0
12512	6746465-142629-0-0	hh.ru	0.000008	1	0	0
11904	67572452-463347-0-0	track24.ru	0.000008	3	0	0
12507	9089148-257593-0-0	www.gtafans.ru	0.000072	1	0	0
9864	0-216200-0-0	www.m24.ru	0.000072	1	0	0
11905	2112549-91685-0-0	satira.mirtesen.ru	0.000008	2	0	0
11909	89977920-630226-0-0	examenpdd.com	0.000008	1	0	0
11909	93335226-830873-0-0	www.eg.ru	0.000008	2	0	0
11868	35650980-513061-0-0	ktv-ray.ru	0.000008	5	0	0
9864	0-187544-0-0	m.7days.ru	0.000072	1	0	0
12507	4436289-425860-0-0	yomed.ru	0.000008	1	0	0
11865	73940328-503305-0-0	y-mas.ru	0.000008	1	0	0
11865	3107195-423034-0-0	podaryn.ru	0.000008	1	0	0
12507	39554346-263965-0-0	flymer.ru	0.000008	1	0	0
11868	92928962-752036-0-0	animego.org	0.000072	1	0	0
12507	61657907-412959-0-0	www.spletnik.ru	0.000008	1	0	0
11864	1913085-81261-0-0	montecarlo.ru	0.000008	1	0	0
12507	50264598-537567-0-0	jamfm.ru	0.000008	1	0	0
11904	51217486-1258490-0-0	vsesamodelki.ru	0.000008	1	0	0
11865	1924263-654242-0-0	kotle.ru	0.000008	1	0	0
12507	6734741-154950-0-0	drive2-ru.turbopages.org	0.000008	2	0	0
11865	91778881-1241876-0-0	royale-shop.ru	0.000008	1	0	0
11865	7975544-153745-0-0	tass.ru	0.000072	1	0	0
11857	1560494-332453-0-0	ferra-ru.turbopages.org	0.000008	1	0	0
11858	1801033-247350-0-0	mangalib.me	0.000072	1	0	0
11868	38979861-261935-0-0	spb-mk-ru.turbopages.org	0.000008	1	0	0
11909	87276007-592220-0-0	www.avtovzglyad.ru	0.000008	3	0	0
11909	6438395-353926-0-0	dom.mail.ru	0.000008	1	0	0
11858	834129-60319-0-0	gisclub.tv	0.000008	1	0	0
11909	1265053-77136-0-0	dogexpert.ru	0.000008	1	0	0
9011	42917-616717-0-0	turkcinema.org	0.00009	0	1	0
12507	90484702-639714-0-0	csn--tv-ru.turbopages.org	0.000008	2	0	0
12507	1412746-580826-0-0	www.litmir.me	0.000008	2	0	0
11909	51606843-330728-0-0	femmie.ru	0.000008	1	0	0
11868	70390261-623617-0-0	journeywomans.ru	0.000008	1	0	0
11865	61604753-515020-0-0	shurupkin.ru	0.000008	1	0	0
11857	36882225-418261-0-0	auto.sakh.com	0.000008	2	0	0
11865	2239710-346458-0-0	yanashla.com	0.000008	1	0	0
12507	931235-747347-0-0	my-calend.ru	0.000008	1	0	0
11857	65101275-447162-0-0	www.fontanka.ru	0.000008	5	0	0
11868	6557105-250544-0-0	www.interfax.ru	0.000072	1	0	0
10009	817-3540-0-0	turkcinema.org	0.000072	4	0	0
11909	65101275-575584-0-0	www.e1.ru	0.000008	1	0	0
11791	65bd063b3720d703fa73072dcabb277a-9c78d4358b08e3587	hdserials.online	0.000008	1	0	0
12512	2411802-554098-0-0	desu.me	0.000008	1	0	0
12507	31575695-208854-0-0	www.orgpage.ru	0.000008	1	0	0
11865	40406530-608271-0-0	xn--80anjd4dyb.xn--p1ai	0.000008	1	0	0
11905	1390322-415877-0-0	upn.ru	0.000008	1	0	0
11857	1560494-274044-0-0	letidor-ru.turbopages.org	0.000008	1	0	0
12507	4782430-188668-0-0	www.glaz.tv	0.000072	1	0	0
10209	10-844-0-0	journeywomans.ru	0.000008	6	0	0
11909	65101275-578759-0-0	www.marieclaire.ru	0.000008	3	0	0
11909	985920-49912-0-0	www.vidal.ru	0.000008	1	0	0
11904	823359-62733-0-0	gallerix.ru	0.000008	1	0	0
11868	89834739-627758-0-0	m.meteonova.ru	0.000008	1	0	0
11868	71191770-486682-0-0	mainstyles.ru	0.000008	1	0	0
11791	65bd063b3720d703fa73072dcabb277a-9c78d4358b08e3587	animeonline.cc	0.000008	1	0	0
11857	1560494-348664-0-0	lenta-ru.turbopages.org	0.000008	1	0	0
11858	53860057-339287-0-0	prufy.ru	0.000008	1	0	0
11858	545208-338379-0-0	potolok.expert	0.000008	1	0	0
11868	71885840-490795-0-0	www.nur.kz	0.000008	1	0	0
11909	7773941-1242734-0-0	miravto21.ru	0.000008	1	0	0
11904	4522976-130241-0-0	blog.englishvoyage.com	0.000008	1	0	0
11865	5129950-134872-0-0	www.fhspb.ru	0.000008	1	0	0
11868	1435993-540853-0-0	www.edimdoma.ru	0.000008	1	0	0
12507	51468706-330066-0-0	vz-ru.turbopages.org	0.000008	1	0	0
11868	1728009-162266-0-0	www.1tv.ru	0.000008	1	0	0
11858	1506415-144932-0-0	avtoved.guru	0.000008	1	0	0
11858	7563386-388681-0-0	business-and-banks.ru	0.000008	1	0	0
11858	31902177-210520-0-0	gorod-novoross.ru	0.000008	1	0	0
9011	40517-489803-0-0	www.yaplakal.com	0.000007	2	0	0
11865	46809208-289191-0-0	fantasywiki.ru	0.000008	1	0	0
11865	30570339-681432-0-0	svpressa.ru	0.000008	1	0	0
11865	30570339-681436-0-0	moevideo.biz	0.000008	1	0	0
11909	90720690-643887-0-0	mir-knig.com	0.000008	5	0	0
12507	1319656-550717-0-0	poklevka-com.turbopages.org	0.000008	2	0	0
11857	40761571-268207-0-0	kuppe.ru	0.000008	1	0	0
12507	94157104-1271237-0-0	kinobuks.ru	0.000008	9	0	0
8669	3938cf97ea84e2a9485f979e908bda87-6dd7f7a279120d51b	forums.playground.ru	0.000008	1	0	0
11791	65bd063b3720d703fa73072dcabb277a-9c78d4358b08e3587	doctorhouse.tv	0.000072	1	0	0
12507	2239710-346458-0-0	yanashla.com	0.000008	1	0	0
11868	51898059-994668-0-0	trinixy.ru	0.000072	1	0	0
11857	36493473-331129-0-0	primpress.ru	0.000008	1	0	0
11868	2390032-357688-0-0	www.msn.com	0.000008	1	0	0
9866	0-216200-0-0	101.ru	0.000072	1	0	0
11858	65101275-576144-0-0	29.ru	0.000008	2	0	0
11857	34722893-243892-0-0	moskva1.jsprav.ru	0.000008	1	0	0
11904	509629-29789-0-0	rg.ru	0.000008	1	0	0
11858	54281719-340919-0-0	kvartblog.ru	0.000008	1	0	0
12509	65949452-821975-0-0	add2.seo-fast.ru	0.000008	1	0	0
11857	7687782-448212-0-0	profile.ru	0.000008	5	0	0
11865	93335226-830873-0-0	www.eg.ru	0.000072	3	0	0
11909	93261812-810117-0-0	doramalive.ru	0.000072	1	0	0
12803	0-187544-0-0	prekrasnaya.com	0.000534	2	0	0
11864	1846658-127884-0-0	dota2.ru	0.000008	1	0	0
11904	3815854-196987-0-0	behoneybee.ru	0.000008	1	0	0
12509	65949452-453151-0-0	echo.msk.ru	0.000008	3	0	0
11904	32781733-221907-0-0	ulan-ude.move.ru	0.000008	1	0	0
11868	91864171-708690-0-0	www.vesti.ru	0.000072	3	0	0
11909	66475862-459160-0-0	rostovgazeta-ru.turbopages.org	0.000008	1	0	0
12507	1756154-113576-0-0	m.sibkray.ru	0.000008	2	0	0
12507	30572317-381078-0-0	building-ooo.ru	0.000008	2	0	0
11909	9125334-213120-0-0	znaesh--kak-com.turbopages.org	0.000008	1	0	0
12512	71813031-490450-0-0	www.gismeteo.ru	0.000008	1	0	0
11865	51898059-1263934-0-0	podborkino.com	0.000008	3	0	0
10009	6d4e33980ff0d340926898fa68e2f0cf-ac0cfa0dfcc0909ac	animeonline.cc	0.000072	1	0	0
12176	8083-0	com.gma.water.sort.puzzle	0.000534	1	0	0
12507	53326274-442751-0-0	gosuslugi.pro	0.000008	1	0	0
11865	1557222-76801-0-0	basetop.ru	0.000008	1	0	0
11865	91622640-844300-0-0	ardo-dez.ru	0.000008	1	0	0
11909	36493473-331129-0-0	primpress.ru	0.000072	1	0	0
11909	8176469-155098-0-0	cheb.ru	0.000008	1	0	0
12367	0-216200-0-0	m.7days.ru	0.000072	1	0	0
11904	93360914-840292-0-0	avia.pro	0.000008	1	0	0
11858	1837803-186963-0-0	rolld.ru	0.000008	1	0	0
11857	3293020-129405-0-0	www.cosmo.ru	0.000008	2	0	0
12507	1180293-244437-0-0	cher--poisk-ru.turbopages.org	0.000008	2	0	0
11860	8379705-159020-0-0	smart-lab.ru	0.000008	1	0	0
12507	845311-45272-0-0	m.rosbalt.ru	0.000008	1	0	0
12507	54670452-473966-0-0	koleosclub.com	0.000008	1	0	0
11904	82182983-561692-0-0	vyborexperta.ru	0.000008	1	0	0
11858	523900-450380-0-0	teleprogramma.pro	0.000008	1	0	0
11868	897669-56459-0-0	pikabu.ru	0.000008	6	0	0
11865	4342450-128930-0-0	topwar.ru	0.000008	1	0	0
12512	1124250-54642-0-0	krsk.au.ru	0.000008	1	0	0
11857	92519834-1268275-0-0	mp3iq.net	0.000008	1	0	0
12507	1322075-479443-0-0	syl-ru.turbopages.org	0.000008	2	0	0
11865	4434695-49087-0-0	police-russia.com	0.000008	2	0	0
12513	2390032-357688-0-0	www.msn.com	0.000008	2	0	0
12509	65949452-548324-0-0	mel.fm	0.000008	1	0	0
11904	87276007-592219-0-0	www.mk.ru	0.000008	1	0	0
11868	49905584-324706-0-0	sport24.ru	0.000008	1	0	0
11858	407197-91828-0-0	burdastyle.ru	0.000008	1	0	0
12507	7632479-149419-0-0	riafan-ru.turbopages.org	0.000008	1	0	0
11857	4140396-127625-0-0	www.newkaliningrad.ru	0.000008	1	0	0
11860	71813031-490450-0-0	www.gismeteo.ru	0.000008	1	0	0
12509	49905584-324706-0-0	sport24.ru	0.000008	1	0	0
12507	65101275-479384-0-0	fontanka-ru.turbopages.org	0.000008	1	0	0
11857	36338709-257091-0-0	visasam.ru	0.000008	1	0	0
13156	20368-140798-Mintegral-Ball^20Sort^20Color^20Puzzle	com.gma.ball.sort.color.water.puzzle	0.000534	1	0	0
11904	93473535-887242-0-0	proshkolu.ru	0.000008	1	0	0
11909	59767463-418972-0-0	book-online.com.ua	0.000008	1	0	0
12507	7642998-334293-0-0	omskinform-ru.turbopages.org	0.000008	1	0	0
12509	5092869-134625-0-0	echo.msk.ru	0.000008	1	0	0
11858	7289073-146059-0-0	www.club-nikon.ru	0.000008	1	0	0
12507	4482117-129967-0-0	m.aftershock.news	0.000008	1	0	0
12507	48356093-295022-0-0	mr--build-ru.turbopages.org	0.000008	1	0	0
11865	39386139-983841-0-0	beeidea.ru	0.000008	1	0	0
11864	2285717-101027-0-0	ffclub.ru	0.000008	1	0	0
11865	523537-187969-0-0	notdrink.ru	0.000008	2	0	0
9865	0-216200-0-0	ren.tv	0.000072	1	0	0
9865	0-187544-0-0	turkcinema.org	0.000072	3	0	0
11857	1428778-62775-0-0	forum.littleone.ru	0.000008	2	0	0
12507	2047853-448511-0-0	tekst-pesni.online	0.000008	1	0	0
12507	91483064-675473-0-0	www.tomat-pomidor.com	0.000008	1	0	0
11865	1557726-118588-0-0	poezd.ru	0.000008	1	0	0
11791	10-844-0-0	datenews.online	0.000008	2	0	0
11864	36882225-268239-0-0	www.newkaliningrad.ru	0.000008	3	0	0
12513	88683488-643583-0-0	hd01.ru	0.000008	1	0	0
11865	57695419-474983-0-0	plachu.net	0.000008	1	0	0
13685	43650-609027-0-0	klops.ru	0.000061	1	0	0
11908	5314155-136380-0-0	dni.ru	0.000008	1	0	0
12507	486016-1255560-0-0	sarvelo-ru.turbopages.org	0.000008	1	0	0
12507	1024057-50948-0-0	eva.ru	0.000008	1	0	0
11864	6438395-147024-0-0	lady.mail.ru	0.000008	3	0	0
11858	5131788-753823-0-0	joxi.ru	0.000008	1	0	0
11864	32125188-427919-0-0	bloknot-rostov.ru	0.000008	1	0	0
11909	1250271-564614-0-0	110km.ru	0.000008	1	0	0
13001	ba445a848a4f48539a14d3bcb2b3ec28-958e255d322386e6b	tsargrad.tv	0.000667	0	6	0
12507	396626-1140-0-0	saransk.stroyportal.ru	0.000008	1	0	0
12512	18218482-186487-0-0	pogoda7.ru	0.000008	1	0	0
13686	40517-489803-0-0	www.yaplakal.com	0.000009	0	1	0
11858	1801033-247350-0-0	mangalib.me	0.000008	1	0	0
11857	41724942-336240-0-0	libking.ru	0.000008	2	0	0
11868	6557105-490701-0-0	www.m24.ru	0.000072	1	0	0
12507	87338212-592796-0-0	teplospec.com	0.000008	1	0	0
12513	6557105-513006-0-0	naukatv.ru	0.000008	1	0	0
12507	8381155-721620-0-0	bankiros-ru.turbopages.org	0.000008	2	0	0
14051	3153388453-3153388453-0-0	obrazovaka.ru	0.001094	1	0	0
11868	509629-29789-0-0	rg.ru	0.000008	1	0	0
12507	21578748-255891-0-0	m.ideer.ru	0.000008	1	0	0
12378	41316-586119-0-0	m.7days.ru	0.000061	1	0	0
11864	38603231-331035-0-0	knigilub.ru	0.000008	1	0	0
12507	985920-49912-0-0	www.vidal.ru	0.000008	2	0	0
12507	64173066-443007-0-0	radiokp.ru	0.000008	2	0	0
11909	88830169-613977-0-0	kvartelia.ru	0.000008	1	0	0
11857	87936520-601046-0-0	www.mamba.ru	0.000008	3	0	0
11909	65101275-579431-0-0	www.elle.ru	0.000008	1	0	0
13001	ba445a848a4f48539a14d3bcb2b3ec28-958e255d322386e6b	tsargrad.tv	0.000834	1	2	0
11868	508343-49826-0-0	gastronom-ru.turbopages.org	0.000008	1	0	0
12507	7295714-153743-0-0	russian-rt-com.turbopages.org	0.000008	3	0	0
11864	94581319-1251574-0-0	health.ej.by	0.000008	1	0	0
12507	8562776-755196-0-0	www.syl.ru	0.000008	1	0	0
11865	61657907-412959-0-0	www.spletnik.ru	0.000008	2	0	0
11857	92460027-732576-0-0	mismedya.com	0.000008	1	0	0
11857	92519834-734980-0-0	hotplayer.ru	0.000008	2	0	0
11909	93087228-768550-0-0	www.expertcen.ru	0.000008	2	0	0
11904	48821797-320410-0-0	noyabrsk.gde.ru	0.000008	1	0	0
12507	31288308-214714-0-0	magya-online.ru	0.000008	1	0	0
12507	915412-108160-0-0	1prime.ru	0.000008	1	0	0
11865	33946563-237573-0-0	zee-tv.ru	0.000072	1	0	0
11905	94973817-1281737-0-0	68koshek.ru	0.000008	1	0	0
12507	2201084-424608-0-0	voennoedelo-com.turbopages.org	0.000008	2	0	0
11909	5092531-223754-0-0	ura-news.turbopages.org	0.000008	1	0	0
11857	2315440-337161-0-0	www.armoury-online.ru	0.000008	1	0	0
11860	2112549-91685-0-0	social.ren.tv	0.000072	1	0	0
12507	897808-247369-0-0	krsk-aif-ru.turbopages.org	0.000008	1	0	0
11868	509780-660426-0-0	v102.ru	0.000008	1	0	0
11864	43061655-276631-0-0	m.vz.ru	0.000008	1	0	0
12507	1979119-224594-0-0	vm-ru.turbopages.org	0.000008	2	0	0
12507	36882225-268239-0-0	www.newkaliningrad.ru	0.000008	1	0	0
11909	1913085-81261-0-0	montecarlo.ru	0.000008	3	0	0
12507	7632479-264937-0-0	politros.com	0.000008	1	0	0
11868	65101275-578759-0-0	www.marieclaire.ru	0.000008	1	0	0
12513	1560494-348658-0-0	lenta.ru	0.000008	1	0	0
12507	1412746-1242280-0-0	www.votpusk.ru	0.000008	1	0	0
9035	40621-491126-0-0	turkcinema.org	0.00009	0	1	0
11865	57207428-386923-0-0	spark.ru	0.000008	1	0	0
11904	90370494-730774-0-0	stroitel-list.ru	0.000008	1	0	0
12507	65101275-578374-0-0	www.nn.ru	0.000008	1	0	0
12367	0-187544-0-0	www.eg.ru	0.000072	1	0	0
9866	0-216200-0-0	m.7days.ru	0.000072	2	0	0
11865	494474-102843-0-0	otzovik.com	0.000008	4	0	0
11909	57648680-392466-0-0	onrealt.ru	0.000008	3	0	0
11909	6591101-449802-0-0	servicesauto.ru	0.000008	1	0	0
11909	6438395-353887-0-0	otvet.mail.ru	0.000008	1	0	0
10208	10-844-0-0	journeywomans.ru	0.000009	0	1	0
13677	43650-609027-0-0	klops.ru	0.000061	1	0	0
11865	31295140-1236555-0-0	zaborsebe.ru	0.000008	1	0	0
11865	6490011-233828-0-0	healthy-lady.ru	0.000008	1	0	0
11865	92442305-731887-0-0	fan-news.org	0.000008	1	0	0
11858	5092869-134625-0-0	echo.msk.ru	0.000008	1	0	0
11857	36882225-986512-0-0	ytro.news	0.000008	1	0	0
11864	93683367-979907-0-0	aktnews.ru	0.000008	1	0	0
12509	1412746-1207820-0-0	m.iamcook.ru	0.000008	1	0	0
11865	30570339-1309594-0-0	moevideo.biz	0.000008	1	0	0
13156	1-com.XonStudio.TUB-Appodeal^20SSP-TUB	com.xonstudio.tub	0.000534	1	0	0
11858	1024057-50948-0-0	eva.ru	0.000008	1	0	0
14055	0-187544-0-0	nauka.club	0.000072	1	0	0
11865	2047853-448511-0-0	tekst-pesni.online	0.000008	2	0	0
11904	36097855-252766-0-0	shahrikazan.ru	0.000008	1	0	0
12507	7773941-201151-0-0	vanilla.su	0.000008	1	0	0
13686	41985-600974-0-0	vsedoramy.net	0.000061	1	0	0
11909	1160096-82787-0-0	gdekluet.ru	0.000008	1	0	0
11864	7790768-280207-0-0	universe-tss.su	0.000008	1	0	0
12507	65101275-575586-0-0	m.forum.ngs.ru	0.000008	4	0	0
12507	5948838-144419-0-0	laminatepol-ru.turbopages.org	0.000008	1	0	0
12507	65101275-578603-0-0	www.fontanka.ru	0.000008	4	0	0
12513	65101275-447165-0-0	love.ngs.ru	0.000008	2	0	0
14051	15737-1017125893-0-0	com.simplesandbox2	0.000534	2	0	0
11865	9229340-759165-0-0	kitchen-smart.ru	0.000008	1	0	0
11865	91778881-1242072-0-0	altimart.ru	0.000008	1	0	0
11857	51898059-1212039-0-0	doramy.top	0.000072	1	0	0
12512	6746465-142629-0-0	chelyabinsk.hh.ru	0.000008	1	0	0
11857	452669-10552-0-0	www.tutu.ru	0.000008	1	0	0
12507	2383718-105230-0-0	astro-online.ru	0.000008	2	0	0
11858	523537-187969-0-0	notdrink.ru	0.000008	1	0	0
11858	93789316-988516-0-0	grandgames.net	0.000008	2	0	0
11909	1432019-400402-0-0	www.glaz.tv	0.000072	2	0	0
11864	6438395-149027-0-0	tv.mail.ru	0.000008	3	0	0
12507	50363257-327452-0-0	m.beboo.ru	0.000008	2	0	0
11857	7687782-448212-0-0	profile.ru	0.000072	3	0	0
