BidCostStat	2.5
2021-10-22
14051	15740-1341691364-0-MY.GAMES^20App	com.my.mygamesapp	0.000574	1	0	0
11868	93683367-979907-0-0	aktnews.ru	0.000984	1	0	0
11865	1432019-400402-0-0	www.glaz.tv	0.000072	1	0	0
11857	7632479-217145-0-0	inforeactor-ru.turbopages.org	0.000008	1	0	0
12507	7839840-186633-0-0	fitnessera-ru.turbopages.org	0.000008	1	0	0
14051	15740-2536429937-0-Block^20Puzzle^20-^201010^20Block^20Puzzl	blockpuzzle.game.block.puzzle	0.000574	1	0	0
14051	15740-3760435350-0-Разбить^20Слова^20-^20и	1528503142	0.000574	1	0	0
11909	34521910-357240-0-0	onashem.mediasole.ru	0.000008	1	0	0
11857	1333887-60247-0-0	www.mahnem.ru	0.000984	1	0	0
11865	42008187-1261028-0-0	podelunchik.ru	0.000008	1	0	0
12509	67632165-464019-0-0	en.kartaslov.ru	0.000008	1	0	0
11865	2412782-419506-0-0	www.avito.ru	0.000003	1	0	0
11909	93736421-989340-0-0	kylinariya.ru	0.000008	1	0	0
12507	38047061-505382-0-0	doma-vkusnee.ru	0.000008	1	0	0
13252	15761-0	rg.ru	0.000008	1	0	0
11904	874982-46249-0-0	svpressa.ru	0.000008	1	0	0
12513	1913085-81261-0-0	montecarlo.ru	0.000008	1	0	0
12509	65949452-515704-0-0	teleprogramma.pro	0.000072	1	0	0
12507	456103-357463-0-0	sarov.info	0.000008	1	0	0
11864	6438395-147023-0-0	news.mail.ru	0.000004	1	0	0
11858	1645897-423172-0-0	banana.by	0.000005	1	0	0
12803	0-215091-0-0	m.kinotok.club	0.000574	1	0	0
12507	498578-196262-0-0	kp-ru.turbopages.org	0.000008	1	0	0
11868	87276007-592219-0-0	www.mk.ru	0.000008	1	0	0
14051	15740-3574107287-0-456:^20Survival^20game	com.yolostudio.squidsurvival	0.000574	1	0	0
11909	89977920-630226-0-0	examenpdd.com	0.000008	1	0	0
14051	15737-1017125893-0-0	com.kommadot.casesimulator	0.000574	1	0	0
12507	7437524-196977-0-0	nastrojkin.ru	0.000004	1	0	0
11865	92519834-734980-0-0	hotplayer.ru	0.000008	1	0	0
8623	33058-618-0-0	www.kp.ru	0.000387	1	0	0
8623	43092-604434-0-0	www.marinetraffic.com	0.000481	1	0	0
12512	51452342-714624-0-0	www.avtovzglyad.ru	0.000008	1	0	0
14051	15740-743999772-0-Makeover^20Master:^20Home^20Design^20&^20T	com.digitalkingdom.makeover	0.000488	1	0	0
11909	1913085-81261-0-0	montecarlo.ru	0.000984	1	0	0
11864	3849096-126345-0-0	www.gorodche.ru	0.000008	1	0	0
14051	15740-1058500188-0-Line^20Up:^20Draw^20the^20Criminal	com.jhulse.lineup	0.000574	1	0	0
11857	36493473-331129-0-0	primpress.ru	0.000072	1	0	0
11868	8562776-751699-0-0	regnum.ru	0.000007	1	0	0
11865	54817670-1312065-0-0	wsesw.ru	0.000008	1	0	0
14051	15740-3827897198-0-Likee^20Lite^20-^20Let^20You^20Shine	video.like.lite	0.00025	1	0	0
11857	8562776-1276422-0-0	www.fontanka.ru	0.000008	1	0	0
11858	1428778-62775-0-0	forum.littleone.ru	0.000008	1	0	0
12507	30025181-246104-0-0	discover24-ru.turbopages.org	0.000008	1	0	0
13001	773fb19d24da143aeb02a7f746ea43db-773fb19d24da143ae	www.amic.ru	0.000897	1	1	0
13001	b856aba4ff576e7058d41803ffed55e6-b856aba4ff576e705	gdz-raketa.ru	0.000574	1	0	0
12509	93261812-810117-0-0	doramalive.ru	0.000072	1	0	0
11909	56663774-602227-0-0	m.7days.ru	0.000057	1	0	0
11909	36493473-331129-0-0	primpress.ru	0.000008	1	0	0
13156	23821-144410-Mintegral-Race^20Master^203D^20-^20Car^20Racing	com.easygames.race	0.000179	1	0	0
9866	0-216200-0-0	xn----7sbahrplyfdaxfotk.xn--p1ai	0.000072	1	0	0
12282	103877-3c618d953980844a652f78-infourok.ru-0	infourok.ru	0.000553	1	0	0
11909	2029124-87589-0-0	www.vzsar.ru	0.000008	1	0	0
12507	36081621-470922-0-0	molokook-ru.turbopages.org	0.000008	1	0	0
11909	83384515-567219-0-0	orenday.ru	0.000008	1	0	0
11909	6557105-250544-0-0	interfax-ru.turbopages.org	0.000008	1	0	0
12507	503611-30324-0-0	volgograd.blizko.ru	0.000008	1	0	0
14051	fa690b06b57e11662924ee737fd4c906-521540804-0-imo^20v	com.imo.android.imoim	0.000574	1	0	0
12282	2556903250-2c6e9b962d998a4d653e62b1-0-0	www.yaplakal.com	0.000553	1	0	0
13001	5d97197e992f1184a9c1cb8adf641089-5d97197e992f1184a	tass.ru	0.000574	2	0	0
11864	3420410-122989-0-0	nizhniy-novgorod.regmarkets.ru	0.000008	1	0	0
12507	49657268-323488-0-0	mastergrad.com	0.000008	1	0	0
11857	728568-69138-0-0	pozdravok.ru	0.000008	1	0	0
11909	434215-257254-0-0	kakoysegodnyaprazdnik.ru	0.000002	1	0	0
11858	39769321-506418-0-0	old.autopiter.ru	0.000008	1	0	0
11858	91281576-663753-0-0	www.noob-club.ru	0.000008	1	0	0
11909	36882225-267966-0-0	rusvesna.su	0.000008	1	0	0
11905	2112549-91685-0-0	blotter.mirtesen.ru	0.000008	2	0	0
11909	915412-108160-0-0	1prime.ru	0.00123	0	1	0
12507	8234785-155718-0-0	m.kolesa.kz	0.000001	1	0	0
11857	7632479-149419-0-0	riafan-ru.turbopages.org	0.000008	1	0	0
12507	55326016-350797-0-0	effectfree.ru	0.000008	1	0	0
12803	0-187544-0-0	www.wunderground.com	0.000473	1	0	0
12507	32039088-212225-0-0	tehnika.expert	0.000008	1	0	0
11864	65101275-577826-0-0	59.ru	0.000008	1	0	0
14051	15740-3500037656-0-STAR:^20Super^20Tricky^20Amazing^20Run	fall.stars.race	0.000574	1	0	0
13001	b856aba4ff576e7058d41803ffed55e6-b856aba4ff576e705	gdz-raketa.ru	0.000897	0	1	0
12512	94765604-1263597-0-0	sprosivracha.com	0.000008	1	0	0
11858	1041182-347773-0-0	officeassist.ru	0.000008	1	0	0
8623	43092-604454-0-0	adme.ru	0.000481	10	0	0
12803	0-215091-0-0	online.anilibria.life	0.000574	1	0	0
12509	65949452-453595-0-0	rg.ru	0.000008	1	0	0
13156	23821-144410-Mintegral-Race^20Master^203D^20-^20Car^20Racing	com.easygames.race	0.000574	1	0	0
11909	43061655-276631-0-0	m.vz.ru	0.000008	1	0	0
11905	47029973-694123-0-0	oko-planet.su	0.000051	1	0	0
12507	1412746-1248547-0-0	m.iamcook.ru	0.000008	1	0	0
14123	12864-3331303032313934315f3332333235-0-0	video.turkcinemka.ru	0.000574	3	0	0
13156	17219-148712-Mintegral-Cat^20Paradise	com.merge.cat.paradise	0.000574	1	0	0
12282	868417772-307d8e80259d8544796964a8a9aa67f9-0-0	erezione24it.xyz	0.000932	0	1	0
11864	6438395-142108-0-0	e.mail.ru	0.000001	1	0	0
12282	102342-3a6d999b369d9d40203c23aef2-obrazovaka.ru-0	obrazovaka.ru	0.000932	2	5	0
12507	2412782-419507-0-0	m.avito.ru	0.000008	3	0	0
11864	65101275-576494-0-0	ufa1.ru	0.000008	1	0	0
12507	94848661-1268895-0-0	povar-ru.turbopages.org	0.000008	1	0	0
14051	15737-1017125893-0-0	com.games.makewords2	0.000574	1	0	0
12803	0-187544-0-0	adme.ru	0.000574	4	0	0
14051	1302604425-3694296780-0-0	tass.ru	0.000574	1	0	0
12803	0-215091-0-0	vip.kinosreda.pro	0.000574	1	0	0
12803	0-215091-0-0	vse-chasti-filmov.com	0.000574	1	0	0
11864	6438395-142108-0-0	e.mail.ru	0.000007	2	0	0
12507	504193-28011-0-0	www.zr.ru	0.000008	4	0	0
11905	84615388-613349-0-0	muzhyazheny.ru	0.00123	0	1	0
12282	103877-3c618d953980844a652f78-infourok.ru-0	infourok.ru	0.000848	1	1	0
11864	6438395-147025-0-0	my.mail.ru	0.000072	2	0	0
8623	43092-604454-0-0	adme.ru	0.000094	1	0	0
11865	93335226-830873-0-0	www.eg.ru	0.000008	1	0	0
14051	15740-1498629347-0-0	video.like	0.000717	0	1	0
11865	8381155-722011-0-0	apteka.103.by	0.000008	1	0	0
11868	2412782-419507-0-0	m.avito.ru	0.000008	2	0	0
12507	51898059-1290934-0-0	playmaker24.ru	0.000002	1	0	0
11904	5510286-138138-0-0	razlozhi.ru	0.000008	3	0	0
13001	ba445a848a4f48539a14d3bcb2b3ec28-958e255d322386e6b	tsargrad.tv	0.00056	1	0	0
11865	483376-272737-0-0	teleconom.ru	0.000008	1	0	0
11909	41934011-272783-0-0	thebell.io	0.000008	3	0	0
11864	6438395-142108-0-0	e.mail.ru	0.000984	1	0	0
12509	65949452-583306-0-0	sobesednik.ru	0.000072	1	0	0
11909	6438395-457268-0-0	youla.ru	0.000008	4	0	0
11858	31264728-205782-0-0	moscow.orgsinfo.ru	0.000008	1	0	0
13156	17219-149647-Mintegral-One^20Liner-Line^20to^20win	com.one.liner.happyfull	0.000574	1	0	0
11858	7499692-148265-0-0	m.soccer.ru	0.000008	1	0	0
14051	15740-3647472714-0-YOUCAM^20PERFECT:^20PHOTO^20EDITOR	com.cyberlink.youperfect	0.000574	2	0	0
12512	1156689-75648-0-0	solaris-club.net	0.000008	1	0	0
12512	18373836-565782-0-0	carsvin.ru	0.000008	1	0	0
11864	6438395-142108-0-0	e.mail.ru	0.000003	1	0	0
14051	2730780382-2555700654-0-0	gorobzor.ru	0.000574	1	0	0
13001	ba445a848a4f48539a14d3bcb2b3ec28-958e255d322386e6b	tsargrad.tv	0.000717	0	4	0
12282	102227-267b9e9e2197c54e393a-studme.org-0	studme.org	0.000718	0	1	0
12507	42813817-276165-0-0	www.znak.com	0.000008	2	0	0
11909	3293020-129405-0-0	www.cosmo.ru	0.000008	1	0	0
11860	71191770-486682-0-0	mainstyles.ru	0.000005	1	0	0
12507	852263-1298626-0-0	riastrela-ru.turbopages.org	0.000008	1	0	0
12507	36493473-331129-0-0	primpress.ru	0.000008	1	0	0
11791	15-26-0-0	www.uralweb.ru	0.000072	1	0	0
12507	91622640-1337158-0-0	kprfrd-su.turbopages.org	0.000008	1	0	0
11865	91356269-1325876-0-0	gubast.ru	0.000008	1	0	0
12507	65101275-578603-0-0	www.fontanka.ru	0.000008	2	0	0
11904	2390032-356923-0-0	www.msn.com	0.000008	2	0	0
11864	65101275-578374-0-0	kissnet.www.nn.ru	0.000008	1	0	0
14051	15740-3024186708-0-Craftsman:^20Building^20Craft	com.craftsman.go	0.000717	0	1	0
14123	12864-3331303032313934315f3332333235-0-0	kodikdb.com	0.000574	1	0	0
12282	104314-326b91d73e9380443f3c23aef2-gdz-raketa.ru-0	gdz-raketa.ru	0.000718	0	1	0
12282	102342-3a6d999b369d9d40203c23aef2-obrazovaka.ru-0	obrazovaka.ru	0.000718	0	1	0
11858	2412782-419506-0-0	www.avito.ru	0.000002	1	0	0
11909	30348782-194503-0-0	kulinaroman.ru	0.000008	1	0	0
12416	0-25708-0-0	embed-player.space	0.000641	0	1	0
8623	43092-604454-0-0	www.multitran.com	0.000481	2	0	0
12509	33530085-232061-0-0	volgograd.cian.ru	0.000008	1	0	0
11904	5510286-138138-0-0	razlozhi.ru	0.000002	1	0	0
12507	2412782-419506-0-0	www.avito.ru	0.000008	1	0	0
12507	7687782-448212-0-0	profile.ru	0.000072	1	0	0
14051	15740-1900309963-0-Cooking^20Fever:^20Restaurant^20Game	com.nordcurrent.canteenhd	0.000574	1	0	0
11865	2412782-419506-0-0	www.avito.ru	0.000001	1	0	0
11865	3293020-129405-0-0	www.cosmo.ru	0.000008	1	0	0
14051	15740-1346310501-0-imo^20video^20calls^20and^20chat	com.imo.android.imoim	0.000574	22	0	0
14051	15740-1654557716-0-imo^20HD^20-^20Video^20Calls^20and^20Chats	com.imo.android.imoimhd	0.000574	1	0	0
11868	92386429-746409-0-0	telik.top	0.000008	3	0	0
11864	6438395-142108-0-0	e.mail.ru	0.000008	111	0	0
11864	65101275-575584-0-0	www.e1.ru	0.000008	1	0	0
12507	36493473-331594-0-0	konkurent.ru	0.000008	2	0	0
12507	3293020-129405-0-0	www.cosmo.ru	0.000008	1	0	0
12507	12015-13900-0-0	best-stroy.ru	0.000008	1	0	0
11865	498578-26254-0-0	www.kp.ru	0.000008	1	0	0
12507	7687782-448212-0-0	profile.ru	0.000008	1	0	0
11909	36493473-331129-0-0	primpress.ru	0.000072	1	0	0
12507	47018685-290050-0-0	m.1obl.ru	0.000008	1	0	0
13001	a186cbb009abed20ab216cd69ec8a95b-bb22f1222ad3ca047	com.sun_dev.ng_salatii	0.000855	1	1	0
11858	18873703-1318730-0-0	pc86.ru	0.000008	1	0	0
11904	773259-41573-0-0	www.calc.ru	0.000008	1	0	0
14051	15740-1272704537-0-Likee^20-^20Let^20You^20Shine	video.like	0.000717	0	2	0
11909	7891262-185366-0-0	goodlooker.ru	0.000008	2	0	0
12803	0-187544-0-0	znanija.com	0.000447	1	0	0
13156	33-com.easybrain.block.puzzle.games-easybrain-Bloc	com.easybrain.block.puzzle.games	0.000574	1	0	0
11791	15-26-0-0	www.kleo.ru	0.000072	1	0	0
14051	15737-1017125893-0-0	com.games.joinblocks	0.000574	1	0	0
11857	974947-49517-0-0	9111-ru.turbopages.org	0.000008	1	0	0
12507	90720690-643887-0-0	mir-knig.com	0.000008	3	0	0
13001	fa690b06b57e11662924ee737fd4c906-bafa7e3b7f65bb7dd	video.like	0.000594	0	1	0
12507	974947-49517-0-0	www.9111.ru	0.000008	2	0	0
12507	897808-247369-0-0	perm-aif-ru.turbopages.org	0.000008	1	0	0
13677	41316-572732-0-0	101.ru	0.000079	0	1	0
13156	26610-151296-Mintegral-AZ^20Run^20Android	com.storms.azrun	0.000574	1	0	0
11857	51468706-330066-0-0	m.vz.ru	0.000008	4	0	0
14123	12864-3331303032313934315f3332333235-0-0	aniqit.com	0.000574	2	0	0
12507	65101275-578374-0-0	m.nn.ru	0.000008	1	0	0
13899	3559724126-3719284030-0-0	dic.academic.ru	0.001538	0	1	0
11909	91159049-655744-0-0	remanga.org	0.000008	1	0	0
12507	985920-49912-0-0	www.vidal.ru	0.000008	1	0	0
12416	0-4099-0-0	-	0.000718	0	1	0
11868	8562776-751699-0-0	regnum.ru	0.000008	1	0	0
14051	15737-610024345-0-0	com.upperpik.hairchallenge	0.000574	1	0	0
12507	91624402-706089-0-0	blitz.plus	0.000008	1	0	0
14051	15737-1017125893-0-0	com.carlovers.ladadrift	0.000574	1	0	0
14051	15737-3118017383-0-0	com.nexters.herowars	0.000574	1	0	0
12507	7295714-153743-0-0	russian.rt.com	0.000008	1	0	0
12282	3109818129-3876809522819b4420297ef2f5a7-0-0	mykonspekts.ru	0.000932	1	1	0
11858	51452342-582170-0-0	howto-news.info	0.000072	1	0	0
11865	30570339-731199-0-0	ufanotes.ru	0.000008	1	0	0
11858	32125188-427416-0-0	bloknot-volgograd.ru	0.000008	1	0	0
11858	4360456-647830-0-0	regioninformburo.ru	0.000008	1	0	0
12507	88546469-708736-0-0	www.kleo.ru	0.000072	1	0	0
12282	102415-347c80d42a9f-ask.fm-0	ask.fm	0.000553	1	0	0
12512	420734-42319-0-0	forum.sibmama.ru	0.000008	1	0	0
12509	20438162-563646-0-0	m.realnoevremya.ru	0.000008	1	0	0
12803	0-215091-0-0	studiohd.org	0.000574	1	0	0
14051	15740-1272704537-0-Likee^20-^20Let^20You^20Shine	video.like	0.000574	25	0	0
11858	74149893-520706-0-0	novostislyxi.webtalk.ru	0.000008	1	0	0
12507	1801033-247350-0-0	mangalib.me	0.000072	2	0	0
14051	3845049001-3887628413-0-0	hssco.ru	0.000566	0	1	0
14051	aa2e59ae3e1b2aeb490e1fb747bcb28f-1275230210-0-Diff	com.easybrain.find.the.difference	0.000574	1	0	0
11857	65101275-447162-0-0	www.fontanka.ru	0.000008	2	0	0
11865	30570339-653659-0-0	moevideo.biz	0.000008	1	0	0
12803	0-215091-0-0	turkru.tv	0.000574	2	0	0
12416	0-27991-0-0	vpornoonlain.online	0.000897	1	1	0
11865	61657907-412959-0-0	www.spletnik.ru	0.000008	1	0	0
12803	0-187544-0-0	weather.com	0.000574	1	0	0
12282	103877-3c618d953980844a652f78-infourok.ru-0	infourok.ru	0.000718	0	1	0
11857	7687782-448212-0-0	profile.ru	0.000008	1	0	0
12507	2983481-409927-0-0	vklist.ru	0.000072	1	0	0
11904	92386429-1241104-0-0	tvrf.city	0.000008	1	0	0
13677	41316-572732-0-0	101.ru	0.00009	0	2	0
11904	55269994-352128-0-0	xn----7sbb3aaldicno5bm3eh.xn--p1ai	0.000008	1	0	0
12282	103505-216e988962809e-tass.ru-0	tass.ru	0.000715	0	1	0
11864	65101275-578603-0-0	www.fontanka.ru	0.000008	1	0	0
13156	1-com.cg.fanofguns-Appodeal^20SSP-Fan^20of^20Guns	com.cg.fanofguns	0.000574	1	0	0
12507	3942382-1280109-0-0	ivanovolive.ru	0.000008	1	0	0
12513	93683367-979907-0-0	aktnews.ru	0.000008	1	0	0
11868	93683367-979907-0-0	aktnews.ru	0.000008	1	0	0
12282	102227-267b9e9e2197c54e393a-studme.org-0	studme.org	0.000932	3	5	0
12282	174409769-3d609f8a2093924439737fa9-0-0	hotplayer.ru	0.000932	1	1	0
11858	42008187-1261028-0-0	podelunchik.ru	0.000008	1	0	0
12507	1456218-735128-0-0	botsman.org	0.000008	1	0	0
11868	88328141-1259544-0-0	www.androeed.ru	0.000072	1	0	0
14051	15740-1773763760-0-Words^20of^20Wonders:^20Crossword^20to^20	com.fugo.wow	0.00054	1	0	0
12282	103505-216e988962809e-tass.ru-0	tass.ru	0.000932	1	1	0
11865	91864171-708690-0-0	www.vesti.ru	0.000072	1	0	0
14051	2129643511-4048353311-0-0	cskanews.com	0.000404	0	1	0
11865	46431776-287922-0-0	joyreactor.cc	0.000008	1	0	0
12507	419034-69122-0-0	autolada.ru	0.000008	1	0	0
11864	6438395-152036-0-0	sportmail.ru	0.000008	1	0	0
14051	15740-581477931-0-AVG^20Cleaner^20Lite	com.s.cleaner	0.000574	1	0	0
11858	1560494-660797-0-0	mail.rambler.ru	0.000008	7	0	0
13001	fa690b06b57e11662924ee737fd4c906-bafa7e3b7f65bb7dd	video.like	0.000574	2	0	0
11857	493034-25001-0-0	forum.uazbuka.ru	0.000008	1	0	0
13001	90516059f3ea11ab0faac16896db7064-8e1bd7ec765117cfd	lindemag.ru	0.000574	1	0	0
11865	52074449-415576-0-0	ohranivdome.net	0.000008	1	0	0
12507	509629-486824-0-0	rg-ru.turbopages.org	0.000008	2	0	0
13001	a83ce4b2846ca74a4538fe49baadf9fc-ebdbca8d2921d9537	ok.ru	0.000718	0	2	0
11905	41285839-667467-0-0	ravaka.ru	0.000008	1	0	0
12416	0-28206-0-0	semyana.top	0.000897	1	1	0
12803	0-187544-0-0	www.rap.ru	0.000574	1	0	0
11858	61934491-415282-0-0	spb.superjob.ru	0.000008	1	0	0
8623	42565-622565-0-0	500book.ru	0.000097	1	0	0
11905	1085061-547807-0-0	be5.biz	0.000008	1	0	0
14131	0-0-0-0	pornososalka.me	0.001094	0	1	0
11858	3046664-115800-0-0	www.sunhome.ru	0.000008	1	0	0
13266	14978-0	www.futbin.com	0.000008	1	0	0
13252	40137-0	m.ura.news	0.000008	2	0	0
11857	31734734-354099-0-0	m.tabor.ru	0.000002	1	0	0
11857	34722893-243892-0-0	dno.jsprav.ru	0.000008	1	0	0
14056	0-187544-0-0	doctorpiter.ru	0.000041	1	0	0
14055	0-216200-0-0	www.om1.ru	0.000072	1	0	0
9865	0-216200-0-0	ren.tv	0.000072	1	0	0
11858	8207458-155461-0-0	realty.1777.ru	0.000008	1	0	0
8623	41985-600876-0-0	4ege.ru	0.000481	1	0	0
12513	65101275-447180-0-0	pogoda.e1.ru	0.000008	1	0	0
12282	2064555626-326a849d238084452a737fa9-0-0	geogoroda.ru	0.000932	0	1	0
11864	423405-25809-0-0	www.audit-it.ru	0.000008	1	0	0
11865	5584162-138578-0-0	www.anekdot.ru	0.000008	1	0	0
11909	87276007-592219-0-0	www.mk.ru	0.000008	1	0	0
8623	40684-490244-0-0	car.ru	0.000481	2	0	0
11864	6438395-142108-0-0	e.mail.ru	0.000002	4	0	0
12507	91624402-989103-0-0	day-ru.turbopages.org	0.000008	2	0	0
11904	47361347-611003-0-0	videokontroldoma.ru	0.000008	1	0	0
11868	420734-42319-0-0	forum.sibmama.ru	0.000008	1	0	0
14051	15740-3556581571-0-Slotpark^20-^20Online^20Casino^20Games^20	com.platogo.pmp	0.000574	1	0	0
11864	6438395-142108-0-0	e.mail.ru	0.000006	2	0	0
11857	38661274-635651-0-0	mir-knigi.info	0.000008	1	0	0
11865	2412782-419506-0-0	www.avito.ru	0.000008	28	0	0
12507	41519228-343288-0-0	sonnik.expert	0.000008	1	0	0
11865	91483064-675473-0-0	www.tomat-pomidor.com	0.000001	1	0	0
11864	1913107-81264-0-0	hitfm.ru	0.000008	1	0	0
12282	101783-306c8395629f984a652f78-echo.msk.ru-0	echo.msk.ru	0.000553	1	0	0
11868	6557105-490701-0-0	www.m24.ru	0.000072	1	0	0
11865	52017091-388215-0-0	www.domkino.tv	0.000072	1	0	0
14051	3228644433-1342245803-0-0	www.tipsandtricks.ru	0.000574	2	0	0
11858	24111355-1291364-0-0	readmanga.io	0.000002	1	0	0
14123	12864-3331303032313934315f3332333235-0-0	kodik.cc	0.000574	1	0	0
11865	5024298-136264-0-0	spravkainform.ru	0.000008	1	0	0
12507	65101275-578759-0-0	www.marieclaire.ru	0.000008	1	0	0
11860	2390032-357673-0-0	www.msn.com	0.000008	1	0	0
12507	2793052-1283059-0-0	portamur-ru.turbopages.org	0.000001	1	0	0
12509	65949452-777073-0-0	nauka.tass.ru	0.000072	1	0	0
11904	509629-29789-0-0	rg.ru	0.000008	1	0	0
11868	1412746-580826-0-0	www.litmir.me	0.000008	1	0	0
11868	71813031-545728-0-0	www.gismeteo.ru	0.000008	1	0	0
11865	36882225-267966-0-0	rusvesna.su	0.000008	1	0	0
9866	0-216200-0-0	www.tourprom.ru	0.000072	1	0	0
11868	43061655-276631-0-0	vz.ru	0.000008	1	0	0
11865	40220325-603717-0-0	xn--80aanyip7d.xn--p1ai	0.000008	1	0	0
12507	3293020-125354-0-0	goodhouse-ru.turbopages.org	0.000008	1	0	0
12282	0-23228d9b209ec54f2e29-0-0	v-fall.net	0.000718	0	1	0
11868	3090793-147280-0-0	pravoved.ru	0.000008	2	0	0
11858	36882225-267966-0-0	rusvesna.su	0.000008	1	0	0
11858	1055963-816214-0-0	gdespaces.com	0.000003	1	0	0
11858	2412782-419506-0-0	www.avito.ru	0.000003	1	0	0
11858	61604753-700270-0-0	uyut.2979.ru	0.000008	1	0	0
13001	ba445a848a4f48539a14d3bcb2b3ec28-958e255d322386e6b	tsargrad.tv	0.000897	0	1	0
11858	452669-10552-0-0	bus.tutu.ru	0.000008	1	0	0
11865	69816178-629432-0-0	my-pic.ru	0.000008	1	0	0
12803	0-222025-0-0	sunhome.ru	0.000574	1	0	0
14051	15740-1346310501-0-imo^20video^20calls^20and^20chat	com.imo.android.imoim	0.000599	0	1	0
14051	15740-2145105633-0-Likee^20-^20Let^20You^20Shine	video.like	0.000574	5	0	0
14051	15740-4116179068-0-Real^20Oper^20City	com.dagartgames_roc	0.000574	2	0	0
11865	889805-203494-0-0	stroysar.ru	0.000008	1	0	0
14051	15740-983933281-0-imo^20beta^20free^20calls^20and^20text	com.imo.android.imoimbeta	0.000574	5	0	0
14051	3228644433-1342245803-0-0	res-h5.dailyadvent.com	0.000574	1	0	0
12507	92098312-714374-0-0	www.hunting.ru	0.000008	1	0	0
14051	15740-110819340-0-BLOCKFIELD	com.gameoverflow.blockfield	0.000574	1	0	0
13001	ba445a848a4f48539a14d3bcb2b3ec28-958e255d322386e6b	tsargrad.tv	0.000574	7	0	0
12803	0-187544-0-0	data-flair.training	0.000574	1	0	0
8623	35275-117033-0-0	peers.tv	0.000481	1	0	0
11904	498578-26254-0-0	www.kp.ru	0.000005	1	0	0
11858	65101275-575584-0-0	www.e1.ru	0.000008	1	0	0
11905	4482117-129967-0-0	aftershock.news	0.000008	1	0	0
11865	53895798-339462-0-0	www.spravkakirova.ru	0.000008	1	0	0
11858	47018685-290050-0-0	www.1obl.ru	0.000008	1	0	0
12507	897808-247369-0-0	rostov-aif-ru.turbopages.org	0.000008	1	0	0
11904	475686-728766-0-0	amedia.online	0.000008	2	0	0
13156	16563-128717-Mintegral-Recharge^20Please!	com.charge.them.all	0.000574	1	0	0
8669	10-844-0-0	www.gorno-altaisk.info	0.000008	1	0	0
12803	0-187544-0-0	www.gazzetta.it	0.000574	1	0	0
11857	87936520-601046-0-0	www.mamba.ru	0.000008	1	0	0
14051	15740-2540445737-0-KeepClean^20-^20Booster,^20Antivirus,	com.appsinnova.android.keepclean	0.000574	1	0	0
12282	102227-267b9e9e2197c54e393a-studme.org-0	studme.org	0.000553	1	0	0
12803	0-187544-0-0	www.9tv.co.il	0.000574	1	0	0
14051	15740-300924885-0-Idle^20Miner^20Tycoon	com.fluffyfairygames.idleminertycoon	0.000574	1	0	0
14056	0-216200-0-0	www.lentainform.com	0.000072	1	0	0
11857	421215-2115-0-0	mikrob.ru	0.000008	1	0	0
14051	2730780382-398766154-0-0	mir-knigi.net	0.000574	1	0	0
11865	88690383-611984-0-0	jaomix.ru	0.000072	1	0	0
11904	46431776-287922-0-0	joyreactor.cc	0.000008	1	0	0
12507	1362761-61277-0-0	www.eurocups.ru	0.00123	0	1	0
11909	25583872-543103-0-0	assz.ru	0.000008	1	0	0
11868	1412746-580208-0-0	m.iamcook.ru	0.000008	1	0	0
11865	31979275-487737-0-0	medosmotr-spb.ru	0.000008	1	0	0
12803	0-187544-0-0	en.247mirror.com	0.000045	1	0	0
11864	6438395-142108-0-0	e.mail.ru	0.000004	3	0	0
11864	6438395-152034-0-0	hi-tech.mail.ru	0.000008	1	0	0
12803	0-215091-0-0	36serial.1080-hd.ru	0.000574	1	0	0
14051	15740-712115836-0-Russian^20Car^20Drift	com.carlovers.ladadrift	0.000574	1	0	0
11858	1560494-660797-0-0	mail-pda.rambler.ru	0.000005	1	0	0
14051	15737-1017125893-0-0	air.bg.lan.monopoli	0.000574	1	0	0
12507	49272125-322172-0-0	truesharing-ru.turbopages.org	0.000008	1	0	0
12507	494474-102843-0-0	otzovik.com	0.000008	2	0	0
11857	36493473-331129-0-0	primpress.ru	0.000004	1	0	0
11905	1261890-642474-0-0	xn--e1aaxefldlpg.xn--p1ai	0.000008	1	0	0
13001	ba445a848a4f48539a14d3bcb2b3ec28-958e255d322386e6b	tsargrad.tv	0.000519	1	0	0
11860	1683593-210293-0-0	sankt-peterburg.jobfilter.ru	0.000008	1	0	0
11858	91122342-653694-0-0	fanat1k.ru	0.000008	1	0	0
12803	0-215091-0-0	af-online.lordfilms-s.biz	0.000574	1	0	0
12803	0-215091-0-0	cs.lostfilm.cyou	0.000574	1	0	0
11857	508343-153996-0-0	www.gastronom.ru	0.000002	1	0	0
12282	104314-326b91d73e9380443f3c23aef2-gdz-raketa.ru-0	gdz-raketa.ru	0.000553	1	0	0
11865	91622640-1337106-0-0	kardiokbr.ru	0.000008	1	0	0
11857	1560494-225212-0-0	championat-com.turbopages.org	0.000008	1	0	0
12512	980566-48186-0-0	dic.academic.ru	0.000008	1	0	0
12507	53755534-471691-0-0	fishgorod.ru	0.000008	1	0	0
12282	512774296-256e859e2593c5533e-0-0	pandia.ru	0.000553	1	0	0
14051	15740-1346310501-0-imo^20video^20calls^20and^20chat	com.imo.android.imoim	0.000487	1	0	0
11909	897795-259376-0-0	www.ixbt.com	0.000008	1	0	0
11865	75495020-518849-0-0	summa-propisyu.ru	0.000008	2	0	0
9866	0-216200-0-0	m.7days.ru	0.000072	1	0	0
11858	3984262-143115-0-0	bizorg.su	0.000003	1	0	0
8663	10-844-0-0	www.om1.ru	0.000072	1	0	0
12507	5339948-223247-0-0	bodybuilding-and-fitness.ru	0.000008	1	0	0
9012	41316-586119-0-0	m.7days.ru	0.000061	1	0	0
12509	65949452-777073-0-0	tass.ru	0.000008	1	0	0
14051	15740-1272704537-0-Likee^20-^20Let^20You^20Shine	video.like	0.000499	1	0	0
12512	6746465-142629-0-0	kirov.hh.ru	0.000008	1	0	0
12512	71813031-490450-0-0	www.gismeteo.ru	0.000008	1	0	0
12507	34351736-270437-0-0	www.yaplakal.com	0.000008	1	0	0
11909	91271466-719166-0-0	daciaclubmd.ru	0.000008	1	0	0
13001	0c6111c48eaf1f75eb171967a3ef8f7c-8fd5d30ec827197e0	com.hafert.imposterassassin	0.000574	1	0	0
14051	15740-1272704537-0-Likee^20-^20Let^20You^20Shine	video.like	0.00022	1	0	0
11865	81084074-594302-0-0	flagma.kz	0.000008	1	0	0
11864	31266300-205913-0-0	riavrn.ru	0.000008	1	0	0
13001	773fb19d24da143aeb02a7f746ea43db-773fb19d24da143ae	www.amic.ru	0.000574	1	0	0
11860	2390032-357688-0-0	www.msn.com	0.000008	1	0	0
11864	6438395-149027-0-0	kino.mail.ru	0.000006	1	0	0
12513	1913112-81265-0-0	maximum.ru	0.000008	1	0	0
12507	49608361-418964-0-0	1000.menu	0.000008	1	0	0
9012	36392-475082-0-0	teleprogramma.pro	0.000042	1	0	0
13156	33-com.easybrain.sudoku.android-easybrain-Судо	com.easybrain.sudoku.android	0.000574	1	0	0
8623	35566-597484-0-0	travelask.ru	0.000481	1	0	0
12507	32286621-226852-0-0	argumentiru-com.turbopages.org	0.000008	1	0	0
12507	1600226-68252-0-0	irkutsk.bezformata.com	0.000008	1	0	0
11868	1560494-485869-0-0	lenta.ru	0.000072	2	0	0
14051	15740-502032148-0-Drive^20Ahead!^20-^20Fun^20Car^20Battles	com.dodreams.driveahead	0.000574	1	0	0
14051	0c6111c48eaf1f75eb171967a3ef8f7c-2440381255-0-Craf	com.craftsman.go	0.000574	1	0	0
9866	0-216200-0-0	clck.lentainform.com	0.000072	1	0	0
11864	6438395-147024-0-0	lady.mail.ru	0.000008	2	0	0
13251	14978-0	www.futbin.com	0.000008	1	0	0
9012	35566-603693-0-0	www.kleo.ru	0.000061	1	0	0
11864	6438395-147023-0-0	news.mail.ru	0.000008	2	0	0
12507	2076965-90081-0-0	calculator-credit.ru	0.000008	1	0	0
11904	31113536-204531-0-0	markakachestva.ru	0.000008	1	0	0
13156	17219-148712-Mintegral-Cat^20Paradise	com.merge.cat.paradise	0.000224	1	0	0
14051	15740-3024186708-0-Craftsman:^20Building^20Craft	com.craftsman.go	0.000574	3	0	0
11858	8625293-179817-0-0	www.ontvtime.ru	0.000008	1	0	0
11864	6438395-525739-0-0	news.mail.ru	0.000008	2	0	0
11909	508343-49826-0-0	gastronom-ru.turbopages.org	0.000008	1	0	0
13156	12336-146818-Mintegral-Money^20Simulator:^20Jackpot^20Ti	com.raingames.bwinswipe	0.000574	1	0	0
14051	15740-3024186708-0-Craftsman:^20Building^20Craft	com.craftsman.go	0.000341	1	0	0
12282	102011-21609e883c80844c652f78-www.tourprom.ru-0	www.tourprom.ru	0.000553	1	0	0
11857	87936520-601046-0-0	love.mail.ru	0.000008	1	0	0
11905	2443167-1263714-0-0	analogist.ru	0.000008	1	0	0
12507	63057441-424098-0-0	prombez24.com	0.000008	1	0	0
12507	93874871-991447-0-0	ophthalmocenter-ru.turbopages.org	0.000008	1	0	0
11865	6557105-250544-0-0	www.interfax.ru	0.000072	1	0	0
11909	93836300-1210014-0-0	www.bolshoyvopros.ru	0.000007	1	0	0
12803	0-187544-0-0	www.tipsandtricks.ru	0.000574	1	0	0
8623	42565-628796-0-0	bryansktoday.ru	0.000481	1	0	0
12507	1180293-56287-0-0	www.kaluga-poisk.ru	0.000008	1	0	0
11865	31295140-1220513-0-0	pronormy.ru	0.000008	1	0	0
12509	6746465-142629-0-0	apatity.hh.ru	0.000008	1	0	0
12507	8381155-722011-0-0	apteka-103-by.turbopages.org	0.000008	1	0	0
12282	2805705910-3462829962809e-www.amic.ru-0	www.amic.ru	0.000553	1	0	0
11858	1560494-660797-0-0	mail.rambler.ru	0.000007	1	0	0
14056	0-216200-0-0	teleprogramma.pro	0.000072	1	0	0
13001	ba445a848a4f48539a14d3bcb2b3ec28-958e255d322386e6b	tsargrad.tv	0.000572	1	0	0
12507	93016036-755726-0-0	lafoy-ru.turbopages.org	0.000008	1	0	0
12507	8240866-155688-0-0	www.belnovosti.by	0.000008	1	0	0
11858	90345299-637118-0-0	medinfo-yar.ru	0.000008	1	0	0
11909	5633386-138917-0-0	myslo.ru	0.000008	1	0	0
12803	0-187544-0-0	www.yaplakal.com	0.000574	1	0	0
11865	504193-28011-0-0	www.zr.ru	0.000008	2	0	0
14051	2556903250-4176228025-0-0	www.yaplakal.com	0.000574	1	0	0
11864	93918555-994495-0-0	bobruisk.ru	0.000008	1	0	0
11909	66475862-459160-0-0	inkazan-ru.turbopages.org	0.000008	1	0	0
11858	475686-728766-0-0	amedia.online	0.000008	1	0	0
12282	102342-3a6d999b369d9d40203c23aef2-obrazovaka.ru-0	obrazovaka.ru	0.000553	2	0	0
12507	8379705-159020-0-0	smart--lab-ru.turbopages.org	0.000008	1	0	0
12507	24111355-1291364-0-0	readmanga.io	0.000008	1	0	0
11904	51535399-330489-0-0	v-tagile.ru	0.000008	1	0	0
11857	1428778-62775-0-0	forum.littleone.ru	0.000003	1	0	0
9866	0-187544-0-0	m.7days.ru	0.000072	1	0	0
12509	65949452-777099-0-0	www.amic.ru	0.000008	1	0	0
12507	907113-386345-0-0	itexts.net	0.000008	1	0	0
11909	57648680-392466-0-0	onrealt.ru	0.000008	2	0	0
12507	65101275-579437-0-0	www.parents.ru	0.000008	2	0	0
11864	2412782-189903-0-0	www.avito.ru	0.000008	2	0	0
12507	6734741-154950-0-0	drive2-ru.turbopages.org	0.000008	1	0	0
11857	1428778-62775-0-0	forum.littleone.ru	0.000008	1	0	0
14051	15737-1017125893-0-0	net.elvista.kozel	0.000574	1	0	0
12803	0-187544-0-0	car.ru	0.000574	1	0	0
11858	1560494-660797-0-0	mail.rambler.ru	0.000006	1	0	0
12509	6746465-148945-0-0	hhcdn.ru	0.000008	1	0	0
12507	471196-678138-0-0	mgazeta-com.turbopages.org	0.000008	1	0	0
11904	5510286-138138-0-0	razlozhi.ru	0.000007	1	0	0
14051	15740-1540575242-0-Street^20Racing^20HD	com.ivy.streetracing.hd	0.000574	1	0	0
12507	36625339-1246394-0-0	dachaa-ru.turbopages.org	0.000003	1	0	0
12803	0-187544-0-0	www.amic.ru	0.000574	1	0	0
11864	532164-35333-0-0	forum.mfd.ru	0.000008	1	0	0
11864	87276007-592220-0-0	www.avtovzglyad.ru	0.000008	1	0	0
12507	31295140-456118-0-0	betonov.com	0.000008	1	0	0
12803	0-215091-0-0	seriahd.tv	0.000574	1	0	0
14051	15740-1346310501-0-imo^20video^20calls^20and^20chat	com.imo.android.imoim	0.000308	1	0	0
12507	1386626-1294341-0-0	readmanga.io	0.000008	1	0	0
11909	504193-28011-0-0	www.zr.ru	0.000008	2	0	0
11865	67329156-462096-0-0	1001goroskop.ru	0.000008	1	0	0
12803	0-187544-0-0	dictionary.cambridge.org	0.000574	1	0	0
11864	51898059-700309-0-0	pg21.ru	0.000008	1	0	0
11857	1913056-81260-0-0	dfm.ru	0.000008	1	0	0
11909	90720690-643887-0-0	mir-knig.com	0.000008	2	0	0
11858	396626-1140-0-0	www.stroyportal.ru	0.000001	1	0	0
8623	43670-607913-0-0	news.am	0.000481	1	0	0
12507	1180293-244437-0-0	kaluga--poisk-ru.turbopages.org	0.000007	1	0	0
11865	2412782-419506-0-0	www.avito.ru	0.000005	1	0	0
11909	94489825-1245715-0-0	spartakmoskva.ru	0.000008	1	0	0
14051	15740-2264141025-0-Word^20Pizza^20-^20Word^20Games^20Puzzles	com.openmygame.games.android.wordpizza	0.000574	1	0	0
12512	7295714-188279-0-0	russian.rt.com	0.000008	1	0	0
11858	2412782-419506-0-0	www.avito.ru	0.000008	18	0	0
11864	6438395-142108-0-0	e.mail.ru	0.000974	1	0	0
14051	15740-3669247547-0-Going^20Balls	com.pronetis.ironball2	0.000574	1	0	0
11864	3420410-122989-0-0	moskva.regmarkets.ru	0.000008	2	0	0
11864	65101275-577872-0-0	74.ru	0.000008	1	0	0
12507	504193-28011-0-0	www.zr.ru	0.000002	1	0	0
13156	33-com.easybrain.number.puzzle.game-easybrain-Numb	com.easybrain.number.puzzle.game	0.000574	1	0	0
13156	17050-120911-Mintegral-Brain^20Out^20-Tricky^20riddle^20ga	1477841973	0.00048	1	0	0
14051	3228644433-1342245803-0-0	weather.com	0.000574	1	0	0
11909	1913085-81261-0-0	montecarlo.ru	0.000008	1	0	0
12507	3223322-746020-0-0	agronom-guru.turbopages.org	0.000008	1	0	0
14051	15740-1632689916-0-Standoff^202	com.axlebolt.standoff2	0.000574	1	0	0
11860	71813031-490450-0-0	www.gismeteo.ru	0.000008	1	0	0
12513	65101275-578759-0-0	www.marieclaire.ru	0.000008	1	0	0
11905	84665160-683313-0-0	zaycev.net	0.000008	1	0	0
