BidCostStat	2.5
2021-10-01
9012	41316-586119-0-0	7days.ru	0.000061	1	0	0
14037	pub236088034304-app263722909504-0-Mini^20Beta	com.opera.mini.native.beta	0.000112	1	0	0
12507	52914098-334991-0-0	conf.7ya.ru	0.000008	1	0	0
13252	15181-0	com.miui.player	0.000089	1	0	0
9866	0-187544-0-0	harrypotter.fandom.com	0.000072	1	0	0
12513	2390032-356910-0-0	www.msn.com	0.000008	1	0	0
11860	18373836-466118-0-0	mirfrance.ru	0.000008	1	0	0
11865	65101275-579437-0-0	www.parents.ru	0.000008	1	0	0
11858	91864171-708690-0-0	www.vesti.ru	0.000072	1	0	0
11857	92519834-1263861-0-0	r.mp3xa.fm	0.000008	1	0	0
12507	64297897-441824-0-0	spasibovsem.ru	0.000072	1	0	0
11904	32125188-427184-0-0	bloknot.ru	0.000008	1	0	0
11858	5934165-147590-0-0	mycompany.su	0.000008	1	0	0
11909	1024057-50948-0-0	eva.ru	0.000008	1	0	0
11858	93736421-989341-0-0	kulinarenok.ru	0.000008	1	0	0
12513	7975544-153745-0-0	tass.ru	0.000072	1	0	0
11868	7234779-162377-0-0	www.kommersant.ru	0.000072	1	0	0
12507	69306375-873517-0-0	new-vitara.ru	0.000008	1	0	0
11865	91975713-709672-0-0	o-dns.ru	0.000008	1	0	0
11864	32125188-427416-0-0	bloknot-volgograd.ru	0.000008	1	0	0
12507	18373836-444062-0-0	privet--rostov-ru.turbopages.org	0.000008	1	0	0
9012	43120-609786-0-0	www.tourprom.ru	0.000061	1	0	0
13256	1-0	com.fullreader	0.000089	1	0	0
11864	1006591-50518-0-0	www.amic.ru	0.000008	1	0	0
11909	3849096-126345-0-0	www.gorodche.ru	0.000008	1	0	0
11860	1560494-159243-0-0	nova.rambler.ru	0.000008	1	0	0
12507	71018354-485538-0-0	www.ochevidets.ru	0.000008	1	0	0
11791	8d0aaacfbe818c2738616522fb056826-e8a44c1b1fad74dec	www.myshared.ru	0.000072	1	0	0
10009	21fee56a7508a045067e16181bb7cc2c-e4a26f930c0db018d	animeonline.cc	0.000072	1	0	0
12507	26809064-677990-0-0	allomart.ru	0.000008	1	0	0
12507	9296998-245454-0-0	oblgazeta-ru.turbopages.org	0.000008	1	0	0
11868	63507557-427344-0-0	primechaniya.ru	0.000072	1	0	0
11858	92599858-738817-0-0	ue4dev.online	0.000008	1	0	0
12507	9132820-163508-0-0	kurer--sreda-ru.turbopages.org	0.000008	1	0	0
12512	44687504-280924-0-0	itsmycity.ru	0.000008	1	0	0
14040	pub4444433466368-120311241-Sunday^20GmbH-Cat^20Escape!	1536578421	0.000112	1	0	0
12509	65949452-989182-0-0	infourok.ru	0.000008	1	0	0
12507	12929029-217220-0-0	realybiz.ru	0.000008	1	0	0
11905	30415581-195397-0-0	kazan.flagma.ru	0.000008	1	0	0
12509	33530085-232061-0-0	vladimir.cian.ru	0.000008	1	0	0
11905	8153363-187978-0-0	foodandhealth.ru	0.000008	1	0	0
11868	18373836-466118-0-0	mirfrance.ru	0.000008	1	0	0
11868	552816-1451-0-0	www.kulina.ru	0.000008	1	0	0
11904	5430881-205447-0-0	autogrm.ru	0.000008	1	0	0
12507	2201084-344968-0-0	tarantas-news.turbopages.org	0.000008	1	0	0
11864	75907078-695593-0-0	fotostrana.ru	0.000008	1	0	0
11857	65101275-446888-0-0	www.ellegirl.ru	0.000008	1	0	0
11909	91621604-1289199-0-0	reltex.ru	0.000008	1	0	0
12507	51898059-1296025-0-0	ranobes.net	0.000008	1	0	0
11865	1600226-68252-0-0	berezovskiy.bezformata.com	0.000008	1	0	0
13257	7579-0	com.imo.android.imoimbeta	0.000089	1	0	0
11865	42813817-276165-0-0	www.znak.com	0.000008	1	0	0
11904	737991-54232-0-0	moe-online.ru	0.000008	1	0	0
9866	0-187544-0-0	www.lentainform.com	0.000072	1	0	0
12512	6746465-142629-0-0	kaliningrad.hh.ru	0.000008	1	0	0
11865	91778783-844097-0-0	la-estetica.ru	0.000008	1	0	0
11857	44425643-382744-0-0	cityvacancies.ru	0.000008	1	0	0
11857	15044768-265786-0-0	mangahub.ru	0.000072	1	0	0
14040	1100040398-120467768-miuiad-great-Spider^20Solitaire	com.mintgames.spider.solitaire	0.000112	1	0	0
11865	91778991-1212137-0-0	licey-istra.ru	0.000008	1	0	0
12507	75976372-522842-0-0	inline.ru	0.000008	1	0	0
12507	453032-96166-0-0	kudago.com	0.000008	1	0	0
11904	45441959-284328-0-0	calculatori.ru	0.000008	1	0	0
12507	63929029-430435-0-0	snob.ru	0.000008	1	0	0
11904	14309150-547407-0-0	youwebcams.net	0.000008	1	0	0
13256	1-0	com.maxxt.pcradio	0.000089	1	0	0
11904	7222300-418058-0-0	pan.ru	0.000072	1	0	0
13256	1-0	com.knights.bikesstunt.motomaster	0.000089	1	0	0
11864	65101275-578374-0-0	kissnet.www.nn.ru	0.000008	1	0	0
12507	93993128-1214186-0-0	odezhda.guru	0.000008	1	0	0
14040	pub4444433466368-120371474-LIHUHU^20PTE.^20LTD.-Merge^20	and.lihuhu.mergeblock3d	0.000112	1	0	0
12509	6746465-142629-0-0	krasnoyarsk.hh.ru	0.000008	1	0	0
9865	0-216200-0-0	animedub.ru	0.000072	1	0	0
11904	2103170-637495-0-0	kadara.ru	0.000008	1	0	0
14040	1100046989-120281217-FishingNet-Calculator^20Fake	com.hld.anzenbokusufake	0.000112	1	0	0
11868	5387468-155559-0-0	zebra-tv.ru	0.000008	1	0	0
9866	0-187544-0-0	www.eg.ru	0.000072	2	0	0
11860	2112549-91685-0-0	poleznosti.mirtesen.ru	0.000008	1	0	0
12507	34556117-291109-0-0	xn--h1aajghbhje4i.xn--p1ai	0.000008	1	0	0
14037	2bcf6c47-ebdc-4329-8586-1f5121024026-ed11f1cd-8cd0	com.mgc.miami.crime.simulator.two	0.000112	1	0	0
11857	36493473-331594-0-0	konkurent.ru	0.000008	1	0	0
11909	1560494-70472-0-0	sport.rambler.ru	0.000008	1	0	0
13680	42159-572880-0-0	social.dnpmag.com	0.000061	1	0	0
11858	2418212-530502-0-0	lifehacker.ru	0.000008	1	0	0
11858	4438373-129798-0-0	xn----8sbeyckrgcbzinq9j.ru-an.info	0.000008	1	0	0
12509	91864171-708690-0-0	www.vesti.ru	0.000072	1	0	0
12507	317878-45958-0-0	avtomarket.ru	0.000008	1	0	0
13256	1-0	game.free.rise.hole.up.io.love.balls.toss.up	0.000089	1	0	0
12507	93599099-944073-0-0	deti-online.com	0.000008	1	0	0
12507	36692728-470896-0-0	vteple.info	0.000008	1	0	0
11868	74011181-504039-0-0	postila.ru	0.000008	1	0	0
11868	1180293-56287-0-0	www.kaluga-poisk.ru	0.000008	1	0	0
13256	1-0	com.bruyere.android.solitaire	0.000089	1	0	0
11865	91774418-710347-0-0	paes250.ru	0.000008	1	0	0
11858	92519834-1268160-0-0	mp3uks.ru	0.000008	1	0	0
12507	50264598-326188-0-0	www.radioc.ru	0.000008	2	0	0
11858	30477641-200831-0-0	www.trud.com	0.000008	1	0	0
12513	34382785-242460-0-0	vsn.ru	0.000008	2	0	0
11858	902346-74678-0-0	virazh-astaninskii-filial.kz24.online	0.000008	3	0	0
11857	8004237-210156-0-0	firmdigest.ru	0.000008	1	0	0
11857	1606471-185733-0-0	trubanet-ru.turbopages.org	0.000008	1	0	0
11909	8636883-202797-0-0	rudatasheet.ru	0.000008	1	0	0
9865	0-216200-0-0	ren.tv	0.000072	1	0	0
12507	5809954-579050-0-0	gipernn-ru.turbopages.org	0.000008	1	0	0
11909	5633386-138917-0-0	myslo.ru	0.000008	1	0	0
13252	1-0	recover.deleted.all.files.photo.video.appcompany	0.000089	1	0	0
11791	10-844-0-0	imperialnews.org	0.000008	1	0	0
12507	396626-1140-0-0	kemerovo.stroyportal.ru	0.000008	1	0	0
13256	1-0	id1190849728	0.000089	1	0	0
11857	36338709-257091-0-0	visasam.ru	0.000008	1	0	0
12507	5633973-139040-0-0	u--f-ru.turbopages.org	0.000008	1	0	0
12507	64173066-443007-0-0	radiokp.ru	0.000008	1	0	0
11865	61434742-411178-0-0	otzivisotrudnikov.ru	0.000008	1	0	0
11857	54329152-341213-0-0	brl.mk.ru	0.000008	1	0	0
12507	3293020-129405-0-0	cosmo-ru.turbopages.org	0.000008	2	0	0
11858	1215069-327003-0-0	lovelovely.ru	0.000008	1	0	0
11858	2857319-594119-0-0	forum.tiguans.ru	0.000008	1	0	0
11865	94157104-1220253-0-0	obzorfinans.ru	0.000008	1	0	0
11864	69492613-524316-0-0	www.estateline.ru	0.000008	1	0	0
13256	1-0	com.blackout.bubble	0.000089	1	0	0
11868	1412746-700425-0-0	www.litmir.me	0.000008	1	0	0
11868	90735060-644220-0-0	otzyv.ru	0.000008	3	0	0
13256	1-0	game.puzzle.blockpuzzle	0.000089	2	0	0
11858	51898059-560025-0-0	www.infpol.ru	0.000008	1	0	0
12507	7773941-491296-0-0	naukateh.ru	0.000008	1	0	0
11858	907113-1271193-0-0	knigochei.org	0.000008	1	0	0
11904	31113536-204531-0-0	markakachestva.ru	0.000008	1	0	0
12507	5092531-223754-0-0	ura-news.turbopages.org	0.000008	2	0	0
11904	82182983-561692-0-0	vyborexperta.ru	0.000008	1	0	0
11865	65949452-777073-0-0	tass.ru	0.000072	1	0	0
11868	503611-30324-0-0	spb.blizko.ru	0.000008	1	0	0
11909	43061655-276631-0-0	m.vz.ru	0.000008	1	0	0
11864	41267630-296059-0-0	centr-zanyatosti-naseleniya.ru	0.000008	1	0	0
11865	66196548-454676-0-0	otzovik-top.ru	0.000008	1	0	0
12507	88185568-756623-0-0	berkem.ru	0.000072	1	0	0
13256	1-0	com.blockpuzzle.jewel.diamond	0.000089	1	0	0
12507	30650297-347644-0-0	adella.ru	0.000008	2	0	0
11904	1410868-286567-0-0	u-ksyushi.ru	0.000008	1	0	0
11868	8562776-753408-0-0	pda.orsk.ru	0.000008	1	0	0
11857	36493473-331129-0-0	primpress.ru	0.000072	1	0	0
13256	1-0	com.superbox.aos.fire2048	0.000089	1	0	0
11868	8562776-757351-0-0	ussurmedia.ru	0.000008	1	0	0
11868	24142277-191235-0-0	vyatka-grad.ru	0.000008	1	0	0
11909	18373836-462288-0-0	asiaplustj.info	0.000008	1	0	0
11904	4752014-510922-0-0	stroyguru.com	0.000008	1	0	0
11857	56263496-1280758-0-0	tiktokit.ru	0.000008	1	0	0
13256	1-0	id1209986063	0.000089	1	0	0
11909	845311-45272-0-0	www.rosbalt.ru	0.000072	1	0	0
11909	91621604-1280970-0-0	medcrug.ru	0.000008	1	0	0
11857	61657907-412959-0-0	m.spletnik.ru	0.000008	1	0	0
11909	88185568-756623-0-0	berkem.ru	0.000072	1	0	0
13256	1-0	com.word.game.crossword.brain.puzzle.scapes.connect	0.000089	1	0	0
12507	36493473-331129-0-0	primpress.ru	0.000072	1	0	0
12507	498578-196262-0-0	ural-kp-ru.turbopages.org	0.000008	1	0	0
11865	6734741-142545-0-0	www.drive2.ru	0.000008	2	0	0
11865	69816178-652756-0-0	investgazeta.ru	0.000008	2	0	0
12507	69891566-602765-0-0	udipedia-life.ru	0.000008	1	0	0
11857	31446184-207678-0-0	glavbukh-ru.turbopages.org	0.000008	1	0	0
11865	35792046-249118-0-0	womanadvice.ru	0.000008	1	0	0
12507	36143836-272894-0-0	car-ru.turbopages.org	0.000008	2	0	0
11905	55382320-351335-0-0	caniplay.ru	0.000008	1	0	0
11858	5350121-136704-0-0	football.kulichki.net	0.000008	1	0	0
12509	65949452-777073-0-0	tass.ru	0.000072	1	0	0
11858	18373836-447385-0-0	mod-land.ru	0.000008	2	0	0
11865	89739637-1210746-0-0	fightnews.info	0.000008	1	0	0
12507	3592481-124702-0-0	m.pddmaster.ru	0.000008	1	0	0
12509	65949452-1285899-0-0	www.cyberforum.ru	0.000008	1	0	0
11858	751427-66108-0-0	belor.biz	0.000008	1	0	0
12507	59910739-411277-0-0	medikforum-ru.turbopages.org	0.000008	1	0	0
13256	1-0	tk.jewels.rush	0.000089	1	0	0
8669	65bd063b3720d703fa73072dcabb277a-9c78d4358b08e3587	yourtorrent.ru	0.000008	1	0	0
13256	1-0	com.almondstudio.scanword	0.000089	1	0	0
11858	452669-10552-0-0	bus.tutu.ru	0.000008	1	0	0
11858	2109366-349221-0-0	sims-market.ru	0.000008	1	0	0
11864	69492613-524316-0-0	estateline.ru	0.000008	2	0	0
12509	3090793-147280-0-0	pravoved.ru	0.000008	1	0	0
12512	471585-1239611-0-0	frauflora.ru	0.000008	1	0	0
11909	39781679-720502-0-0	moreprodukt-info.turbopages.org	0.000008	1	0	0
12507	927410-173674-0-0	bidbaits.ru	0.000008	1	0	0
11857	31023497-255643-0-0	zachestnyibiznes.ru	0.000008	2	0	0
14040	1100035684-120101952-Handcent-Handcent^20Next^20SMS^20-^20	com.handcent.app.nextsms	0.000112	1	0	0
11909	43526450-278200-0-0	mschistota.ru	0.000072	1	0	0
11864	9598552-175106-0-0	www.forbes.ru	0.000008	2	0	0
13685	43650-609027-0-0	klops.ru	0.000061	1	0	0
11909	26809064-450912-0-0	geekteam.pro	0.000008	1	0	0
13256	1-0	org.aastudio.games.longnards	0.000089	1	0	0
13256	1-0	com.cloudycastlegames.wordline	0.000089	2	0	0
12509	51898059-1302353-0-0	readmanga.io	0.000008	1	0	0
11860	1683593-210293-0-0	kolomna.jobfilter.ru	0.000008	1	0	0
12507	775153-334670-0-0	credits.ru	0.000008	1	0	0
11865	1023760-52282-0-0	bikepost.ru	0.000008	1	0	0
11858	65101275-578374-0-0	www.nn.ru	0.000008	1	0	0
11865	2135002-120726-0-0	sp-shopogoliki.ru	0.000008	1	0	0
11857	897669-56459-0-0	pikabu-ru.turbopages.org	0.000008	1	0	0
11909	49697278-424313-0-0	proosteklenie.com	0.000008	1	0	0
12509	24063418-190744-0-0	vplate.ru	0.000072	1	0	0
11864	6746465-142629-0-0	pskov.hh.ru	0.000008	1	0	0
11864	6438395-152035-0-0	pogoda.mail.ru	0.000008	1	0	0
11864	91072570-651429-0-0	kanobu.ru	0.000008	1	0	0
11857	2013471-87094-0-0	onlinetestpad.com	0.000008	1	0	0
12507	478574-381897-0-0	gadgetok.ru	0.000008	1	0	0
11865	3451193-1249760-0-0	mir-knigi.net	0.000008	1	0	0
11865	89459135-727938-0-0	valis-mebel.ru	0.000008	1	0	0
12507	1410868-286567-0-0	u-ksyushi.ru	0.000008	1	0	0
11865	1124250-54642-0-0	krsk.au.ru	0.000008	1	0	0
13257	1-0	com.ume.browser.international	0.000089	1	0	0
11865	94242556-1222119-0-0	xn--80almfnfiqx.xn--p1ai	0.000008	1	0	0
11865	504193-28011-0-0	www.zr.ru	0.000008	1	0	0
11858	6746465-142629-0-0	krasnodar.hh.ru	0.000008	1	0	0
12507	92107947-714905-0-0	tolknews-ru.turbopages.org	0.000008	1	0	0
11909	91114828-653308-0-0	cyberleninka.ru	0.000008	1	0	0
11908	4140396-127625-0-0	www.newkaliningrad.ru	0.000008	1	0	0
11865	7235217-585582-0-0	it-tehnik.ru	0.000008	1	0	0
11857	30954878-1284789-0-0	naschaeda-ru.turbopages.org	0.000008	1	0	0
11858	8240866-155688-0-0	www.belnovosti.by	0.000008	1	0	0
11909	7458456-994740-0-0	audiokniga-online.ru	0.000008	1	0	0
11865	897669-56459-0-0	pikabu.ru	0.000008	1	0	0
13254	13818-0	www.sports.ru	0.000089	1	0	0
12507	45746419-284959-0-0	schlock.ru	0.000072	1	0	0
9866	0-216200-0-0	kaspyinfo.ru	0.000072	1	0	0
11858	2050914-721153-0-0	luun.ru	0.000008	1	0	0
11909	91437683-992150-0-0	setafi.com	0.000008	1	0	0
11868	92463580-732669-0-0	topruscar.ru	0.000008	1	0	0
13256	1-0	com.birdmusicapp.player	0.000089	1	0	0
12512	1348439-71914-0-0	riverforum.net	0.000008	1	0	0
12509	65949452-583306-0-0	sobesednik.ru	0.000072	1	0	0
11909	404101-462672-0-0	allergology.ru	0.000008	1	0	0
13683	43120-609786-0-0	nversia.ru	0.000061	1	0	0
11905	78111199-540489-0-0	okna-dom.net	0.000008	1	0	0
9866	0-187544-0-0	www.hobobo.ru	0.000072	1	0	0
11865	30570339-653854-0-0	moevideo.biz	0.000008	1	0	0
13256	1-0	com.hy.sfacer	0.000089	1	0	0
11868	70390261-721373-0-0	the-moment.ru	0.000008	1	0	0
11860	1683593-210293-0-0	moskva.jobfilter.ru	0.000008	1	0	0
13256	1-0	com.soodexlabs.sudoku2	0.000089	1	0	0
12507	69891566-602765-0-0	udipedia-live.ru	0.000008	2	0	0
12509	33530085-232061-0-0	maykop.cian.ru	0.000008	1	0	0
12507	1600226-68252-0-0	vyazma.bezformata.com	0.000008	1	0	0
11865	30570339-681423-0-0	moevideo.biz	0.000008	1	0	0
12507	1756154-113576-0-0	sibkray-ru.turbopages.org	0.000008	1	0	0
11857	54329152-341213-0-0	brl.mk.ru	0.000072	1	0	0
12512	52301325-333179-0-0	geodesist.ru	0.000008	1	0	0
11909	93261812-810117-0-0	doramalive.ru	0.000072	2	0	0
12507	1932193-96375-0-0	verkhniaia-salda.spravker.ru	0.000008	1	0	0
12507	55326833-350803-0-0	news.ru	0.000008	1	0	0
11865	7137715-257689-0-0	ongreenway.org	0.000008	1	0	0
13256	1-0	com.zuuks.truck.simulator.euro	0.000089	1	0	0
14040	1100046989-120281218-FishingNet-Gallery	gallery.photomanager.picturegalleryapp.imagegallery	0.000112	1	0	0
12507	65800060-587644-0-0	vaz-2114-lada.ru	0.000008	1	0	0
13256	1-0	vpn.ukraine_tap2free	0.000089	1	0	0
11868	89739637-984354-0-0	komiinform.ru	0.000008	1	0	0
11864	9598552-175106-0-0	www.forbes.ru	0.000072	4	0	0
11857	3345663-125727-0-0	kazanfirst.ru	0.000008	1	0	0
11857	452669-10552-0-0	bus.tutu.ru	0.000008	1	0	0
11865	60593289-405812-0-0	parcelsapp.com	0.000008	1	0	0
11868	6535567-248528-0-0	taraklop.ru	0.000008	1	0	0
11904	1312384-59770-0-0	izgr.ru	0.000008	1	0	0
9868	0-187544-0-0	www.eg.ru	0.000072	1	0	0
11858	1851489-673074-0-0	isprav.ru	0.000008	1	0	0
14040	1100044079-120214997-Loop^20Games^20Oyun^20Teknolojileri	1502447854	0.000112	1	0	0
11868	65101275-578603-0-0	www.fontanka.ru	0.000008	2	0	0
8669	5937c422f0b37c7566937953-4441-0-0	nauka.club	0.000072	1	0	0
13256	1-0	com.mnt.game.block.puzzle.brick.tenten	0.000089	1	0	0
13580	fc25796c-7d55-475a-a272-a90d7604e93b-472385-0-0	www.mk.ru	0.000063	1	0	0
11864	6438395-151536-0-0	health.mail.ru	0.000008	1	0	0
11909	2097243-748947-0-0	landofgames.ru	0.000008	1	0	0
11868	92443023-731945-0-0	onnet.am	0.000008	1	0	0
11858	46809208-289191-0-0	fantasywiki.ru	0.000008	2	0	0
11868	91114828-653308-0-0	cyberleninka.ru	0.000008	1	0	0
14040	1100042309-120366303-Fugo-Words^20Of^20Wonders:^20Guru^20-	com.fugo.wowguru	0.000112	1	0	0
11904	464925-225360-0-0	diamondelectric.ru	0.000008	1	0	0
11857	439834-240654-0-0	xn--80ac9aeh6f.xn--p1ai	0.000008	2	0	0
12507	42813817-276165-0-0	znak-com.turbopages.org	0.000008	2	0	0
12507	34408360-242635-0-0	document.wikireading.ru	0.000008	1	0	0
12507	65101275-577872-0-0	74.ru	0.000008	1	0	0
11905	92386429-872461-0-0	cxem.net	0.000008	2	0	0
11909	2013083-219414-0-0	www.5lad.ru	0.000008	1	0	0
11909	6438395-467395-0-0	hi--tech-mail-ru.turbopages.org	0.000008	1	0	0
11904	51898059-560025-0-0	www.infpol.ru	0.000008	1	0	0
11864	49657268-323488-0-0	mastergrad.com	0.000008	1	0	0
11868	51898059-1263593-0-0	autopeople.ru	0.000008	1	0	0
12507	2383575-180240-0-0	pogoda.365c.ru	0.000008	1	0	0
11857	91778881-1242277-0-0	ru-shkola.ru	0.000008	1	0	0
11857	89739637-994729-0-0	knigi-audio.com	0.000072	1	0	0
11858	61323914-410639-0-0	www.km.ru	0.000008	1	0	0
12507	33530085-232061-0-0	kurgan.cian.ru	0.000008	1	0	0
11858	74149893-506326-0-0	childfreeadeqat.mybb.ru	0.000008	1	0	0
11868	5599278-138742-0-0	www.atorus.ru	0.000008	1	0	0
11904	61678927-1206244-0-0	bookzip.avivas.online	0.000008	2	0	0
13256	1-0	id1402586391	0.000089	1	0	0
11909	32842183-271624-0-0	zvonili.com	0.000008	1	0	0
13256	1-0	com.adme.android	0.000089	1	0	0
12507	50264598-333108-0-0	www.alfafm.ru	0.000008	1	0	0
11904	47811-403680-0-0	www.retail.ru	0.000008	1	0	0
11868	34382785-242460-0-0	sankt-peterburg.vsn.ru	0.000008	1	0	0
11905	91778783-844097-0-0	la-estetica.ru	0.000008	1	0	0
11791	10-844-0-0	lady-style.xyz	0.000008	1	0	0
11858	1505964-251107-0-0	okrugmir.ru	0.000008	1	0	0
12507	384037-192543-0-0	ignio.com	0.000008	1	0	0
11858	32402134-217631-0-0	wooordhunt.ru	0.000008	1	0	0
12507	51526388-159406-0-0	www.stranamam.ru	0.000008	1	0	0
14037	d88c7d36-032f-4194-ac97-e37e406d1ab9-8ee6284b-4801	com.hgamesart.catsimulator	0.000112	1	0	0
11864	49905584-324706-0-0	sport24.ru	0.000008	1	0	0
11865	61657907-412959-0-0	m.spletnik.ru	0.000008	1	0	0
12507	5092531-241790-0-0	ura-news.turbopages.org	0.000008	1	0	0
12507	1801033-247350-0-0	mangalib.me	0.000008	1	0	0
12507	7295714-153743-0-0	russian.rt.com	0.000072	4	0	0
11868	8562776-752125-0-0	www.mk.ru	0.000072	1	0	0
11909	51526388-115954-0-0	www.povarenok.ru	0.000008	1	0	0
11909	67999687-636401-0-0	xn----7sbajahheyaepn1ca0aveqcb0fxl.xn--p1acf	0.000008	1	0	0
11868	8562776-753104-0-0	www.inmyroom.ru	0.000008	3	0	0
11904	2968176-114236-0-0	www.panoidl.ru	0.000008	1	0	0
14055	0-187544-0-0	m.7days.ru	0.000072	1	0	0
12367	0-187544-0-0	m.7days.ru	0.000072	1	0	0
11864	65101275-575584-0-0	www.e1.ru	0.000008	12	0	0
13262	1-0	com.robtopx.geometryjumplite	0.000089	1	0	0
11858	65101275-575584-0-0	www.e1.ru	0.000008	1	0	0
12507	53871116-711765-0-0	aptekab.ru	0.000008	1	0	0
12507	32279266-604358-0-0	mel.fm	0.000008	1	0	0
12160	0-1347970258966034-0-0	best-sovet.com	0.000007	1	0	0
11864	65101275-578603-0-0	www.fontanka.ru	0.000008	4	0	0
12507	91623033-683453-0-0	nizhniynovgorod.irr.ru	0.000008	1	0	0
12507	570920-38708-0-0	news.vtomske.ru	0.000072	1	0	0
11905	4213665-192838-0-0	dom-eda.com	0.000008	1	0	0
9865	0-187544-0-0	1progs.ru	0.000072	1	0	0
11857	1180293-56287-0-0	www.kaluga-poisk.ru	0.000008	4	0	0
11864	47669093-514815-0-0	russiansound.ru	0.000008	1	0	0
11858	82182983-561692-0-0	vyborexperta.ru	0.000008	1	0	0
12512	45267088-281953-0-0	ytro.news	0.000008	1	0	0
11865	7689119-1240802-0-0	avtoehlektrika.ru	0.000008	1	0	0
9012	40621-491126-0-0	ad-online.lordfilms-s.biz	0.000007	1	0	0
11864	51526388-115954-0-0	www.povarenok.ru	0.000008	1	0	0
11857	3598907-330905-0-0	vokrug-tv.turbopages.org	0.000008	1	0	0
11865	69816178-629408-0-0	xn--80abdgjyd4ar2a.xn--p1ai	0.000008	1	0	0
11860	1202982-135206-0-0	allremont59.ru	0.000072	1	0	0
12507	18373836-593092-0-0	secondstreet.ru	0.000008	3	0	0
14037	1100042782-120196546-Perfect^20Corp.-YouCam^20Perfect^20	768469908	0.000112	1	0	0
12507	65101275-684050-0-0	starhit-ru.turbopages.org	0.000008	2	0	0
12507	56603979-395450-0-0	chiptuner.ru	0.000008	1	0	0
9012	40621-491126-0-0	studiohd.org	0.000061	1	0	0
12507	476196-292318-0-0	onlayn-radio.ru	0.000008	1	0	0
11865	94471171-1301998-0-0	www.chitalnya.ru	0.000008	1	0	0
11858	1095170-279398-0-0	www.gtavicecity.ru	0.000008	1	0	0
13256	13818-0	ru.sports	0.000089	1	0	0
11858	63929029-430435-0-0	snob.ru	0.000008	1	0	0
11904	94959568-1281606-0-0	timnews.ru	0.000008	1	0	0
13256	1-0	game.puzzle.woodypuzzle	0.000089	1	0	0
13256	1-0	com.spbtv.rosing	0.000089	1	0	0
11858	41724942-336240-0-0	libking.ru	0.000008	1	0	0
11858	2983481-409927-0-0	vklist.ru	0.000008	1	0	0
13256	1-0	com.timskiy.pregnancy	0.000089	1	0	0
13256	1-0	com.dencreak.dlcalculator	0.000089	1	0	0
12507	482002-726976-0-0	charovni.ru	0.000008	1	0	0
12513	5804892-188569-0-0	domsdelat.ru	0.000072	1	0	0
11857	1386626-1294341-0-0	readmanga.io	0.000008	1	0	0
12507	77024529-534994-0-0	vremyan-ru.turbopages.org	0.000008	1	0	0
12507	5809954-1288541-0-0	domostroynn-ru.turbopages.org	0.000008	1	0	0
11865	38661274-635651-0-0	mir-knigi.info	0.000008	1	0	0
11858	1749689-578323-0-0	forum-amit.ru	0.000008	1	0	0
8662	6f74b1d4b2ed506a17af3512d3fe8687-23461f89c2c102937	profile.ru	0.000072	1	0	0
12507	486016-1255560-0-0	sarvelo-ru.turbopages.org	0.000008	1	0	0
11905	1426764-126740-0-0	files.stroyinf.ru	0.000008	2	0	0
12507	87448464-1270929-0-0	neuro--ural-ru.turbopages.org	0.000008	1	0	0
11909	3849512-125905-0-0	www.liveinternet.ru	0.000008	1	0	0
11857	1913078-162571-0-0	life-ru.turbopages.org	0.000008	1	0	0
11868	91864171-708690-0-0	www.vesti.ru	0.000072	2	0	0
12512	91114828-653308-0-0	cyberleninka.ru	0.000008	1	0	0
11904	8153363-187978-0-0	foodandhealth.ru	0.000008	1	0	0
13256	1-0	com.skgames.trafficrider	0.000089	1	0	0
12509	33530085-232061-0-0	spb.cian.ru	0.000008	2	0	0
13266	1-0	sp.app.bubblepop	0.000089	1	0	0
11865	72187222-492071-0-0	xn--80adbm9baodlv2b.xn--p1ai	0.000008	1	0	0
11865	2299740-135050-0-0	www.slamdunk.ru	0.000008	1	0	0
11857	75879660-542446-0-0	prohvost.club	0.000008	1	0	0
11865	91778881-699059-0-0	seventools.ru	0.000008	1	0	0
13256	12364-0	puzzle.blockpuzzle.cube.relax	0.000089	1	0	0
13256	12789-0	com.bitsmedia.android.muslimpro	0.000089	2	0	0
13252	15181-0	com.android.providers.downloads.ui	0.000089	1	0	0
11858	51898059-738543-0-0	amedia.online	0.000008	1	0	0
12507	24063418-242868-0-0	stroy-podskazka.ru	0.000072	1	0	0
12507	33530085-232061-0-0	spb.cian.ru	0.000008	1	0	0
12507	7664547-442805-0-0	m--strana-ru.turbopages.org	0.000008	2	0	0
12507	49657268-323488-0-0	mastergrad-com.turbopages.org	0.000008	1	0	0
11858	36882225-268047-0-0	cont.ws	0.000008	2	0	0
12507	974947-49517-0-0	9111-ru.turbopages.org	0.000008	1	0	0
9011	42917-620829-0-0	animedub.ru	0.000061	1	0	0
12368	0-216200-0-0	www.om1.ru	0.000072	1	0	0
11865	779377-64652-0-0	nacekomie.ru	0.000008	1	0	0
11905	6732883-142543-0-0	base.garant.ru	0.000008	2	0	0
11865	8562776-854242-0-0	forum.littleone.ru	0.000008	1	0	0
12507	79428861-545653-0-0	ranobes.com	0.000008	1	0	0
12507	1591201-108029-0-0	fighttime.ru	0.000008	2	0	0
13256	38558-0	com.abi.robber.puzzle.thief	0.000089	1	0	0
12507	65765803-451325-0-0	vetta-tv.turbopages.org	0.000008	1	0	0
11864	6557105-250544-0-0	www.interfax.ru	0.000072	1	0	0
12507	24063418-190744-0-0	vplate.ru	0.000072	1	0	0
13256	1-0	com.gamefox.eyes	0.000089	1	0	0
11857	71191770-486682-0-0	mainstyles.ru	0.000008	1	0	0
11864	5350121-136704-0-0	football.kulichki.net	0.000008	1	0	0
11864	18373836-576995-0-0	online.anidub.com	0.000008	3	0	0
11865	91778881-1242162-0-0	spark-welding.ru	0.000008	1	0	0
11904	3514010-104644-0-0	www.poshivchik.ru	0.000008	1	0	0
11865	91778881-1242465-0-0	strop-snab.ru	0.000008	1	0	0
11864	18373836-455813-0-0	top-mods.ru	0.000008	1	0	0
11865	93547635-1266864-0-0	avto-nomer.ru	0.000008	1	0	0
13683	36195-472385-0-0	www.mk.ru	0.000061	1	0	0
11865	63929029-430435-0-0	snob.ru	0.000072	1	0	0
12507	91159049-655744-0-0	remanga.org	0.000008	1	0	0
11860	51898059-1273905-0-0	avtozakony.ru	0.000008	1	0	0
11864	7773941-513278-0-0	funnew.ru	0.000008	1	0	0
11909	410659-1400-0-0	www.f1news.ru	0.000008	2	0	0
12507	48982972-532351-0-0	kaskad-tv.turbopages.org	0.000008	3	0	0
14056	0-216200-0-0	animestars.org	0.000072	1	0	0
11868	63819103-429409-0-0	m.galya.ru	0.000008	1	0	0
11865	6438395-248298-0-0	youla.ru	0.000008	2	0	0
11904	73622320-500250-0-0	ktv-ray.ru	0.000008	1	0	0
13256	1-0	bp.free.puzzle.game.mahjong.onet	0.000139	1	1	0
12507	6601699-142265-0-0	ilive.com.ua	0.000008	1	0	0
11865	70028346-490244-0-0	offshoreview.eu	0.000072	1	0	0
11865	61657907-412959-0-0	www.spletnik.ru	0.000008	1	0	0
13256	3917-0	com.fusionmedia.investing	0.000089	2	0	0
12507	7668328-149888-0-0	nalog--nalog-ru.turbopages.org	0.000008	1	0	0
13257	1-0	com.pixign.smart.puzzles	0.000089	1	0	0
11864	32125188-427919-0-0	bloknot-rostov.ru	0.000008	1	0	0
13256	1-0	com.solitaire.fish.klondike.card.aquarium	0.000089	2	0	0
11909	75907078-745525-0-0	m.fotostrana.ru	0.000008	1	0	0
11857	92519834-1223907-0-0	ru.drivemusic.me	0.000008	2	0	0
11865	38959772-261795-0-0	pasmi.ru	0.000008	1	0	0
11865	9616242-167692-0-0	www.kvartirant.ru	0.000008	1	0	0
12507	6601699-142265-0-0	ilive-com-ua.turbopages.org	0.000008	1	0	0
11909	56953682-478194-0-0	food.inmyroom.ru	0.000008	1	0	0
11909	504193-28011-0-0	www.zr.ru	0.000008	2	0	0
11857	7632479-149423-0-0	rueconomics-ru.turbopages.org	0.000008	1	0	0
11857	42813817-276165-0-0	www.znak.com	0.000008	1	0	0
12507	504193-28011-0-0	www.zr.ru	0.000008	3	0	0
11909	62044202-763219-0-0	building-info.ru	0.000008	1	0	0
11909	407197-91828-0-0	burdastyle.ru	0.000008	1	0	0
14040	1100044748-120220383-gamesvessel-Saori_gp	art.color.planet.paint.by.number.game.puzzle.free	0.000112	8	4	0
11858	36880868-255678-0-0	krutilvertel.com	0.000008	1	0	0
12507	36882225-267966-0-0	rusvesna.su	0.000008	3	0	0
12507	51898059-1238537-0-0	ucrazy.ru	0.000008	1	0	0
12507	41861854-631069-0-0	znanija.org	0.000008	2	0	0
11868	87276007-592219-0-0	brl.mk.ru	0.000008	1	0	0
13256	1-0	com.marbleblast.zuma.marblegame	0.000112	0	3	0
11909	37786383-259198-0-0	www.bolshoyvopros.ru	0.000008	4	0	0
12513	92453275-732287-0-0	11novosti.ru	0.000008	1	0	0
11858	493034-24065-0-0	www.uazbuka.ru	0.000008	1	0	0
11857	1431309-188212-0-0	fbm.ru	0.000072	2	0	0
11858	388665-162561-0-0	www.servicebox.ru	0.000008	1	0	0
12507	33397807-242671-0-0	tsargrad-tv.turbopages.org	0.000008	1	0	0
11791	10-844-0-0	narslovar.ru	0.000008	1	0	0
9866	0-187544-0-0	turkru.tv	0.000072	2	0	0
11864	51898059-487857-0-0	kg-portal.ru	0.000008	1	0	0
11908	5314155-136380-0-0	dni.ru	0.000008	2	0	0
12507	41296583-270831-0-0	visa-exp.com	0.000008	1	0	0
11865	92147898-728411-0-0	yogaclass.su	0.000008	1	0	0
11865	7970387-160623-0-0	podolskriamo.ru	0.000008	1	0	0
12507	494474-102843-0-0	otzovik.com	0.000008	13	0	0
11865	2064639-164017-0-0	classinform.ru	0.000008	1	0	0
9864	0-216200-0-0	m.7days.ru	0.000072	3	0	0
11864	6438395-525739-0-0	news.mail.ru	0.000008	1	0	0
11904	369305-1038-0-0	3dnews.ru	0.000008	3	0	0
11865	1094031-288124-0-0	tochka-mira.ru	0.000008	1	0	0
11864	65101275-575586-0-0	ngs.ru	0.000008	3	0	0
11868	37211197-257005-0-0	forums.rusmedserv.com	0.000008	1	0	0
12507	3293020-752104-0-0	mhealth-ru.turbopages.org	0.000008	1	0	0
13256	1-0	com.moon.craft.buildingcraft	0.000089	1	0	0
12512	56953682-526860-0-0	food.inmyroom.ru	0.000008	1	0	0
11858	32125188-427416-0-0	bloknot-volgograd.ru	0.000008	2	0	0
13256	1-0	solitaire.klondike.patience.spider.freecell.card.free.daily	0.000112	0	1	0
12507	395247-2681-0-0	agroserver.ru	0.000008	1	0	0
12507	7590963-504165-0-0	allergiyanet-ru.turbopages.org	0.000008	1	0	0
12507	8562776-777206-0-0	rg.ru	0.000008	1	0	0
11904	1238473-324729-0-0	zk14.ru	0.000008	1	0	0
12507	1073234-73845-0-0	electrik.info	0.000008	1	0	0
11865	91774534-709723-0-0	aniko-gas.ru	0.000008	1	0	0
11904	2109366-349221-0-0	sims-market.ru	0.000008	2	0	0
11865	6557105-250544-0-0	www.interfax.ru	0.000008	1	0	0
12507	3223322-288741-0-0	stroim--domik-org.turbopages.org	0.000008	1	0	0
12507	90720690-643887-0-0	mir-knig.com	0.000008	10	0	0
11858	51898059-974103-0-0	gisher.org	0.000008	1	0	0
11909	26809064-900832-0-0	venteler.ru	0.000008	1	0	0
11909	65101275-575584-0-0	m.e1.ru	0.000008	1	0	0
12507	570920-38708-0-0	news.vtomske.ru	0.000008	1	0	0
11865	68074758-466820-0-0	gt-news.ru	0.000008	1	0	0
13256	1-0	com.ffgames.racingincar2	0.000089	1	0	0
13256	1-0	com.luzapplications.alessio.topwallpapers	0.000139	1	1	0
14040	1100049014-120439427-SLPF-Genshin^20Helper	com.wethole.ghpme	0.000112	1	0	0
11909	3293020-125354-0-0	www.goodhouse.ru	0.000008	1	0	0
11909	9132820-163508-0-0	kurer--sreda-ru.turbopages.org	0.000008	1	0	0
11909	93335226-830873-0-0	www.eg.ru	0.000008	3	0	0
11865	11353791-268567-0-0	myavtobus.ru	0.000008	1	0	0
12507	985920-49912-0-0	www.vidal.ru	0.000008	3	0	0
11909	91159049-655744-0-0	remanga.org	0.000008	2	0	0
12507	65101275-578839-0-0	www.psychologies.ru	0.000072	1	0	0
11868	7295714-188279-0-0	russian.rt.com	0.000072	2	0	0
12507	32380414-216896-0-0	domnomore.com	0.000008	1	0	0
11858	82757547-564359-0-0	izhlife.ru	0.000008	1	0	0
11864	65101275-576513-0-0	v1.ru	0.000008	1	0	0
11865	897795-259376-0-0	www.ixbt.com	0.000008	2	0	0
11857	1180293-536323-0-0	vologda--poisk-ru.turbopages.org	0.000008	1	0	0
11858	9598552-175106-0-0	www.forbes.ru	0.000072	1	0	0
11857	1560494-670776-0-0	mail.rambler.ru	0.000008	1	0	0
12507	33182467-227004-0-0	tytkleva-net.turbopages.org	0.000008	1	0	0
13256	1-0	com.marbleblast.zuma.marblegame	0.000089	1	0	0
11857	5092531-241790-0-0	ura-news.turbopages.org	0.000008	1	0	0
12507	65101275-576513-0-0	v1.ru	0.000008	1	0	0
11864	4140396-127625-0-0	www.newkaliningrad.ru	0.000008	1	0	0
11909	571882-184072-0-0	sputnik-georgia.ru	0.000008	2	0	0
11857	5247121-70983-0-0	yarportal.ru	0.000008	1	0	0
11857	52754553-334303-0-0	gazeta.a42.ru	0.000008	1	0	0
9012	41985-613149-0-0	nversia.ru	0.000061	1	0	0
11909	91122342-653694-0-0	fanat1k.ru	0.000008	3	0	0
10049	10-844-0-0	faq.zigzagmu.ru	0.000008	2	0	0
12507	1409206-62247-0-0	radiokot.ru	0.000008	1	0	0
12507	473106-94916-0-0	anekdotov.net	0.000008	1	0	0
11857	87936520-601046-0-0	love.mail.ru	0.000008	10	0	0
13256	1-0	pl.lukok.draughts	0.000089	1	0	0
13256	1-0	com.smoqgames.packopen21	0.000089	1	0	0
11865	26291209-280343-0-0	gurukredit.ru	0.000008	1	0	0
11868	1560494-485869-0-0	lenta.ru	0.000008	1	0	0
12509	43220445-277561-0-0	pravdaosro.ru	0.000008	1	0	0
13256	1-0	com.speakandtranslate.voicetranslator.alllanguages	0.000089	1	0	0
11858	5550422-138437-0-0	tvzvezda.ru	0.000008	2	0	0
11909	503611-30324-0-0	samara.blizko.ru	0.000008	1	0	0
11909	51606843-330728-0-0	femmie.ru	0.000008	1	0	0
11868	35650980-513061-0-0	www.ktv-ray.ru	0.000008	1	0	0
11865	4971074-494030-0-0	trustorg.com	0.000008	1	0	0
11857	7632479-149419-0-0	riafan-ru.turbopages.org	0.000008	1	0	0
11909	504193-28011-0-0	zr-ru.turbopages.org	0.000008	1	0	0
10208	6d4e33980ff0d340926898fa68e2f0cf-ac0cfa0dfcc0909ac	turkcinema.org	0.000072	1	0	0
11858	36493473-331129-0-0	primpress.ru	0.000072	1	0	0
11905	38661274-725731-0-0	mir-knigi.net	0.000008	1	0	0
13256	1-0	com.bcsofts.colorlinesreborn	0.000089	1	0	0
11864	51898059-1263593-0-0	autopeople.ru	0.000008	1	0	0
13256	1-0	wood.blockpuzzle.game.jewel.classic	0.000089	1	0	0
12507	18373836-575903-0-0	royallib.com	0.000008	1	0	0
13256	1-0	id1193508329	0.000089	2	0	0
12507	1129439-398553-0-0	www.xgamers.ru	0.000008	1	0	0
13256	1-0	easy.killer.sudoku.puzzle.solver.free	0.000112	0	1	0
12507	1729172-125348-0-0	zakonrf-info.turbopages.org	0.000008	1	0	0
12513	1913064-81259-0-0	rusradio.ru	0.000008	1	0	0
11909	5306121-710606-0-0	sdelai-lestnicu.ru	0.000008	1	0	0
12507	7664547-442805-0-0	m-strana.ru	0.000008	1	0	0
13256	1-0	com.reachjunction.card.game.solitaire	0.000089	1	0	0
9866	0-187544-0-0	fallout.fandom.com	0.000072	1	0	0
13256	1-0	com.merigotech.fillwords	0.000089	2	0	0
12507	7417642-189039-0-0	gadalkindom.ru	0.000008	1	0	0
11864	86690274-711814-0-0	www.yaplakal.com	0.000008	1	0	0
11865	3293020-129405-0-0	www.cosmo.ru	0.000008	4	0	0
11865	32279266-604358-0-0	mel.fm	0.000008	1	0	0
12507	2745-45551-0-0	forumhouse-ru.turbopages.org	0.000008	2	0	0
12507	93736421-989341-0-0	kulinarenok-ru.turbopages.org	0.000008	1	0	0
12512	2803962-125713-0-0	www.chaikovskie.ru	0.000008	1	0	0
12507	30394981-245919-0-0	polzablog.ru	0.000008	1	0	0
12507	1282729-150470-0-0	www.detkipodelki.ru	0.000008	1	0	0
12368	0-187544-0-0	klops.ru	0.000072	2	0	0
11865	66013067-604161-0-0	gamemycafe.ru	0.000008	1	0	0
13685	36195-472385-0-0	volg.mk.ru	0.000061	1	0	0
11904	8157577-352414-0-0	love.ru	0.000008	3	0	0
11909	93335226-830873-0-0	www.eg.ru	0.000072	1	0	0
14040	1100047556-120463659-HONG^20KONG^20MANGO^20MOBILE^20LIMITE	com.pixel.art.paint.coloring.book.draw.puzzle.game	0.000112	2	0	0
12507	70028346-490244-0-0	offshoreview.eu	0.000072	1	0	0
11865	24111355-1291364-0-0	readmanga.io	0.000008	1	0	0
11865	7159731-630794-0-0	mir-espresso.ru	0.000008	1	0	0
12507	1133796-430869-0-0	www.rulit.me	0.000008	4	0	0
12507	84665160-1223854-0-0	russkiiyazyk.ru	0.000008	1	0	0
11864	87828462-739756-0-0	blognesco.ru	0.000008	4	0	0
9864	0-216200-0-0	ren.tv	0.000072	4	0	0
11864	65101275-578374-0-0	koryaba.www.nn.ru	0.000008	1	0	0
12507	2892691-687746-0-0	metalspace.ru	0.000008	1	0	0
11865	8234785-158889-0-0	krisha.kz	0.000008	1	0	0
11865	91083793-1238391-0-0	ru.jobsora.com	0.000008	1	0	0
11865	93335226-830873-0-0	www.eg.ru	0.000008	8	0	0
11909	985920-49912-0-0	www.vidal.ru	0.000008	1	0	0
11904	1969132-548738-0-0	metr12.ru	0.000008	1	0	0
13256	1-0	com.pimpochkagames.kitkothouse	0.000089	1	0	0
11858	32125188-428276-0-0	bloknot-shakhty.ru	0.000008	1	0	0
11909	65101275-575584-0-0	www.e1.ru	0.000008	4	0	0
11858	30384494-195174-0-0	mycollages.ru	0.000008	1	0	0
12507	49608361-418964-0-0	1000.menu	0.000008	4	0	0
11857	3090793-147280-0-0	pravoved.ru	0.000008	2	0	0
11909	1287469-222338-0-0	omegapost.ru	0.000008	1	0	0
13256	1-0	com.lihuhu.woodblockmerger	0.000139	1	1	0
11909	3826211-601431-0-0	azbukakreditov.ru	0.000008	1	0	0
12507	40879015-269713-0-0	cenyavto.com	0.000008	1	0	0
11860	56953682-478194-0-0	www.inmyroom.ru	0.000008	1	0	0
11864	48537776-547400-0-0	jut.su	0.000072	1	0	0
12512	1386626-1294341-0-0	readmanga.io	0.000008	1	0	0
12507	10018531-216742-0-0	1tulatv.ru	0.000008	1	0	0
11909	37382140-335384-0-0	ustaliy.ru	0.000072	1	0	0
12507	5024298-136264-0-0	spravkainform.ru	0.000008	1	0	0
12509	6746465-142629-0-0	domodedovo.hh.ru	0.000008	1	0	0
11865	90518430-675939-0-0	severpost.ru	0.000008	1	0	0
12507	93915523-1261125-0-0	znatoktepla.ru	0.000008	1	0	0
14040	1100047672-120370374-Murka^20Games^20Limited-Braindoku	com.murka.braindoku.sudoku.block.puzzle	0.000112	1	0	0
11864	426064-26708-0-0	www.gotovim.ru	0.000008	1	0	0
11858	42813817-276165-0-0	www.znak.com	0.000008	2	0	0
11864	3389060-419282-0-0	www.cmlt.ru	0.000008	1	0	0
12507	94072061-1210691-0-0	novostivl-ru.turbopages.org	0.000008	1	0	0
12507	1446911-451184-0-0	troikatickets-ru.turbopages.org	0.000008	1	0	0
11909	2078973-90136-0-0	m.yurist-online.net	0.000008	1	0	0
9866	0-216200-0-0	nversia.ru	0.000072	1	0	0
11865	68139242-518551-0-0	pomiome.ru	0.000008	1	0	0
11904	5168665-286410-0-0	detskie-raskraski.ru	0.000008	1	0	0
13254	1-0	com.pixelsdo.kredihesaplama	0.000089	1	0	0
11909	52535961-573192-0-0	social.trendymen.ru	0.000072	1	0	0
12507	6454873-995040-0-0	javascopes.com	0.000008	1	0	0
12509	65949452-563305-0-0	www.kp.ru	0.000008	3	0	0
9866	0-187544-0-0	m.7days.ru	0.000072	1	0	0
11857	87936520-601046-0-0	wap.love.mail.ru	0.000008	1	0	0
11865	43917111-353029-0-0	goroskop365.ru	0.000008	2	0	0
11857	27064358-192495-0-0	pravoved.ru	0.000008	1	0	0
13256	12883-0	beetles.puzzle.solitaire	0.000112	0	2	0
11857	51468706-330066-0-0	m.vz.ru	0.000008	5	0	0
11905	2112549-91685-0-0	opolitike.mirtesen.ru	0.000008	1	0	0
11905	2112549-91685-0-0	nashpoz.mirtesen.ru	0.000008	1	0	0
11865	30570339-705033-0-0	moevideo.biz	0.000008	1	0	0
13257	7579-0	com.imo.android.imoim	0.000089	2	0	0
12507	45324596-283885-0-0	bugaga.ru	0.000008	1	0	0
11905	66247072-454736-0-0	pue7.ru	0.000008	1	0	0
11857	78307303-541125-0-0	mangapoisk.ru	0.000072	1	0	0
12507	91977965-709745-0-0	newsvo.ru	0.000008	1	0	0
11860	71191770-486682-0-0	mainstyles.ru	0.000008	1	0	0
11909	56408691-382093-0-0	rb.ru	0.000008	1	0	0
12513	32657900-243098-0-0	iz.ru	0.000008	2	0	0
13686	40517-489803-0-0	www.yaplakal.com	0.000007	8	0	0
11909	83384515-567219-0-0	orenday.ru	0.000008	1	0	0
11909	974947-49517-0-0	9111-ru.turbopages.org	0.000008	1	0	0
12507	50264598-333111-0-0	www.100i6fm.ru	0.000008	1	0	0
12507	7687782-448212-0-0	profile.ru	0.000072	15	0	0
11865	88690383-611984-0-0	jaomix.ru	0.000008	3	0	0
11865	91622640-695448-0-0	sempravorf.ru	0.000008	1	0	0
13256	1-0	app.kryds.android	0.000139	1	1	0
12507	32657900-220340-0-0	iz-ru.turbopages.org	0.000008	6	0	0
12507	3962685-126917-0-0	edaplus-info.turbopages.org	0.000008	2	0	0
14055	0-187544-0-0	knigi-audio.com	0.000072	2	0	0
12367	0-187544-0-0	knigi-audio.com	0.000072	1	0	0
12507	2750798-638248-0-0	gribowiki.ru	0.000008	1	0	0
11857	7687782-448212-0-0	profile.ru	0.000072	4	0	0
11865	12295891-177672-0-0	obninsk.name	0.000008	1	0	0
11858	34668214-950623-0-0	pesnifilm.ru	0.000008	1	0	0
11865	91774418-1244651-0-0	artel55.ru	0.000008	2	0	0
11909	915412-108160-0-0	1prime.ru	0.000008	1	0	0
9012	40621-491126-0-0	domashka-doma.ru	0.000007	1	0	0
12512	5905298-139817-0-0	glav.su	0.000008	1	0	0
12507	6078414-140849-0-0	minvody.bankturov.ru	0.000008	1	0	0
13256	8083-0	com.openmygame.games.android.wordsearchsea	0.000089	2	0	0
11909	2208435-115208-0-0	03online.com	0.000008	1	0	0
13256	1-0	jp.ne.ibis.ibispaintx.app	0.000139	2	2	0
11909	4176733-337888-0-0	tvc-ru.turbopages.org	0.000008	1	0	0
9869	0-187544-0-0	profile.ru	0.000072	4	0	0
12512	4624495-130614-0-0	www.vazhno.ru	0.000008	6	0	0
12507	94566796-1250764-0-0	medialeaks.ru	0.000008	1	0	0
12507	1435761-144233-0-0	gto--normativy-ru.turbopages.org	0.000008	1	0	0
12509	51898059-1247031-0-0	byrich.ru	0.000008	1	0	0
13256	1-0	com.lucydream.dangerousfellows	0.000089	1	0	0
12507	93736421-989340-0-0	kylinariya.ru	0.000008	1	0	0
11909	2064639-164017-0-0	classinform.ru	0.000008	3	0	0
11864	31446184-207708-0-0	www.26-2.ru	0.000008	3	0	0
12507	883984-55480-0-0	www.kinoafisha.info	0.000008	1	0	0
11904	1333887-60247-0-0	www.mahnem.ru	0.000008	1	0	0
11857	87936520-601046-0-0	www.mamba.ru	0.000008	16	0	0
13256	1-0	net.jeu.spider	0.000089	3	0	0
11904	8562776-752596-0-0	m.sport-express.ru	0.000072	1	0	0
12509	5092869-134625-0-0	echo.msk.ru	0.000008	1	0	0
12507	4482117-129967-0-0	m.aftershock.news	0.000008	1	0	0
11860	2112549-91685-0-0	recepty.mirtesen.ru	0.000008	1	0	0
11865	3984262-808966-0-0	www.otzywy.com	0.000008	1	0	0
11858	51898059-628750-0-0	glavkniga.ru	0.000008	5	0	0
12507	1694625-291940-0-0	audioskazki-online.ru	0.000008	1	0	0
11857	51452342-443163-0-0	moika78.ru	0.000008	1	0	0
11909	5092869-134625-0-0	echo.msk.ru	0.000008	4	0	0
13256	1-0	com.hagstrom.henrik.chess	0.000089	1	0	0
11868	2412782-419507-0-0	m.avito.ru	0.000008	66	0	0
11909	88121411-603874-0-0	newsrank.ru	0.000008	1	0	0
11905	2112549-91685-0-0	mirtesen.ru	0.000008	8	0	0
11868	7234779-162377-0-0	www.kommersant.ru	0.000008	1	0	0
12507	1650869-69381-0-0	novayagazeta.ru	0.000008	1	0	0
14056	0-216200-0-0	www.m24.ru	0.000072	1	0	0
11909	9184396-261332-0-0	ocomp-info.turbopages.org	0.000008	2	0	0
11857	1560494-348664-0-0	lenta-ru.turbopages.org	0.000008	7	0	0
11858	93056858-757385-0-0	synapsenet.ru	0.000008	1	0	0
11858	1252977-323840-0-0	salda.ws	0.000008	2	0	0
11864	6374880-141239-0-0	4pda.to	0.000008	1	0	0
9866	0-187544-0-0	www.rosbalt.ru	0.000072	1	0	0
11858	10173633-462527-0-0	kak-sdelano.ru	0.000008	1	0	0
12507	1943371-83032-0-0	psy-magic.org	0.000008	1	0	0
13256	8763-0	id545551605	0.000089	1	0	0
11858	32125188-427184-0-0	bloknot.ru	0.000008	1	0	0
12507	7295714-153743-0-0	russian.rt.com	0.000008	2	0	0
11865	21868839-191182-0-0	m.minval.az	0.000008	1	0	0
11904	51535399-330489-0-0	v-tagile.ru	0.000008	1	0	0
11904	2239710-346458-0-0	yanashla.com	0.000008	1	0	0
12507	92928962-752036-0-0	animego.org	0.000072	3	0	0
11864	6438395-143097-0-0	otvet.mail.ru	0.000008	1	0	0
11858	8087524-438288-0-0	shikimori.one	0.000008	1	0	0
12507	94504917-1247246-0-0	1plus1tv.ru	0.000072	1	0	0
13256	1-0	com.almondstudio.scanword	0.000139	2	2	0
11909	6591101-518444-0-0	magazinyavtozapchastej.ru	0.000008	1	0	0
13256	1-0	id1337667848	0.000089	1	0	0
11864	4971922-136726-0-0	www.revda-info.ru	0.000008	1	0	0
12507	8240866-155688-0-0	www.belnovosti.by	0.000008	1	0	0
12507	7226200-154932-0-0	chita-ru.turbopages.org	0.000008	1	0	0
11868	43061655-276631-0-0	vz.ru	0.000008	6	0	0
14056	0-216200-0-0	www.lentainform.com	0.000072	2	0	0
11864	65101275-447159-0-0	www.e1.ru	0.000008	1	0	0
9864	0-187544-0-0	m.7days.ru	0.000072	2	0	0
11865	91864171-708690-0-0	www.vesti.ru	0.000072	2	0	0
9011	40517-489803-0-0	www.yaplakal.com	0.000007	3	0	0
11909	778980-474947-0-0	www.prazdnik-sam.ru	0.000008	1	0	0
13256	1-0	com.tfgame.criticalstrike	0.000139	1	1	0
11858	1164399-271091-0-0	sostav.textologia.ru	0.000008	1	0	0
11909	49905584-324706-0-0	sport24.ru	0.000008	1	0	0
11864	7773941-201149-0-0	enciklopediya-tehniki.ru	0.000008	3	0	0
12509	65949452-453595-0-0	rg.ru	0.000008	4	0	0
11857	1560494-344753-0-0	gazeta-ru.turbopages.org	0.000008	3	0	0
11860	1728009-162266-0-0	www.1tv.ru	0.000008	3	0	0
14040	pub4444433466368-120252572-LIHUHU^20PTE.^20LTD.-Matchi	and.lihuhu.matching3d	0.000112	1	0	0
13252	11103-0	com.truecaller	0.000089	4	0	0
11909	38661274-726955-0-0	knigiaudio.club	0.000008	1	0	0
11864	509629-29789-0-0	rg.ru	0.000008	2	0	0
13256	1-0	id878945695	0.000112	0	1	0
11864	44042202-381835-0-0	www.tatar-inform.ru	0.000008	1	0	0
13256	1-0	id1087161387	0.000089	1	0	0
11791	10-844-0-0	www.buchev.ru	0.000008	1	0	0
10131	0-6965-0-0	pornlesbian.online	0.000012	1	1	0
13256	1-0	com.gmail.joystudio808.nonogram	0.000139	1	1	0
11865	2412782-419506-0-0	www.avito.ru	0.000008	250	0	0
13256	1-0	com.superbox.aos.jewelhunter	0.000089	1	0	0
11868	92386429-746409-0-0	telik.top	0.000008	10	0	0
11864	6438395-142108-0-0	e.mail.ru	0.000008	564	0	0
13256	1-0	com.easybrain.sudoku.android	0.000089	11	0	0
14040	1100044748-120219616-gamesvessel-Dohko_gp	art.color.planet.oil.paint.canvas.number.free	0.000112	3	4	0
11868	1560494-670776-0-0	mail.rambler.ru	0.000008	2	0	0
11905	2013471-87094-0-0	onlinetestpad.com	0.000008	1	0	0
13256	8083-0	free.zaycev.net	0.000089	1	0	0
11905	2112549-91685-0-0	rjjaca.ru	0.000008	1	0	0
9866	0-187544-0-0	teleprogramma.pro	0.000072	3	0	0
11904	388665-162561-0-0	www.servicebox.ru	0.000008	2	0	0
12509	65949452-515704-0-0	teleprogramma.pro	0.000008	8	0	0
9869	0-187544-0-0	nversia.ru	0.000072	1	0	0
11909	1874213-142794-0-0	eurosantehnik.ru	0.000008	1	0	0
11909	7234779-240630-0-0	kommersant-ru.turbopages.org	0.000008	4	0	0
12512	2237203-137417-0-0	helpf.pro	0.000008	1	0	0
9012	41316-586119-0-0	m.7days.ru	0.000061	3	0	0
12507	82182983-561692-0-0	vyborexperta.ru	0.000008	4	0	0
11865	6557105-250544-0-0	www.interfax.ru	0.000072	3	0	0
12507	2103170-497885-0-0	dni24-com.turbopages.org	0.000008	4	0	0
11864	6438395-148635-0-0	deti.mail.ru	0.000008	3	0	0
11909	6557105-250544-0-0	interfax-ru.turbopages.org	0.000008	2	0	0
13256	1-0	com.pcoloring.art.puzzle.color.by.number	0.000089	1	0	0
11868	49905584-324706-0-0	sport24.ru	0.000008	2	0	0
12367	0-187544-0-0	deita.ru	0.000072	1	0	0
11904	1089500-149809-0-0	myslo.ru	0.000008	1	0	0
11858	92166450-719239-0-0	www.highexpert.ru	0.000008	1	0	0
13256	1-0	com.veraxen.jigsaw	0.000139	1	1	0
12507	7773941-394384-0-0	yastroyu.ru	0.000008	1	0	0
11860	5706550-281826-0-0	ren.tv	0.000072	4	0	0
11857	5392276-344530-0-0	fansitemi.ru	0.000008	1	0	0
11909	2424319-340842-0-0	fabricators.ru	0.000008	1	0	0
11904	8054248-216855-0-0	ir-center.ru	0.000008	2	0	0
9866	0-216200-0-0	www.lentainform.com	0.000072	3	0	0
11865	3097034-259311-0-0	kakpishem.ru	0.000008	1	0	0
11865	18736567-187067-0-0	sekreti-domovodstva.ru	0.000008	1	0	0
9866	0-216200-0-0	m.7days.ru	0.000072	4	0	0
12507	498578-196262-0-0	kp-ru.turbopages.org	0.000008	2	0	0
11858	1426764-126740-0-0	files.stroyinf.ru	0.000008	1	0	0
11864	6438395-147023-0-0	news.mail.ru	0.000008	19	0	0
11868	6557105-490701-0-0	m24-ru.turbopages.org	0.000008	1	0	0
11858	509780-669745-0-0	v102.ru	0.000008	1	0	0
12507	90290892-647010-0-0	bipbap.ru	0.000008	1	0	0
11858	1322075-70350-0-0	fb.ru	0.000008	1	0	0
11868	1560494-485869-0-0	lenta.ru	0.000072	1	0	0
13256	1-0	com.docx.reader.word.docx.document.office.free.viewer	0.000089	1	0	0
11865	91778783-1241164-0-0	kardiokbr.ru	0.000008	1	0	0
12507	91624402-735164-0-0	day.ru	0.000008	6	0	0
11909	508343-49826-0-0	gastronom-ru.turbopages.org	0.000008	1	0	0
9868	0-187544-0-0	fallout.fandom.com	0.000072	1	0	0
12512	7295714-188279-0-0	russian.rt.com	0.000008	3	0	0
11909	1718328-210972-0-0	cont.ws	0.000008	1	0	0
11904	38661274-644362-0-0	knigi-audio.com	0.000072	1	0	0
11864	6438395-152036-0-0	sportmail.ru	0.000008	3	0	0
14040	1100042782-120196546-Perfect^20Corp.-YouCam^20Perfect^20	768469908	0.000112	5	4	0
11909	448817-45172-0-0	gotovim--doma-ru.turbopages.org	0.000008	1	0	0
11858	1124250-54642-0-0	krsk.au.ru	0.000008	3	0	0
12368	0-187544-0-0	video.sibnet.ru	0.000072	1	0	0
11858	2201084-424608-0-0	voennoedelo.com	0.000008	2	0	0
13256	5281-0	com.kvadgroup.photostudio	0.000112	0	1	0
12367	0-187544-0-0	starwars.fandom.com	0.000072	1	0	0
12507	1801033-247350-0-0	mangalib.me	0.000072	9	0	0
11904	1873567-129758-0-0	mir24.tv	0.000072	2	0	0
13252	7579-0	com.imo.android.imoim	0.000089	2	0	0
11909	24063418-242868-0-0	stroy-podskazka.ru	0.000072	1	0	0
11909	2112549-567351-0-0	news.mirtesen.ru	0.000008	1	0	0
11865	91411553-671414-0-0	intrigue.dating	0.000072	3	0	0
11865	34351736-423086-0-0	www.lentainform.com	0.000008	1	0	0
12507	36882225-356036-0-0	kolesa-ru.turbopages.org	0.000008	3	0	0
11865	455101-11704-0-0	www.buhgalteria.ru	0.000008	1	0	0
11857	51452342-582170-0-0	news-evi.net	0.000008	1	0	0
11909	1560494-250894-0-0	www.rambler.ru	0.000008	1	0	0
11868	8562776-752001-0-0	smol.aif.ru	0.000008	1	0	0
12507	65101275-575586-0-0	forum.ngs.ru	0.000008	1	0	0
11864	34172799-240415-0-0	antiwomen.ru	0.000008	1	0	0
11868	36882225-267966-0-0	rusvesna.su	0.000008	1	0	0
9866	0-187544-0-0	animeonline.cc	0.000072	3	0	0
11865	46431776-287922-0-0	anime.reactor.cc	0.000008	3	0	0
12507	6727102-142542-0-0	v-kosmose.com	0.000008	1	0	0
12507	1528997-89051-0-0	ladyelena-ru.turbopages.org	0.000008	1	0	0
11858	92159136-717302-0-0	minnow.ru	0.000008	1	0	0
11868	3090793-147280-0-0	pravoved.ru	0.000008	5	0	0
12507	65101275-447110-0-0	63-ru.turbopages.org	0.000008	2	0	0
11865	30552953-203602-0-0	data-vykhoda.ru	0.000008	1	0	0
12507	61657907-412959-0-0	www.spletnik.ru	0.000008	1	0	0
11909	398158-22452-0-0	www.greeninfo.ru	0.000008	1	0	0
9012	43650-609027-0-0	klops.ru	0.000061	1	0	0
13256	1-0	com.petrik.shifshedule	0.000089	1	0	0
11909	5387468-155559-0-0	zebra-tv.ru	0.000008	1	0	0
11864	32125188-428029-0-0	bloknot-volzhsky.ru	0.000008	1	0	0
11865	30584463-209605-0-0	xtkani.ru	0.000008	1	0	0
11909	91531139-1287754-0-0	severdv.ru	0.000008	1	0	0
12507	7687782-448212-0-0	profile.ru	0.000008	15	0	0
11865	5558298-203178-0-0	simple-fauna.ru	0.000008	1	0	0
11909	6438395-353887-0-0	otvet.mail.ru	0.000008	3	0	0
13256	11595-0	com.narvii.amino.master	0.000139	1	1	0
11909	71813031-490450-0-0	www.gismeteo.ru	0.000008	1	0	0
11868	5092869-134625-0-0	echo.msk.ru	0.000008	2	0	0
12513	5706550-280918-0-0	iz.ru	0.000008	1	0	0
11904	49905584-324706-0-0	sport24.ru	0.000008	1	0	0
13252	1-0	com.stickerstudio.text	0.000089	1	0	0
11909	493340-202798-0-0	ekb-on-air.ru	0.000072	1	0	0
13256	1-0	sortpuz.water.sort.puzzle.game	0.000089	6	0	0
12512	51898059-1263934-0-0	podborkino.com	0.000008	1	0	0
11868	2235306-97552-0-0	www.luna-segodnja.ru	0.000008	1	0	0
11864	6438395-147025-0-0	my.mail.ru	0.000072	6	0	0
11865	897669-460527-0-0	pikabu.ru	0.000008	2	0	0
12509	94959568-1281606-0-0	timnews.ru	0.000008	11	0	0
9866	0-216200-0-0	irecommend.ru	0.000072	1	0	0
12507	1448522-80672-0-0	medside-ru.turbopages.org	0.000008	1	0	0
12507	7632479-149419-0-0	riafan.ru	0.000008	2	0	0
11865	974947-49517-0-0	www.9111.ru	0.000008	1	0	0
11909	87276007-592219-0-0	www.mk.ru	0.000008	3	0	0
11865	72585741-535534-0-0	creditometr.online	0.000008	1	0	0
9869	0-187544-0-0	profile.ru	0.00009	0	1	0
12512	91231761-1254914-0-0	gertund.cf	0.000008	2	0	0
12507	6151819-339776-0-0	pp-prozozh.ru	0.000008	1	0	0
11868	51898059-974103-0-0	gisher.org	0.000008	2	0	0
14040	1100047826-120351435-Rainbow^20Mobile-Lunomosik	com.ymirmobile.lunomosik	0.000112	0	1	0
14040	pub4444433466368-120219865-LIHUHU^20PTE.^20LTD.-Wood^20B	com.lihuhu.woodblockmerger	0.000112	6	1	0
11868	43263113-277831-0-0	rubaltic-ru.turbopages.org	0.000008	1	0	0
11860	79258434-650202-0-0	vitospb.ru	0.000008	1	0	0
11858	2412782-419506-0-0	www.avito.ru	0.000008	149	0	0
10009	65bd063b3720d703fa73072dcabb277a-9c78d4358b08e3587	zetserial.online	0.000008	1	0	0
11865	94804859-1268601-0-0	mensinterestsauto.ru	0.000008	1	0	0
13256	1-0	candymanor.homedesign.match3	0.000089	1	0	0
11858	473106-94916-0-0	anekdotov.net	0.000008	1	0	0
13256	1-0	com.homefit.yoga.health	0.000089	1	0	0
11860	1560494-348658-0-0	lenta.ru	0.000072	1	0	0
11904	3620199-326432-0-0	komiinform.ru	0.000008	1	0	0
14040	pub4444433466368-120346237-LIHUHU^20PTE.^20LTD.-Match^20	and.lihuhu.matchpair3d	0.000112	2	0	0
13256	1-0	com.rrm.fartbutton	0.000089	1	0	0
11858	2412782-189903-0-0	www.avito.ru	0.000008	4	0	0
12512	33530085-232061-0-0	nn.cian.ru	0.000008	1	0	0
9012	42666-624501-0-0	skam.online	0.000061	1	0	0
11858	1094031-288124-0-0	tochka-mira.ru	0.000008	1	0	0
11858	3501767-857000-0-0	takiy.ru	0.000008	2	0	0
12512	6746465-142629-0-0	novosibirsk.hh.ru	0.000008	1	0	0
12507	1650869-235105-0-0	novayagazeta-ru.turbopages.org	0.000008	2	0	0
9865	0-187544-0-0	fallout.fandom.com	0.000072	1	0	0
11905	2390032-422584-0-0	outlook.live.com	0.000008	1	0	0
13256	1-0	com.animan_publishing.darkness_match	0.000089	1	0	0
12507	51898059-569211-0-0	4ege.ru	0.000008	2	0	0
12507	3339529-396062-0-0	otlichnyjremont.ru	0.000008	1	0	0
12507	83199702-566184-0-0	vestart.ru	0.000008	1	0	0
14037	pub236088034304-app307992346304-0-OFA^20Final	com.opera.browser	0.000112	9	0	0
11868	27064358-192495-0-0	pravoved.ru	0.000008	14	0	0
11868	75907078-1218771-0-0	fotostrana.ru	0.000008	1	0	0
11904	87276007-592220-0-0	www.avtovzglyad.ru	0.000008	1	0	0
11865	1202504-670764-0-0	dlobal.ru	0.000008	1	0	0
11909	2397454-141070-0-0	www.tveda.ru	0.000008	1	0	0
11858	57648680-392466-0-0	onrealt.ru	0.000008	2	0	0
11905	537984-72590-0-0	www.iamcook.ru	0.000008	2	0	0
11858	369305-1038-0-0	3dnews.ru	0.000008	2	0	0
11868	87276007-592220-0-0	www.avtovzglyad.ru	0.000008	2	0	0
12512	65101275-578374-0-0	www.nn.ru	0.000008	2	0	0
12507	52001161-332238-0-0	bamper.by	0.000008	1	0	0
11904	6438461-709396-0-0	ok.ru	0.000072	5	0	0
12507	94450274-1248247-0-0	mobilych.com.ua	0.000008	3	0	0
11864	3849096-126345-0-0	www.gorodche.ru	0.000008	2	0	0
13256	1-0	com.block.puzzle.game.hippo.mi	0.000089	4	0	0
11909	33397807-230529-0-0	tsargrad.tv	0.000008	2	0	0
11860	5550422-138437-0-0	tvzvezda.ru	0.000008	2	0	0
12507	43263113-277831-0-0	rubaltic-ru.turbopages.org	0.000008	1	0	0
11909	24456153-395412-0-0	podborkino.com	0.000008	1	0	0
9866	0-187544-0-0	deita.ru	0.000072	1	0	0
11904	5131788-753823-0-0	joxi.ru	0.000008	2	0	0
13256	1-0	com.severex.jollypaint	0.000089	1	0	0
12507	5314155-136380-0-0	dni-ru.turbopages.org	0.000008	1	0	0
12509	31575695-208854-0-0	www.orgpage.ru	0.000008	1	0	0
12512	6746465-142629-0-0	hh.ru	0.000008	2	0	0
11904	67572452-463347-0-0	track24.ru	0.000008	3	0	0
13256	1-0	com.almondstudio.artduel	0.000139	1	1	0
11909	87276007-592219-0-0	www.mk.ru	0.000072	2	0	0
11864	65101275-577872-0-0	74.ru	0.000008	2	0	0
13256	1-0	com.karmangames.solitaire	0.000089	1	0	0
13256	1-0	com.fanatee.noodles	0.000089	1	0	0
13677	43120-609786-0-0	trinixy.ru	0.000061	1	0	0
12509	6746465-142629-0-0	spb.hh.ru	0.000008	3	0	0
12507	6477779-284177-0-0	sims4pack.ru	0.000008	1	0	0
14037	1100044156-120221122-BIGO^20TECHNOLOGY^20PTE^20LTD-IMO^20b	com.imo.android.imoimbeta	0.000112	1	0	0
11864	71813031-490450-0-0	www.gismeteo.ru	0.000008	3	0	0
12509	65949452-453151-0-0	echo.msk.ru	0.000008	3	0	0
12509	4817705-131942-0-0	www.u-mama.ru	0.000008	3	0	0
11858	1560494-660797-0-0	mail.rambler.ru	0.000008	11	0	0
12507	464925-287931-0-0	24review.ru	0.000008	1	0	0
11858	1728009-162266-0-0	www.1tv.ru	0.000008	3	0	0
12507	24063418-190745-0-0	o-krohe.ru	0.000008	1	0	0
11909	64003581-441043-0-0	rosserial.be	0.000008	1	0	0
12507	498578-167170-0-0	www.spb.kp.ru	0.000008	1	0	0
12507	2412782-419507-0-0	m.avito.ru	0.000008	269	0	0
11905	2074839-83231-0-0	vegetarianrecept.ru	0.000008	1	0	0
10009	10-844-0-0	www.pelady.ru	0.000008	1	0	0
12368	0-187544-0-0	fallout.fandom.com	0.000072	1	0	0
12507	8381155-721620-0-0	bankiros-ru.turbopages.org	0.000008	1	0	0
11868	509629-29789-0-0	rg.ru	0.000008	2	0	0
11864	2412782-189903-0-0	www.avito.ru	0.000008	12	0	0
12507	6734741-154950-0-0	drive2-ru.turbopages.org	0.000008	3	0	0
11905	61678927-855384-0-0	read13.w10.lovereads.ru	0.000008	1	0	0
14040	pub4444433466368-120441406-LIHUHU^20PTE.^20LTD.-Match^20	and.lihuhu.mtball	0.000112	1	0	0
9869	0-216200-0-0	nversia.ru	0.000072	1	0	0
12507	5480645-142080-0-0	www.babyblog.ru	0.000008	1	0	0
12507	4575508-698316-0-0	wexy-ru.turbopages.org	0.000008	1	0	0
12507	1180293-244437-0-0	kaluga--poisk-ru.turbopages.org	0.000008	1	0	0
11868	7295714-188279-0-0	russian.rt.com	0.000008	4	0	0
11865	494474-102843-0-0	otzovik.com	0.000008	3	0	0
12507	10536319-202271-0-0	svoimi--rukami--da-ru.turbopages.org	0.000008	1	0	0
11865	5584162-138578-0-0	www.anekdot.ru	0.000008	1	0	0
11860	71813031-490450-0-0	www.gismeteo.ru	0.000008	3	0	0
11857	64297897-441824-0-0	spasibovsem-ru.turbopages.org	0.000008	1	0	0
11865	30570339-681432-0-0	svpressa.ru	0.000008	2	0	0
9012	36392-475082-0-0	teleprogramma.pro	0.000061	6	0	0
14056	0-216200-0-0	teleprogramma.pro	0.000072	4	0	0
12507	91235966-660718-0-0	lifehacker-ru.turbopages.org	0.000008	6	0	0
13257	13818-0	ru.sports.f1	0.000089	1	0	0
11858	3033405-266989-0-0	zapchasti.expert	0.000008	1	0	0
11860	18373836-455813-0-0	top-mods.ru	0.000008	4	0	0
12507	3361002-644132-0-0	avchernov-ru.turbopages.org	0.000008	1	0	0
13256	1-0	id1560604071	0.000089	1	0	0
12512	65101275-575584-0-0	www.e1.ru	0.000008	1	0	0
12507	4629890-334578-0-0	love-sims.ru	0.000008	1	0	0
11868	71813031-545728-0-0	www.gismeteo.ru	0.000008	4	0	0
12507	48537776-547400-0-0	jut.su	0.000072	3	0	0
11865	24063418-242868-0-0	stroy-podskazka.ru	0.000072	1	0	0
11857	509629-29789-0-0	rg.ru	0.000008	1	0	0
11868	86690274-712854-0-0	3dnews.ru	0.000008	1	0	0
12507	915412-108160-0-0	1prime.ru	0.000008	1	0	0
13256	1-0	cn.xiaofengkj.fitpro	0.000089	1	0	0
14040	pub4444433466368-120400057-Unico^20Studio^20LLC-Brain^20	com.unicostudio.braintest	0.000112	2	0	0
14040	pub4444433466368-120283812-LIHUHU^20PTE.^20LTD.-Match^20	1530876832	0.000112	2	0	0
11864	31446184-207688-0-0	www.trudohrana.ru	0.000008	1	0	0
12507	1202504-989881-0-0	maslo-5w30.ru	0.000008	1	0	0
11858	58502698-395640-0-0	www.yapokupayu.ru	0.000008	1	0	0
14040	pub4444433466368-120283112-HIGGS^20TECHNOLOGY^20CO.,LI	1529839083	0.000112	2	0	0
11904	46431776-287922-0-0	joyreactor.cc	0.000008	3	0	0
12507	94848661-1268895-0-0	povar-ru.turbopages.org	0.000008	2	0	0
13256	1-0	com.andymstone.metronome	0.000089	1	0	0
11864	65101275-447165-0-0	love.ngs.ru	0.000008	3	0	0
12507	1041287-136866-0-0	trendymen.ru	0.000072	1	0	0
11857	91411553-671414-0-0	intrigue.dating	0.000008	1	0	0
12507	93335226-830873-0-0	www.eg.ru	0.000072	1	0	0
11868	1412746-1258509-0-0	www.litmir.me	0.000008	4	0	0
12513	3293020-125354-0-0	www.goodhouse.ru	0.000008	2	0	0
13256	1-0	puzzle.games.bubble.shooter.deluxe	0.000112	0	2	0
11858	54824211-612828-0-0	russian.city	0.000008	1	0	0
11858	51898059-974103-0-0	gisher.org	0.000072	1	0	0
12507	42813817-276165-0-0	www.znak.com	0.000008	11	0	0
11909	65101275-578824-0-0	www.ellegirl.ru	0.000008	1	0	0
12507	88546469-708736-0-0	www.kleo.ru	0.000072	1	0	0
11865	2265565-206249-0-0	mixprise.ru	0.000008	2	0	0
11864	6438395-149027-0-0	kino.mail.ru	0.000008	6	0	0
14040	1100000773-120088282-MeetMe-Hi5^20-^20Android	com.hi5.app	0.000112	1	0	0
12507	3293020-129405-0-0	www.cosmo.ru	0.000008	2	0	0
11909	65443695-449419-0-0	www.ok-magazine.ru	0.000008	1	0	0
11904	92973211-754112-0-0	favoritefood.net	0.000008	1	0	0
12507	94959568-1281606-0-0	timnews.ru	0.000008	15	0	0
11865	1730802-683859-0-0	chinalike.ru	0.000008	1	0	0
13256	1-0	apps.youon.findwords	0.000089	2	0	0
12512	65101275-447176-0-0	www.nn.ru	0.000008	2	0	0
14040	pub4444433466368-120462517-Individual^20entrepreneur	com.zibox.secretszibox	0.000112	1	0	0
13256	1-0	easy.killer.sudoku.puzzle.solver.free	0.000089	1	0	0
9864	0-187544-0-0	turkcinema.org	0.000072	5	0	0
11865	91778783-710283-0-0	evropa-stok.ru	0.000008	1	0	0
12507	7970387-153680-0-0	riamo.ru	0.000008	1	0	0
12512	980566-48186-0-0	dic.academic.ru	0.000008	2	0	0
8669	3938cf97ea84e2a9485f979e908bda87-6dd7f7a279120d51b	www.playground.ru	0.000008	3	0	0
13256	1-0	com.pawga.radio	0.000139	1	1	0
9866	0-187544-0-0	mirtesen.sputnik.ru	0.000072	1	0	0
11909	6438395-457268-0-0	youla.ru	0.000008	4	0	0
11909	498578-284388-0-0	www.kp.ru	0.000008	3	0	0
11791	21fee56a7508a045067e16181bb7cc2c-e4a26f930c0db018d	animeonline.cc	0.000072	1	0	0
11864	7773941-438153-0-0	stroimdom21.ru	0.000008	1	0	0
12507	64297897-441825-0-0	vsevkulinary-ru.turbopages.org	0.000008	1	0	0
11905	1133796-430869-0-0	www.rulit.me	0.000008	1	0	0
11858	93335226-830873-0-0	www.eg.ru	0.000008	1	0	0
12507	65101275-578824-0-0	www.ellegirl.ru	0.000008	2	0	0
12507	49657268-323488-0-0	mastergrad.com	0.000008	3	0	0
11864	6438395-147024-0-0	horo.mail.ru	0.000008	1	0	0
13683	42666-622170-0-0	profile.ru	0.000061	10	0	0
13256	1-0	freecell.solitaire.free.cardgame.king.spades.klondike.no.ads.pro.patience	0.000089	1	0	0
11858	36696875-256711-0-0	itsecforu.ru	0.000008	1	0	0
11909	3036620-115453-0-0	mazda-cx5-club.ru	0.000008	1	0	0
11864	1055963-816214-0-0	spaces.im	0.000008	1	0	0
12507	44687504-280924-0-0	itsmycity.ru	0.000008	1	0	0
11904	87276007-592219-0-0	www.mk.ru	0.000072	2	0	0
9012	36195-472385-0-0	www.mk.ru	0.000061	2	0	0
12507	65101275-575584-0-0	www.e1.ru	0.000008	2	0	0
13256	1-0	com.orange.mega.ramp.car.stunt	0.000089	1	0	0
11909	509629-196263-0-0	rg.ru	0.000008	1	0	0
12513	92599858-738817-0-0	ue4dev.online	0.000008	1	0	0
11858	7867970-208469-0-0	sinonim.org	0.000008	1	0	0
14037	134683-4f3b564a0217c347558f16b643da6f1b-0-Smartinp	com.emoji.keyboard.touchpal	0.000106	1	1	0
14040	134683-8539e260921fe0d1cafb9d05d0780f80-0-Smartinp	com.cootek.smartinputv5	0.000112	1	1	0
11858	3521347-104318-0-0	x-teplo.ru	0.000008	1	0	0
12507	50363257-326567-0-0	m.loloo.ru	0.000008	1	0	0
11865	4342450-128930-0-0	topwar.ru	0.000008	1	0	0
12512	1124250-54642-0-0	krsk.au.ru	0.000008	1	0	0
13266	1-0	id911226816	0.000089	1	0	0
11868	897669-56459-0-0	pikabu.ru	0.000008	7	0	0
14040	1100003694-120008043-PicsArt-PicsArt^20Android^20Smaat	com.picsart.studio	0.000112	9	7	0
12507	4140396-127625-0-0	newkaliningrad-ru.turbopages.org	0.000008	1	0	0
11858	4817705-131942-0-0	www.u-mama.ru	0.000008	2	0	0
11905	2942314-113785-0-0	vidsboku.com	0.000008	1	0	0
11858	73222433-496671-0-0	historydocs.d3.ru	0.000008	1	0	0
11858	410659-68783-0-0	forum.f1news.ru	0.000008	1	0	0
12507	59767463-727863-0-0	book-online.com.ua	0.000008	1	0	0
11858	38661274-635651-0-0	mir-knigi.info	0.000008	1	0	0
11858	7499692-148265-0-0	m.soccer.ru	0.000008	1	0	0
12507	1095170-279398-0-0	www.gtavicecity.ru	0.000008	2	0	0
11909	6734741-142545-0-0	www.drive2.ru	0.000008	1	0	0
13256	1-0	zahleb.me	0.000112	0	1	0
12512	410659-68783-0-0	forum.f1news.ru	0.000008	1	0	0
11865	91778881-1242205-0-0	xn--80aeg0cdgk.xn--p1ai	0.000008	2	0	0
11791	6d4e33980ff0d340926898fa68e2f0cf-ac0cfa0dfcc0909ac	animeonline.cc	0.000072	1	0	0
11904	3281497-136716-0-0	m.sport-express.ru	0.000072	2	0	0
12507	36493473-331594-0-0	konkurent.ru	0.000008	4	0	0
11858	24111355-1291364-0-0	readmanga.io	0.000008	5	0	0
14043	1100040411-120258463-TAKHION,^20Spol.^20s^20r.o-Hey^20Colo	com.hey.color.number.coloring.paint	0.000112	1	0	0
12509	6746465-142629-0-0	hh.kz	0.000008	1	0	0
11865	915412-108160-0-0	1prime.ru	0.000008	3	0	0
11909	874982-46249-0-0	svpressa.ru	0.000008	4	0	0
11857	2004221-94787-0-0	berkat.ru	0.000072	2	0	0
11864	90735060-647136-0-0	ftour.otzyv.ru	0.000008	2	0	0
11904	90119235-706472-0-0	active-mama.com	0.000008	1	0	0
12507	3849096-126345-0-0	www.gorodche.ru	0.000008	1	0	0
11868	34382785-242460-0-0	novosibirsk.vsn.ru	0.000008	1	0	0
11868	6557105-250544-0-0	interfax-ru.turbopages.org	0.000008	3	0	0
11864	6557105-250544-0-0	www.interfax.ru	0.000008	4	0	0
12507	7563950-472389-0-0	my-gkh.ru	0.000008	1	0	0
11905	1440669-247069-0-0	prezentacii.org	0.000072	1	0	0
12507	523900-231491-0-0	teleprogramma-pro.turbopages.org	0.000008	1	0	0
11857	91622640-695415-0-0	samodelino.ru	0.000008	1	0	0
12507	36695137-256447-0-0	mash-xxl.info	0.000008	1	0	0
11865	93190537-777719-0-0	landshaftdesign.org	0.000008	1	0	0
11909	1945809-344973-0-0	touristam.com	0.000008	1	0	0
13256	1-0	id1103438575	0.000089	1	0	0
11864	6438395-147024-0-0	lady.mail.ru	0.000008	4	0	0
11868	38661274-725920-0-0	doramiru.com	0.000008	2	0	0
11864	65101275-577826-0-0	59.ru	0.000008	2	0	0
13256	1-0	com.arf.weatherstation	0.000089	1	0	0
11864	10586700-175133-0-0	www.panram.ru	0.000008	1	0	0
11865	8984986-171723-0-0	bouw.ru	0.000008	1	0	0
11904	537984-72590-0-0	www.iamcook.ru	0.000008	1	0	0
11857	1428778-62775-0-0	forum.littleone.ru	0.000008	1	0	0
13256	1-0	com.billiards.city.pool.nation.club	0.000089	1	0	0
12507	2047853-448511-0-0	tekst-pesni.online	0.000008	1	0	0
9865	0-187544-0-0	turkcinema.org	0.000072	1	0	0
11904	4624495-130614-0-0	www.vazhno.ru	0.000008	3	0	0
11905	5584162-138578-0-0	www.anekdot.ru	0.000008	1	0	0
11864	51452342-738611-0-0	news.ru	0.000008	1	0	0
13256	1-0	solitaire.classic.journey.klondike.puzzle.card	0.000089	1	0	0
12507	9725529-168387-0-0	kaspyinfo-ru.turbopages.org	0.000008	1	0	0
11904	5510286-138138-0-0	razlozhi.ru	0.000008	13	0	0
12507	24063418-242868-0-0	stroy-podskazka.ru	0.000008	1	0	0
11904	94975327-1284554-0-0	vortexnews.ru	0.000008	1	0	0
12507	65949452-990441-0-0	www.baby.ru	0.000072	1	0	0
12507	1180293-56287-0-0	www.kaluga-poisk.ru	0.000008	5	0	0
12507	498578-196262-0-0	nnov-kp-ru.turbopages.org	0.000008	1	0	0
12507	2412782-419506-0-0	www.avito.ru	0.000008	18	0	0
13256	1-0	com.vicenter.stickman.ragdoll.dismounting	0.000089	1	0	0
11868	91864171-708690-0-0	www.vesti.ru	0.000008	1	0	0
13266	1-0	id641019625	0.000112	0	1	0
11868	93683367-979907-0-0	aktnews.ru	0.000008	6	0	0
12507	34351736-270437-0-0	www.yaplakal.com	0.000008	4	0	0
11865	31295140-485160-0-0	iqosov.ru	0.000008	1	0	0
11905	931235-747347-0-0	my-calend.ru	0.000008	1	0	0
12507	33791503-235111-0-0	alcodistillers.ru	0.000008	1	0	0
12507	33530085-232061-0-0	nn.cian.ru	0.000008	1	0	0
13256	1-0	com.vertaler.ruen	0.000089	1	0	0
11858	87936520-601046-0-0	www.mamba.ru	0.000008	3	0	0
13256	1-0	com.word.riddles.brain.puzzlegame	0.000089	1	0	0
13256	1-0	com.free.puzzlegame.water.sortpuzzle.ball	0.000089	1	0	0
12507	65101275-578603-0-0	www.fontanka.ru	0.000008	5	0	0
12513	65101275-447165-0-0	love.ngs.ru	0.000008	1	0	0
13256	1-0	com.electricfrenchfries.htct.free	0.000089	1	0	0
11909	91864171-708690-0-0	vesti-ru.turbopages.org	0.000008	1	0	0
12507	10111241-188831-0-0	vjazanie.info	0.000008	3	0	0
11904	73222433-496671-0-0	d3.ru	0.000008	1	0	0
11905	2905505-113096-0-0	kerch.fm	0.000008	1	0	0
11864	42813817-276165-0-0	www.znak.com	0.000008	5	0	0
11909	33245886-249016-0-0	izhevsk.promindex.ru	0.000008	1	0	0
11865	6438461-709396-0-0	ok.ru	0.000072	1	0	0
11909	2412782-419507-0-0	m.avito.ru	0.000008	5	0	0
11865	85491780-581535-0-0	tvtambov.ru	0.000008	1	0	0
13256	12883-0	puzzle.blockpuzzle.cube.relax	0.000112	0	1	0
12507	94100025-1212051-0-0	felomena.com	0.000072	1	0	0
11857	7012007-624425-0-0	stroy-okey.ru	0.000008	2	0	0
11857	2004221-94787-0-0	berkat.ru	0.000008	2	0	0
12507	65443695-449419-0-0	www.ok-magazine.ru	0.000008	2	0	0
11868	56663774-593155-0-0	mir24.tv	0.000072	1	0	0
11865	53367389-336591-0-0	disgustingmen.com	0.000008	2	0	0
13252	1-0	com.weing.jewelage.google	0.000089	1	0	0
11905	10322213-277627-0-0	100realt.ru	0.000008	2	0	0
11865	54770757-709406-0-0	gnt24.ru	0.000008	1	0	0
11865	51898059-1263934-0-0	podborkino.com	0.000008	1	0	0
11864	7053649-143834-0-0	tvolk.ru	0.000008	1	0	0
10009	6d4e33980ff0d340926898fa68e2f0cf-ac0cfa0dfcc0909ac	animeonline.cc	0.000072	1	0	0
12507	94100025-1212051-0-0	felomena.com	0.000008	1	0	0
11858	5092869-134625-0-0	echo.msk.ru	0.000008	5	0	0
14040	1100045022-120257495-TapNation^20SAS-Sneaker^20Art!^20-^20	com.majorfrank.sneakerart	0.000112	1	1	0
11904	3281497-136716-0-0	m.sport-express.ru	0.000008	1	0	0
11904	30477641-200831-0-0	www.trud.com	0.000008	1	0	0
11905	54613514-398361-0-0	evrabota.blogspot.com	0.000008	1	0	0
13256	1-0	com.openmygame.games.android.fillwordsoffline	0.000089	1	0	0
12507	26809064-1299951-0-0	aspektcenter.ru	0.000008	1	0	0
11909	1560494-348677-0-0	kostyak1.livejournal.com	0.000072	1	0	0
11909	8176469-155098-0-0	forum.na-svyazi.ru	0.000008	2	0	0
9012	35566-583769-0-0	www.igraemsa.ru	0.000061	3	0	0
12512	6746465-142629-0-0	spb.hh.ru	0.000008	1	0	0
11865	46431776-287922-0-0	joyreactor.cc	0.000008	3	0	0
11858	3293020-129405-0-0	www.cosmo.ru	0.000008	1	0	0
11858	2918101-113120-0-0	www.u-mama.ru	0.000008	1	0	0
11865	37713809-441277-0-0	alenakraeva.com	0.000008	1	0	0
12512	533155-35644-0-0	forum.motolodka.ru	0.000008	1	0	0
12512	51452342-657440-0-0	www.womanhit.ru	0.000008	1	0	0
14040	pub4444433466368-120451389-Tap2Play^20LLC-M_FTR_ANDR	com.fidgettrading.game	0.000112	3	0	0
11909	88185568-607121-0-0	mybarbos.com	0.000008	1	0	0
12507	93840627-1207269-0-0	finecooking-ru.turbopages.org	0.000008	1	0	0
12507	926294-442238-0-0	vseokrovle-com.turbopages.org	0.000008	1	0	0
11865	91411553-671414-0-0	intrigue.dating	0.000008	2	0	0
9035	40517-489803-0-0	www.yaplakal.com	0.000007	3	0	0
11865	91778991-1241226-0-0	interiorter.ru	0.000008	2	0	0
13256	1-0	com.europosit.pixelcoloring	0.000089	4	0	0
11858	39769321-506418-0-0	old.autopiter.ru	0.000008	4	0	0
11865	32559942-219555-0-0	polomkiauto.ru	0.000008	1	0	0
11909	6438395-353890-0-0	tv.mail.ru	0.000008	9	0	0
12507	65727073-587257-0-0	www.vdvrus.ru	0.000008	1	0	0
12507	51578524-330628-0-0	www.primecrime.ru	0.000008	1	0	0
12507	4436289-425860-0-0	yomed.ru	0.000008	1	0	0
11858	509780-30013-0-0	v102.ru	0.000008	1	0	0
11865	65101275-579334-0-0	www.vokrugsveta.ru	0.000008	1	0	0
11909	805568-239247-0-0	cosmo-frost.ru	0.000008	1	0	0
13256	1-0	com.staplegames.solitairegp	0.000089	1	0	0
13256	1-0	teskin.je.quest	0.000089	1	0	0
11904	93110714-761020-0-0	www.defsmeta.com	0.000008	1	0	0
11857	509780-626550-0-0	v102-ru.turbopages.org	0.000008	1	0	0
14037	pub236088034304-app258216147648-0-MINI^20Final	com.opera.mini.native	0.000112	9	1	0
11864	65101275-447180-0-0	pogoda.e1.ru	0.000008	1	0	0
12507	396626-1140-0-0	smolensk.stroyportal.ru	0.000008	1	0	0
11858	51602228-404747-0-0	top-mods.ru	0.000008	1	0	0
11909	6438395-353922-0-0	deti.mail.ru	0.000008	1	0	0
11857	36143836-323472-0-0	car.ru	0.000008	1	0	0
12507	3620199-326432-0-0	komiinform.ru	0.000008	1	0	0
12509	391591-136601-0-0	forum.vashdom.ru	0.000008	2	0	0
12507	91271466-719166-0-0	daciaclubmd.ru	0.000008	1	0	0
12512	41632195-469842-0-0	lgzip.ru	0.000008	1	0	0
13256	1-0	com.xten.starfall	0.000089	1	0	0
11864	1913085-81261-0-0	montecarlo.ru	0.000008	1	0	0
12513	51898059-545916-0-0	autotonkosti.ru	0.000008	2	0	0
13256	1-0	com.jagplay.client.android.app.thousand.hd	0.000089	4	0	0
11909	6438395-353890-0-0	kino.mail.ru	0.000008	1	0	0
11857	43368662-278094-0-0	www.podrobno.uz	0.000008	1	0	0
11909	42813817-276165-0-0	www.znak.com	0.000008	2	0	0
11904	5764089-149860-0-0	pravda-sotrudnikov.ru	0.000008	1	0	0
11857	439048-59888-0-0	gazeta-spb-ru.turbopages.org	0.000008	1	0	0
11857	7295714-153743-0-0	russian.rt.com	0.000072	3	0	0
12507	36882225-268239-0-0	www.newkaliningrad.ru	0.000008	2	0	0
11909	1913085-81261-0-0	montecarlo.ru	0.000008	4	0	0
11904	18373836-344300-0-0	theins.ru	0.000008	2	0	0
11909	2112549-91685-0-0	s30786148362.mirtesen.ru	0.000008	1	0	0
11868	51898059-560025-0-0	www.infpol.ru	0.000008	1	0	0
11905	2112549-91685-0-0	s30916776782.mirtesen.ru	0.000008	1	0	0
11864	69757432-476656-0-0	gusev-online.ru	0.000008	1	0	0
11909	930360-287353-0-0	otzyvru-com.turbopages.org	0.000008	1	0	0
11857	452669-10552-0-0	www.tutu.ru	0.000008	2	0	0
12507	1938433-74325-0-0	samozapis-spb.ru	0.000008	1	0	0
12507	63430708-991009-0-0	urozhajnayagryadka-ru.turbopages.org	0.000008	2	0	0
12507	1322075-70350-0-0	fb-ru.turbopages.org	0.000008	3	0	0
13256	1-0	com.ministone.game.risingsuperchef2	0.000089	1	0	0
12507	92614311-741303-0-0	www.paparazzi.ru	0.000072	1	0	0
12512	2364206-144554-0-0	bk55.ru	0.000008	1	0	0
12512	7295714-188279-0-0	russian.rt.com	0.000072	3	0	0
12512	90345299-637118-0-0	medinfo-yar.ru	0.000008	1	0	0
12507	39468809-264423-0-0	business--class-su.turbopages.org	0.000008	2	0	0
13582	1dede33b-462b-4625-af5b-3988653b2088-5C41C1AB-0817	www.mk.ru	0.000063	1	0	0
11864	94031473-1207349-0-0	www.tursar.ru	0.000008	1	0	0
11860	2390032-357677-0-0	www.msn.com	0.000008	1	0	0
12507	93913520-993500-0-0	ysia.ru	0.000008	2	0	0
13266	1-0	id1442749804	0.000112	0	1	0
11864	1913107-81264-0-0	hitfm.ru	0.000008	1	0	0
9866	0-187544-0-0	tekken.fandom.com	0.000072	1	0	0
11858	4649558-130858-0-0	stanki-katalog.ru	0.000008	1	0	0
12507	4806916-284875-0-0	reytingelektroniki-ru.turbopages.org	0.000008	1	0	0
11858	897795-259376-0-0	www.ixbt.com	0.000008	2	0	0
11868	52970779-335320-0-0	www.graycell.ru	0.000008	1	0	0
11858	87936520-601046-0-0	love.mail.ru	0.000008	3	0	0
13256	1-0	com.jagplay.client.android.app.burkozel	0.000089	1	0	0
13256	1-0	air.com.noxgames.puppethockey	0.000089	1	0	0
13685	42435-605557-0-0	video.sibnet.ru	0.000061	1	0	0
12507	92453275-732287-0-0	11novosti.ru	0.000008	1	0	0
11864	6438395-151802-0-0	auto.mail.ru	0.000008	3	0	0
12509	65949452-515704-0-0	teleprogramma.pro	0.000072	7	0	0
11865	9577719-485067-0-0	24.findmerr.com	0.000008	1	0	0
12513	1374984-732752-0-0	sprashivalka.com	0.000008	1	0	0
14056	0-216200-0-0	360tv.ru	0.000072	1	0	0
12507	40879015-268596-0-0	naavtotrasse.ru	0.000008	1	0	0
12507	18373836-805916-0-0	pythonim.ru	0.000008	1	0	0
11858	33263340-551203-0-0	infotime.co	0.000072	1	0	0
12513	65101275-447180-0-0	pogoda.e1.ru	0.000008	3	0	0
13256	1-0	com.block.jigsaw.puzzle.gallery	0.000089	2	0	0
11868	371996-604547-0-0	lapkins.ru	0.000008	1	0	0
12507	65101275-579434-0-0	www.elledecoration.ru	0.000008	3	0	0
12507	24111355-1291364-0-0	readmanga.io	0.000008	5	0	0
11860	2390032-357688-0-0	www.msn.com	0.000008	6	0	0
11864	51898059-1238537-0-0	ucrazy.ru	0.000008	2	0	0
12509	65949452-1215721-0-0	www.tourprom.ru	0.000072	2	0	0
11865	88690383-611984-0-0	jaomix.ru	0.000072	3	0	0
12507	93789316-988516-0-0	grandgames.net	0.000008	1	0	0
11857	56336832-381479-0-0	m.tabor.ru	0.000008	3	0	0
9865	0-187544-0-0	turkcinema.org	0.00009	0	1	0
13256	1-0	com.fingerlab.word.blockpuzzles	0.000112	0	1	0
11860	2112549-91685-0-0	vremy.mirtesen.ru	0.000008	1	0	0
9012	40621-491126-0-0	zetserial.online	0.000007	2	0	0
11864	65101275-447176-0-0	www.nn.ru	0.000008	2	0	0
11909	1560494-344709-0-0	www.gazeta.ru	0.000008	1	0	0
12512	71813031-490450-0-0	www.gismeteo.ru	0.000008	5	0	0
11909	974947-49517-0-0	www.9111.ru	0.000008	3	0	0
11858	4342450-128930-0-0	topwar.ru	0.000008	1	0	0
13256	1-0	jp.ne.ibis.ibispaintx.app	0.000112	0	1	0
13256	1-0	com.tile.match.connect.game	0.000112	0	1	0
11865	36338709-257091-0-0	visasam.ru	0.000008	1	0	0
11865	39554346-263965-0-0	flymer.ru	0.000072	1	0	0
13252	8083-0	com.ibragunduz.applockpro	0.000089	1	0	0
13256	1-0	id979061864	0.000089	1	0	0
11857	42516966-275613-0-0	snos5.ru	0.000008	1	0	0
11858	93789316-988516-0-0	grandgames.net	0.000008	2	0	0
12507	50363257-327452-0-0	m.beboo.ru	0.000008	1	0	0
11864	6438395-149027-0-0	tv.mail.ru	0.000008	3	0	0
12378	35566-583769-0-0	www.igraemsa.ru	0.000061	1	0	0
11791	6f74b1d4b2ed506a17af3512d3fe8687-7a4768dd42d5d74b9	turkru.tv	0.000072	4	0	0
11858	53860057-339287-0-0	prufy.ru	0.000008	1	0	0
12507	65101275-577857-0-0	72.ru	0.000008	1	0	0
11864	6438395-152034-0-0	hi-tech.mail.ru	0.000008	3	0	0
11864	6438395-248298-0-0	youla.ru	0.000008	4	0	0
12512	498578-732386-0-0	www.kp.ru	0.000008	1	0	0
12507	1718328-141569-0-0	cont.ws	0.000008	1	0	0
11791	65bd063b3720d703fa73072dcabb277a-9c78d4358b08e3587	animeonline.cc	0.000072	1	0	0
11865	3293020-125354-0-0	www.goodhouse.ru	0.000008	4	0	0
11864	3420410-122989-0-0	spb.regmarkets.ru	0.000008	1	0	0
10208	21fee56a7508a045067e16181bb7cc2c-e4a26f930c0db018d	animeonline.cc	0.000072	1	0	0
13256	1-0	com.newnormalgames.phonecasediy	0.000089	1	0	0
12507	65949452-542792-0-0	radiokp.ru	0.000008	2	0	0
13256	1-0	app.kryds.android	0.000112	0	1	0
12507	3046664-278919-0-0	sunhome-ru.turbopages.org	0.000008	1	0	0
12507	1374984-732752-0-0	sprashivalka.com	0.000008	1	0	0
12507	5350121-136704-0-0	football.kulichki.net	0.000008	2	0	0
12507	61554-46902-0-0	kulturologia-ru.turbopages.org	0.000008	1	0	0
11904	1873567-129758-0-0	mir24.tv	0.000008	1	0	0
11858	1637878-69200-0-0	chepetsk.ru	0.000008	2	0	0
11868	6557105-250544-0-0	www.interfax.ru	0.000072	1	0	0
11857	65101275-447162-0-0	www.fontanka.ru	0.000008	11	0	0
12507	931235-747347-0-0	my-calend.ru	0.000008	2	0	0
12507	7361664-760042-0-0	sn--gazeta-ru.turbopages.org	0.000008	1	0	0
11857	41724942-336240-0-0	libking.ru	0.000008	3	0	0
11868	6557105-490701-0-0	www.m24.ru	0.000072	1	0	0
11857	517647-105265-0-0	xn----etbhuih2a1b.xn----8sbbf4bdbudbup8p.xn----9sbbbpi8a9bt6f.xn--p1ai	0.000008	1	0	0
12507	43526450-283698-0-0	www.dompovarov.ru	0.000008	1	0	0
12507	6591101-518444-0-0	magazinyavtozapchastej.ru	0.000008	1	0	0
12507	93836300-1210014-0-0	www.bolshoyvopros.ru	0.000008	1	0	0
13252	1-0	com.eyecon.global	0.000089	1	0	0
11858	49657268-323488-0-0	mastergrad.com	0.000008	1	0	0
11858	91122342-653694-0-0	fanat1k.ru	0.000008	1	0	0
11909	35760745-250343-0-0	countryhouse.pro	0.000072	1	0	0
12512	8176469-155098-0-0	cheb.ru	0.000008	2	0	0
11865	53871116-732413-0-0	catalogl.ru	0.000008	1	0	0
11904	28654839-192901-0-0	vkusno-i-prosto.ru	0.000008	1	0	0
11857	31734734-354099-0-0	m.tabor.ru	0.000008	6	0	0
14040	1100047556-120575103-HONG^20KONG^20MANGO^20MOBILE^20LIMITE	com.paint.color.by.number.coloring.pages.pixel.art	0.000112	0	1	0
12507	10173633-462527-0-0	kak--sdelano-ru.turbopages.org	0.000008	1	0	0
12507	67632165-464019-0-0	kartaslov.ru	0.000008	1	0	0
11858	1718328-141569-0-0	cont.ws	0.000008	1	0	0
11904	3309915-347598-0-0	ferma.expert	0.000008	2	0	0
12507	91072570-651429-0-0	kanobu-ru.turbopages.org	0.000008	1	0	0
12509	33530085-232061-0-0	astrahan.cian.ru	0.000008	1	0	0
11858	2050914-751853-0-0	nauka.club	0.000072	2	0	0
13256	1-0	com.gafv.puzzle.game.classic.blockpuzzle.wood	0.000089	1	0	0
11857	54497203-471364-0-0	autogear.ru	0.000008	1	0	0
11857	24111355-1291364-0-0	readmanga.io	0.000008	2	0	0
12507	83311569-574490-0-0	medportal-ru.turbopages.org	0.000008	1	0	0
11858	61948660-443133-0-0	all-events.ru	0.000008	1	0	0
11909	756115-48364-0-0	www.diy.ru	0.000008	1	0	0
12509	1647838-69257-0-0	www.calend.ru	0.000072	1	0	0
12507	8562776-754045-0-0	gts.tv	0.000008	1	0	0
12513	18373836-575903-0-0	royallib.com	0.000008	2	0	0
12507	38661274-749446-0-0	turkserial.org	0.000008	1	0	0
11865	54689608-349697-0-0	design-homes.ru	0.000008	1	0	0
14040	1100046989-120278291-FishingNet-CalculatorVault	com.hld.anzenbokusucal	0.000112	1	0	0
11868	18373836-407993-0-0	www.u-mama.ru	0.000008	1	0	0
11864	6123545-141095-0-0	empiremam.com	0.000008	1	0	0
14056	0-187544-0-0	www.lentainform.com	0.000072	1	0	0
11905	766011-59283-0-0	www.kadrovik-praktik.ru	0.000008	1	0	0
12507	2198803-698877-0-0	12--kanal-ru.turbopages.org	0.000008	1	0	0
11860	18373836-593092-0-0	secondstreet.ru	0.000008	1	0	0
14040	1100002284-120003854-Springwalk,^20Inc.-TubeMate^20You	devian.tubemate.v3	0.000112	1	1	0
11909	2412782-167916-0-0	www.domofond.ru	0.000008	3	0	0
12513	3293020-129405-0-0	www.cosmo.ru	0.000008	1	0	0
11865	65101275-579434-0-0	www.elledecoration.ru	0.000008	2	0	0
11865	54817670-382757-0-0	jokeru.ru	0.000008	2	0	0
14040	1100040411-120258463-TAKHION,^20Spol.^20s^20r.o-Hey^20Colo	com.hey.color.number.coloring.paint	0.000112	2	2	0
13256	1-0	com.superbinogo.jungleboyadventure	0.000089	1	0	0
11865	53696676-463289-0-0	alanschool.ru	0.000008	1	0	0
11909	8176469-155098-0-0	cheb.ru	0.000008	2	0	0
13256	12364-0	block.puzzle.sudoku.free.game.classic.offline	0.000112	0	2	0
12367	0-187544-0-0	tekken.fandom.com	0.000072	1	0	0
11865	89739637-1227211-0-0	chelseanews.ru	0.000008	1	0	0
11857	31446184-207680-0-0	kdelo-ru.turbopages.org	0.000008	1	0	0
11857	7546835-148644-0-0	chess-samara.ru	0.000008	1	0	0
11904	5350121-136704-0-0	football.kulichki.net	0.000008	2	0	0
11905	4629890-334578-0-0	love-sims.ru	0.000008	3	0	0
11909	61657907-412959-0-0	m.spletnik.ru	0.000008	6	0	0
11864	6746465-142629-0-0	hh.ru	0.000008	1	0	0
11857	467408-185765-0-0	ohota-guru.turbopages.org	0.000008	1	0	0
13266	1-0	com.almondstudio.crossword	0.000112	0	1	0
12509	33530085-232061-0-0	saratov.cian.ru	0.000008	1	0	0
11909	4012495-76942-0-0	usamodelkina-ru.turbopages.org	0.000008	1	0	0
12507	438869-293309-0-0	arhangel.ru	0.000072	1	0	0
11909	64173066-444849-0-0	radiokp-ru.turbopages.org	0.000008	1	0	0
11864	874982-46249-0-0	svpressa.ru	0.000008	2	0	0
12507	51898059-382813-0-0	bigpicture.ru	0.000008	1	0	0
11864	65101275-578374-0-0	www.nn.ru	0.000008	6	0	0
11904	498578-26254-0-0	www.spb.kp.ru	0.000008	1	0	0
11857	3293020-129405-0-0	www.cosmo.ru	0.000008	2	0	0
13256	1-0	jewel.block.puzzle.tetris	0.000089	1	0	0
11864	6438395-505321-0-0	vkrabota.ru	0.000008	3	0	0
11865	8381155-722011-0-0	apteka.103.by	0.000008	1	0	0
12507	6722348-216033-0-0	employmentcenter.ru	0.000008	1	0	0
11857	7295714-153743-0-0	russian.rt.com	0.000008	4	0	0
11909	494474-102843-0-0	otzovik.com	0.000008	4	0	0
11909	87276007-592220-0-0	www.avtovzglyad.ru	0.000008	1	0	0
12507	5633386-138917-0-0	myslo.ru	0.000008	1	0	0
12507	31264728-205782-0-0	biysk.orgsinfo.ru	0.000008	1	0	0
11858	478574-219390-0-0	roomester.ru	0.000072	1	0	0
11868	51898059-1263934-0-0	podborkino.com	0.000008	1	0	0
13256	1-0	jp.ne.ibis.ibispaintx.app	0.000089	4	0	0
11858	86213062-585313-0-0	www.tulapressa.ru	0.000008	1	0	0
11865	5065879-714347-0-0	saucyintruder.org	0.000008	2	0	0
11865	54826028-346077-0-0	shop-magnit.ru	0.000008	1	0	0
12507	79990285-553050-0-0	www.testw.ru	0.000008	1	0	0
11868	8562776-753104-0-0	food.inmyroom.ru	0.000008	2	0	0
11868	51898059-577766-0-0	autosport.com.ru	0.000008	1	0	0
11858	36882225-267966-0-0	adm.rusvesna.su	0.000008	1	0	0
11857	3849096-126345-0-0	www.gorodche.ru	0.000008	3	0	0
12507	509629-486824-0-0	rg-ru.turbopages.org	0.000008	1	0	0
11865	2771758-211190-0-0	nalogovaya.ru	0.000008	1	0	0
11909	77024529-534994-0-0	vremyan-ru.turbopages.org	0.000008	1	0	0
12507	8381155-722011-0-0	apteka-103-by.turbopages.org	0.000008	2	0	0
11864	3340748-128064-0-0	realtystreet.ru	0.000008	1	0	0
11864	93836300-1210014-0-0	www.bolshoyvopros.ru	0.000008	1	0	0
12512	73406866-498420-0-0	text.ru	0.000008	1	0	0
11905	54675456-344643-0-0	www.omskinform.ru	0.000008	1	0	0
11865	7286645-736397-0-0	money.onliner.by	0.000008	1	0	0
11864	1089500-149809-0-0	myslo.ru	0.000008	1	0	0
13256	1-0	com.jewels.gems.free.android	0.000089	1	0	0
12507	65101275-578374-0-0	www.nn.ru	0.000008	1	0	0
11904	90370494-730774-0-0	stroitel-list.ru	0.000008	1	0	0
11865	6477779-284177-0-0	sims4pack.ru	0.000008	3	0	0
12507	1446911-243283-0-0	prompriem.ru	0.000008	1	0	0
11865	93335226-830873-0-0	www.eg.ru	0.000072	2	0	0
11857	7687782-448212-0-0	profile.ru	0.000008	3	0	0
11868	1412746-580826-0-0	www.litmir.me	0.000008	1	0	0
11865	2175662-94656-0-0	secondstreet.ru	0.000008	1	0	0
11865	36696875-256711-0-0	itsecforu.ru	0.000008	1	0	0
11857	7632479-149420-0-0	nation--news-ru.turbopages.org	0.000008	1	0	0
12507	58495065-395633-0-0	sudarshana-ru.turbopages.org	0.000008	1	0	0
11858	522469-74936-0-0	www.qrz.ru	0.000008	1	0	0
12507	6963345-143476-0-0	vestivrn-ru.turbopages.org	0.000008	1	0	0
11909	1694625-291940-0-0	audioskazki-online.ru	0.000008	1	0	0
9011	42917-607958-0-0	m.pg11.ru	0.000061	1	0	0
11904	36493473-331129-0-0	primpress.ru	0.000008	1	0	0
12509	985920-49912-0-0	www.vidal.ru	0.000008	2	0	0
12507	68133542-467211-0-0	osnmedia-ru.turbopages.org	0.000008	1	0	0
13256	1-0	com.rsg.us.police.robot.helicopter.transforming.game	0.000089	1	0	0
11909	90720690-643887-0-0	mir-knig.com	0.000008	4	0	0
12507	1231559-293745-0-0	deutschpro.ru	0.000008	1	0	0
11865	91231761-1254914-0-0	gertund.cf	0.000008	1	0	0
11909	1951458-83219-0-0	ppt.ru	0.000008	1	0	0
11904	63430708-448204-0-0	automotocity.com	0.000008	1	0	0
11864	91159049-655744-0-0	remanga.org	0.000008	2	0	0
12507	4817705-131942-0-0	www.u-mama.ru	0.000008	2	0	0
11909	93836300-1210014-0-0	www.bolshoyvopros.ru	0.000008	3	0	0
13256	1-0	id450722833	0.000089	1	0	0
11864	1124250-54642-0-0	krsk.au.ru	0.000008	1	0	0
12507	7632479-149419-0-0	riafan-ru.turbopages.org	0.000008	1	0	0
12507	52946227-341532-0-0	business--gazeta-ru.turbopages.org	0.000008	1	0	0
11857	51526388-159408-0-0	www.diets.ru	0.000008	1	0	0
12507	94157104-1271237-0-0	kinobuks.ru	0.000008	1	0	0
11909	3832586-125716-0-0	fonwall.ru	0.000008	1	0	0
11865	89459135-681297-0-0	stabmarket.ru	0.000008	2	0	0
8669	3938cf97ea84e2a9485f979e908bda87-6dd7f7a279120d51b	forums.playground.ru	0.000008	1	0	0
11857	5092531-223754-0-0	m.ura.news	0.000008	5	0	0
11864	65101275-576079-0-0	161.ru	0.000008	1	0	0
11868	2390032-357688-0-0	www.msn.com	0.000008	1	0	0
11857	36493473-331129-0-0	primpress.ru	0.000008	1	0	0
11858	2047853-448511-0-0	tekst-pesni.online	0.000008	1	0	0
9865	0-187544-0-0	animestars.org	0.000072	1	0	0
11858	1801033-247350-0-0	mangalib.me	0.000072	1	0	0
11904	8087524-438288-0-0	shikimori.one	0.000008	1	0	0
11791	65bd063b3720d703fa73072dcabb277a-9c78d4358b08e3587	www.consultant.ru	0.000008	1	0	0
13256	1-0	puzzle.games.bubble.shooter.deluxe	0.000139	1	1	0
11868	3136972-328919-0-0	tattoofresh.ru	0.000008	1	0	0
11909	2195036-286622-0-0	sandizain.ru	0.000008	1	0	0
11858	1808940-94217-0-0	allhockey.ru	0.000008	2	0	0
13256	1-0	com.gmail.joystudio808.nonogram	0.000089	1	0	0
12507	2172096-752040-0-0	calcus.ru	0.000008	1	0	0
11909	2200768-96167-0-0	www.kukuzya.ru	0.000008	1	0	0
12507	1386626-1294341-0-0	readmanga.io	0.000008	2	0	0
11857	38661274-647059-0-0	cdnpdf.com	0.000008	1	0	0
11905	2004221-94787-0-0	berkat.ru	0.000008	1	0	0
13256	12789-0	id388389451	0.000089	1	0	0
11864	65101275-578759-0-0	www.marieclaire.ru	0.000008	1	0	0
12507	1243968-57852-0-0	zaks-ru.turbopages.org	0.000008	1	0	0
12507	429405-43024-0-0	msk.hullabaloo.ru	0.000008	1	0	0
11865	2731523-109135-0-0	guns.allzip.org	0.000008	1	0	0
12507	4550679-249926-0-0	kaknadostroit.ru	0.000008	1	0	0
11865	1600226-68252-0-0	kardimovo.bezformata.com	0.000008	1	0	0
12507	24063418-190744-0-0	vplate.ru	0.000008	1	0	0
12507	87276007-606542-0-0	mk-ru.turbopages.org	0.000008	4	0	0
11909	41934011-272783-0-0	thebell.io	0.000008	1	0	0
12507	2364206-144554-0-0	bk55.ru	0.000008	1	0	0
13677	43650-609027-0-0	klops.ru	0.000061	3	0	0
12507	94992061-1279309-0-0	news102.ru	0.000008	1	0	0
9866	0-187544-0-0	video.sibnet.ru	0.000072	1	0	0
11865	32125188-427913-0-0	bloknot-voronezh.ru	0.000008	3	0	0
11909	7867970-208469-0-0	sinonim.org	0.000008	1	0	0
11860	94346353-1290933-0-0	www.hobobo.ru	0.000008	1	0	0
11864	56953682-478194-0-0	food.inmyroom.ru	0.000008	1	0	0
11905	93683367-979907-0-0	aktnews.ru	0.000008	1	0	0
12512	476196-292318-0-0	onlayn-radio.ru	0.000008	2	0	0
11858	38661274-725731-0-0	mir-knigi.net	0.000008	1	0	0
11864	6539562-142065-0-0	barnaul.zarplata.ru	0.000008	1	0	0
12507	2960135-423317-0-0	konkurent.ru	0.000008	3	0	0
11909	36493473-331129-0-0	primpress.ru	0.000008	2	0	0
13256	1-0	com.fingerlab.word.blockpuzzles	0.000139	1	1	0
11909	7016944-186011-0-0	moneybrain.ru	0.000008	1	0	0
13680	34631-621882-0-0	nauka.club	0.000061	1	0	0
13256	1-0	com.frigatestudios.stoodno	0.000089	1	0	0
12507	33113337-665995-0-0	solar-money.best	0.000008	1	0	0
11865	1600226-68252-0-0	vyazma.bezformata.com	0.000008	2	0	0
11909	93915523-1216602-0-0	happymodern.ru	0.000008	1	0	0
11909	56663774-602227-0-0	m.7days.ru	0.000072	2	0	0
9864	0-187544-0-0	video.sibnet.ru	0.000072	1	0	0
13256	1-0	com.block.puzzle.game.wooden	0.000089	1	0	0
13252	1-0	pawapp.games.onetdeluxe	0.000089	1	0	0
11858	1428778-62775-0-0	forum.littleone.ru	0.000008	3	0	0
14040	pub4444433466368-120273541-LIHUHU^20PTE.^20LTD.-Matchi	and.lihuhu.matchingmaster3d	0.000112	1	0	0
11904	32781733-221907-0-0	tyumen.move.ru	0.000008	2	0	0
12507	91114828-653308-0-0	cyberleninka.ru	0.000008	1	0	0
14056	0-216200-0-0	ren.tv	0.000072	2	0	0
11868	508343-49826-0-0	gastronom-ru.turbopages.org	0.000008	2	0	0
12507	7295714-153743-0-0	russian-rt-com.turbopages.org	0.000008	2	0	0
13252	14934-0	mxplayer.in	0.000089	1	0	0
12507	7517911-148375-0-0	5--tv-ru.turbopages.org	0.000008	1	0	0
11864	6438395-147025-0-0	my.mail.ru	0.000008	9	0	0
11860	31256329-496537-0-0	ideas.homechart.ru	0.000008	2	0	0
12507	1112815-224908-0-0	stogear.pro	0.000008	1	0	0
11865	30570339-693876-0-0	rg.ru	0.000008	2	0	0
11857	1166165-66274-0-0	knitka.ru	0.000072	1	0	0
9865	0-187544-0-0	1progs.ru	0.00009	0	1	0
11865	92147898-728450-0-0	tiowiliam.ru	0.000008	1	0	0
11905	4482117-129967-0-0	aftershock.news	0.000008	1	0	0
13256	1-0	com.anyreads.freebooks	0.000089	1	0	0
13256	13818-0	com.sports.scoresandvideo	0.000089	2	0	0
11858	54889509-346839-0-0	baseclips.ru	0.000008	1	0	0
11865	88683488-643583-0-0	hd01.ru	0.000072	1	0	0
13256	1-0	onet.connect.game	0.000089	1	0	0
11858	8176469-155098-0-0	forum.na-svyazi.ru	0.000008	2	0	0
9866	0-187544-0-0	starwars.fandom.com	0.000072	1	0	0
11868	30477641-200831-0-0	www.trud.com	0.000008	1	0	0
11865	94346353-1232639-0-0	nauka.club	0.000072	1	0	0
13677	40517-576712-0-0	www.playground.ru	0.000007	1	0	0
12507	31446184-207688-0-0	trudohrana-ru.turbopages.org	0.000008	1	0	0
12507	31575695-208854-0-0	www.orgpage.ru	0.000008	1	0	0
12513	2390032-357688-0-0	www.msn.com	0.000008	3	0	0
12513	88683488-643583-0-0	hd01.ru	0.000008	1	0	0
11865	83933472-602679-0-0	ratengoods.com	0.000008	1	0	0
11865	69816178-613435-0-0	plitkahoff.ru	0.000008	1	0	0
9035	42435-605557-0-0	video.sibnet.ru	0.000061	1	0	0
11865	93118975-761297-0-0	7sisters.ru	0.000008	1	0	0
11857	5092869-134625-0-0	echo.msk.ru	0.000008	1	0	0
12507	1756154-113576-0-0	m.sibkray.ru	0.000008	3	0	0
11865	1906677-93092-0-0	www.tomsk.ru09.ru	0.000008	1	0	0
11858	93118975-761297-0-0	7sisters.ru	0.000008	1	0	0
