BidCostStat	2.5
2021-10-24
14051	1113232426-1375955648-0-0	abiturient24.com	0.000578	0	1	0
14051	fa690b06b57e11662924ee737fd4c906-1131693826-0-Like	video.like	0.000613	0	1	0
14051	4088110445-3461499937-0-0	vladivost.ru	0.000591	0	1	0
14051	15740-1272704537-0-Likee^20-^20Let^20You^20Shine	video.like	0.000717	0	2	0
9012	41985-593245-0-0	medicinnews.ru	0.00009	0	1	0
12507	426064-26708-0-0	www.gotovim.ru	0.00123	0	1	0
14051	2129643511-411221628-0-0	zdorovjezdes.ru	0.000404	0	1	0
14051	2361668744-869275998-0-0	pacanki.ru	0.000565	0	1	0
9035	43859-614472-0-0	com.charityrun.game	0.000684	0	1	0
11791	f74bed1098bed14fc3130b7024afe070-bb5c7a211b950af45	wp.wattpad	0.000471	0	1	0
11909	90720690-643887-0-0	mir-knig.com	0.001156	0	1	0
9012	43859-614472-0-0	fast.phone.clean	0.000684	0	1	0
10208	817-3678-0-0	serial-start.ru	0.00009	0	1	0
11864	7584597-148844-0-0	zpravda.ru	0.00123	0	1	0
