BidCostStat	2.5
2021-09-24
11865	897795-259376-0-0	www.ixbt.com	0.000008	1	0	0
11865	1011571-50615-0-0	argumenti.ru	0.000008	1	0	0
11791	65bd063b3720d703fa73072dcabb277a-9c78d4358b08e3587	zetserial.online	0.000008	1	0	0
11864	6438395-147025-0-0	my.mail.ru	0.000008	1	0	0
11864	6509217-270527-0-0	ru.facebusinessman.com	0.000008	1	0	0
12507	1756154-113576-0-0	m.sibkray.ru	0.000008	1	0	0
13266	14978-0	www.futbin.com	0.000008	1	0	0
12507	93599099-944073-0-0	deti-online.com	0.000072	1	0	0
12507	7687782-448212-0-0	profile.ru	0.000072	1	0	0
12507	42813817-276165-0-0	www.znak.com	0.000008	2	0	0
12507	48272767-989426-0-0	gb21perm-ru.turbopages.org	0.000008	1	0	0
11857	56336832-381479-0-0	m.tabor.ru	0.000008	1	0	0
11791	6d4e33980ff0d340926898fa68e2f0cf-ac0cfa0dfcc0909ac	animeonline.cc	0.000072	1	0	0
11858	24111355-1291364-0-0	readmanga.io	0.000008	1	0	0
11904	5510286-138138-0-0	razlozhi.ru	0.000008	1	0	0
11904	67230557-949345-0-0	lovisam.net	0.000008	1	0	0
11909	2412782-419507-0-0	m.avito.ru	0.000008	1	0	0
11904	61634776-509274-0-0	mygrind.ru	0.000008	1	0	0
11857	24142277-191235-0-0	vyatka-grad.ru	0.000008	1	0	0
11864	6438395-248298-0-0	youla.ru	0.000008	1	0	0
11857	38661274-635651-0-0	mir-knigi.info	0.000008	1	0	0
11868	897669-56459-0-0	pikabu.ru	0.000008	3	0	0
12509	6746465-142629-0-0	hh.ru	0.000008	1	0	0
11904	4925754-132540-0-0	pkzsk.info	0.000008	1	0	0
11909	8562776-751411-0-0	dni.ru	0.000008	1	0	0
12507	1292710-250072-0-0	otzovik.com	0.000008	1	0	0
14056	0-216200-0-0	ren.tv	0.000072	1	0	0
11865	3281497-136716-0-0	m.sport-express.ru	0.000072	1	0	0
9864	0-216200-0-0	ren.tv	0.000072	1	0	0
11909	37786383-259198-0-0	www.bolshoyvopros.ru	0.000008	1	0	0
11909	73147933-495963-0-0	makeword.ru	0.000008	1	0	0
12507	90720690-643887-0-0	mir-knig.com	0.000008	1	0	0
12507	8381155-721597-0-0	sb-by.turbopages.org	0.000008	1	0	0
11857	5092531-223754-0-0	m.ura.news	0.000008	1	0	0
11858	2083792-430348-0-0	ingrus.net	0.000008	1	0	0
9866	0-216200-0-0	m.7days.ru	0.000072	1	0	0
11858	51898059-738543-0-0	amedia.online	0.000008	1	0	0
11865	7975544-153745-0-0	tass.ru	0.000008	1	0	0
11904	82182983-561692-0-0	vyborexperta.ru	0.000008	1	0	0
11865	1081974-53448-0-0	5koleso.ru	0.000008	1	0	0
12507	1801033-247350-0-0	mangalib.me	0.000072	1	0	0
11857	53682371-384372-0-0	babyzzz-ru.turbopages.org	0.000008	1	0	0
11858	91411553-671414-0-0	intrigue.dating	0.000072	1	0	0
12507	441536-99196-0-0	fapl.ru	0.000008	2	0	0
11864	31446184-207708-0-0	www.26-2.ru	0.000008	1	0	0
11905	5299287-136213-0-0	club.osinka.ru	0.000008	1	0	0
11864	6438395-142108-0-0	e.mail.ru	0.000008	2	0	0
11860	65443695-449419-0-0	www.ok-magazine.ru	0.000008	1	0	0
12507	737991-54232-0-0	moe-online.ru	0.000008	1	0	0
13251	12830-0	life.ru	0.000008	1	0	0
11868	23722537-334857-0-0	vilkin-pro.turbopages.org	0.000008	1	0	0
11858	2412782-419506-0-0	www.avito.ru	0.000008	11	0	0
11904	2412782-419506-0-0	www.avito.ru	0.000008	1	0	0
12507	498578-196262-0-0	kp-ru.turbopages.org	0.000008	1	0	0
11858	38661274-644362-0-0	knigi-audio.com	0.000072	1	0	0
12507	50317608-382923-0-0	tulapressa-ru.turbopages.org	0.000008	1	0	0
12507	2412782-419506-0-0	www.avito.ru	0.000008	2	0	0
12507	2412782-419507-0-0	m.avito.ru	0.000008	18	0	0
11865	2412782-419506-0-0	www.avito.ru	0.000008	12	0	0
12507	494474-102843-0-0	otzovik.com	0.000008	1	0	0
12509	65949452-1215721-0-0	www.tourprom.ru	0.000072	1	0	0
11865	494474-102843-0-0	otzovik.com	0.000008	1	0	0
12509	65949452-515704-0-0	teleprogramma.pro	0.000072	1	0	0
12507	7687782-448212-0-0	profile.ru	0.000008	5	0	0
11868	24142277-191235-0-0	vyatka-grad.ru	0.000008	1	0	0
11909	915412-108160-0-0	1prime.ru	0.000008	1	0	0
11909	93836300-1210023-0-0	www.remotvet.ru	0.000008	1	0	0
11868	2412782-419507-0-0	m.avito.ru	0.000008	4	0	0
11864	51526388-115954-0-0	www.povarenok.ru	0.000008	1	0	0
11909	91235966-660718-0-0	lifehacker-ru.turbopages.org	0.000008	1	0	0
11858	93905134-1247034-0-0	burtinsd.ml	0.000008	1	0	0
12507	93721351-983592-0-0	mensby.com	0.000008	1	0	0
11858	407197-99551-0-0	playboyrussia.com	0.000008	1	0	0
11865	92147898-1212372-0-0	ilifia-club.ru	0.000008	1	0	0
11864	31446184-704553-0-0	www.buhsoft.ru	0.000008	1	0	0
11909	91531139-1287754-0-0	severdv.ru	0.000008	1	0	0
12507	985920-49912-0-0	www.vidal.ru	0.000008	1	0	0
11857	87936520-601046-0-0	love.mail.ru	0.000008	1	0	0
12507	11648129-176547-0-0	iklife.ru	0.000008	1	0	0
11857	91531139-1287754-0-0	severdv.ru	0.000008	1	0	0
12507	897795-261376-0-0	www.gametech.ru	0.000008	1	0	0
12507	30424505-195579-0-0	camcebekulinar-ru.turbopages.org	0.000008	1	0	0
12513	18373836-575903-0-0	royallib.com	0.000008	1	0	0
11864	6438395-147024-0-0	lady.mail.ru	0.000008	1	0	0
11868	87276007-592220-0-0	www.avtovzglyad.ru	0.000008	1	0	0
11868	3090793-147280-0-0	pravoved.ru	0.000008	1	0	0
12509	65949452-515704-0-0	teleprogramma.pro	0.000008	1	0	0
13252	1398-0	m.avito.ru	0.000008	1	0	0
12507	91623033-683453-0-0	rostovnadonu.irr.ru	0.000008	1	0	0
11904	3849096-126345-0-0	www.gorodche.ru	0.000008	1	0	0
11864	71813031-490450-0-0	www.gismeteo.ru	0.000008	1	0	0
11857	7687782-448212-0-0	profile.ru	0.000072	1	0	0
11857	36493473-331129-0-0	primpress.ru	0.000008	2	0	0
11857	65101275-447162-0-0	www.fontanka.ru	0.000008	1	0	0
12507	18218482-186487-0-0	pogoda7.ru	0.000008	1	0	0
11865	40406530-608271-0-0	xn--80anjd4dyb.xn--p1ai	0.000008	1	0	0
12507	54689608-349697-0-0	design-homes.ru	0.000008	1	0	0
11868	27064358-192495-0-0	pravoved.ru	0.000008	1	0	0
12509	65949452-821975-0-0	add2.seo-fast.ru	0.000008	1	0	0
12507	51452342-582170-0-0	howto-news.info	0.000072	1	0	0
11865	30570339-658622-0-0	glavkniga.ru	0.000008	1	0	0
13252	17047-0	profile.ru	0.000008	1	0	0
11858	1381191-61633-0-0	www.predskazanie.ru	0.000008	1	0	0
9012	42919-605074-0-0	kamculture.ru	0.000007	2	0	0
11868	1412746-580826-0-0	www.litmir.me	0.000008	1	0	0
12507	4140396-623836-0-0	m.newkaliningrad.ru	0.000008	1	0	0
14003	15737-576542-0-minecraft.fandom.com	minecraft.fandom.com	0.000072	1	0	0
11909	6078256-142910-0-0	infoniac-ru.turbopages.org	0.000008	1	0	0
11864	3420410-122989-0-0	spb.regmarkets.ru	0.000008	1	0	0
11865	91778783-699692-0-0	kprfrd.su	0.000008	1	0	0
12507	1081974-53448-0-0	5koleso.ru	0.000008	1	0	0
11904	93360914-840292-0-0	avia.pro	0.000008	1	0	0
12507	24111355-1291364-0-0	readmanga.io	0.000008	1	0	0
11857	7295714-153743-0-0	russian.rt.com	0.000072	1	0	0
11858	4438373-129798-0-0	xn----ctbsbazhbctieai.ru-an.info	0.000008	1	0	0

2021-09-25
11857	41021040-458652-0-0	molitvy.guru	0.000008	1	0	0
13001	bfld062ac88i0cq3hkhg-bfld0hqac88i0cq3hki0-0-0	hdseria.cyou	0.001482	0	1	0
11858	369305-1038-0-0	3dnews.ru	0.000008	1	0	0
11865	5771555-225415-0-0	fair.ru	0.000008	1	0	0
14051	2712442096-672032183-0-0	chance.ru	0.000493	1	0	0
11865	73699644-673122-0-0	thebestgames.ru	0.000008	2	0	0
11777	15740-1972017-0-Block^20Building^203D	com.soccer.blockbuilding	0.000493	1	0	0
14051	2712442096-672032183-0-0	mainstro.ru	0.000493	1	0	0
11909	47018685-290050-0-0	m.1obl.ru	0.000008	1	0	0
14051	2730780382-421043676-0-0	sotoguide.ru	0.000493	1	0	0
11865	91083793-1238392-0-0	jobeka.com	0.000008	1	0	0
11904	1504887-135166-0-0	energo-24.ru	0.000008	1	0	0
11904	441536-99196-0-0	fapl.ru	0.000008	1	0	0
11909	47693966-743179-0-0	1igolka.com	0.000008	1	0	0
12509	65949452-453151-0-0	echo.msk.ru	0.000008	1	0	0
13001	fa690b06b57e11662924ee737fd4c906-37ba169c91358fd34	com.imo.android.imoimhd	0.000493	1	0	0
11909	34527282-243296-0-0	www.alpha-ag.ru	0.000008	1	0	0
12507	91159049-655744-0-0	remanga.org	0.000008	1	0	0
11865	32380414-216896-0-0	domnomore.com	0.000008	1	0	0
11865	907113-1271193-0-0	knigochei.org	0.000008	1	0	0
11904	88683488-643583-0-0	hd01.ru	0.000072	1	0	0
14051	3274576156-4190608258-0-0	quizdiva.net	0.000493	1	0	0
11857	2983481-409927-0-0	vklist.ru	0.000008	1	0	0
12507	42906818-679435-0-0	na-pensiyu.ru	0.000008	1	0	0
11909	6438395-457268-0-0	youla.ru	0.000008	7	0	0
11777	15740-yrokjarv29-0-Numberzilla^20-^20Number^20Puzzle^20|^20B	com.appcraft.number.puzzle	0.000493	1	0	0
11858	1055963-816214-0-0	spaces.im	0.000008	2	0	0
14051	3503391003-816109737-0-0	skam.online	0.000493	1	0	0
11791	10-844-0-0	otvertka.space	0.000008	1	0	0
14051	2712442096-672032183-0-0	www.daobao.ru	0.000493	2	0	0
11905	1133796-430869-0-0	www.rulit.me	0.000008	2	0	0
11777	15740-iycuydvryl-0-2048^20Cube^20Winner—Aim^20To^20Win^20D	com.merge.cube.winner	0.000493	1	0	0
11865	77024529-534994-0-0	www.vremyan.ru	0.000008	1	0	0
12509	6746465-142629-0-0	hh.ru	0.000008	1	0	0
14051	15740-4090727234-0-Critical^20Strike^20CS:^20Counter^20Ter	com.critical.strike2	0.000493	1	0	0
12509	67632165-464019-0-0	kartaslov.ru	0.000008	1	0	0
12507	32596396-646564-0-0	englhouse.ru	0.000008	1	0	0
11865	95235635-1300841-0-0	examenpdd.com	0.000008	1	0	0
14051	15740-2020055906-0-Standoff^202	com.axlebolt.standoff2	0.000493	1	0	0
11857	1591201-108029-0-0	fighttime.ru	0.000008	1	0	0
12509	5092869-134625-0-0	echo.msk.ru	0.000008	1	0	0
12507	88683488-611878-0-0	pohod-lifehack.ru	0.000008	1	0	0
11865	92093171-1268380-0-0	novamett.ru	0.000008	1	0	0
13251	6598-0	www.shkolazhizni.ru	0.000008	1	0	0
12507	82182983-561692-0-0	vyborexperta.ru	0.000008	2	0	0
12176	15497-0	www.kino-teatr.ru	0.000493	9	0	0
11860	4406431-535804-0-0	disotzov.ru	0.000008	1	0	0
9012	36392-475082-0-0	teleprogramma.pro	0.000061	1	0	0
12507	45819849-394945-0-0	zdorovecheloveka.com	0.000008	1	0	0
11860	2390032-357688-0-0	www.msn.com	0.000008	2	0	0
12507	24111355-1291364-0-0	readmanga.io	0.000008	6	0	0
11909	31113536-204531-0-0	markakachestva.ru	0.000008	1	0	0
11858	1386626-586344-0-0	findanime.net	0.000072	2	0	0
11909	4140396-127625-0-0	www.newkaliningrad.ru	0.000008	1	0	0
11909	50363257-327452-0-0	m.beboo.ru	0.000008	1	0	0
11777	15740-uz9vnyn6va-0-Tile^20Blast^20-^20Matching^20Puzzle^20Ga	com.glorygame.tileblast	0.000493	1	0	0
11865	35406206-268179-0-0	ipotekahouse.ru	0.000008	1	0	0
12507	1796140-74795-0-0	damataro.ru	0.000008	1	0	0
11904	1104636-108076-0-0	www.fishlovlya.ru	0.000008	1	0	0
11860	94346353-1290933-0-0	www.hobobo.ru	0.000072	1	0	0
12507	5437362-568288-0-0	ket--holod-ru.turbopages.org	0.000008	1	0	0
14051	3c1012fa5deecb8a8145d87ad1b3854b-2125834001-0-Cloc	com.belkatechnologies.clockmaker	0.000493	1	0	0
12507	8562776-753573-0-0	www.ivd.ru	0.000008	1	0	0
11904	7790768-280207-0-0	universe-tss.su	0.000008	1	0	0
13257	11135-0	www.ixbt.com	0.000008	1	0	0
11857	38661274-737528-0-0	500book.ru	0.000008	1	0	0
12507	1818286-494149-0-0	sovet-ingenera.com	0.000008	1	0	0
12176	8083-0	id1369521645	0.000493	1	0	0
12507	1126407-122161-0-0	avtoexperts.ru	0.000008	1	0	0
14051	2712442096-672032183-0-0	hdboxy.com	0.000493	2	0	0
13266	10096-0	vimm.net	0.000008	1	0	0
11777	8881-576810-0-m.simpsons.fox-fan.tv	m.simpsons.fox-fan.tv	0.00059	1	0	0
12507	6734741-154950-0-0	drive2-ru.turbopages.org	0.000008	1	0	0
14051	2712442096-672032183-0-0	ymorno.ru	0.000493	9	0	0
11865	8381155-722011-0-0	apteka.103.by	0.000008	2	0	0
11868	47669093-650362-0-0	chistayrabota.ru	0.000008	1	0	0
14051	15740-2822581871-0-0	com.imo.android.imoim	0.000493	1	0	0
11858	70390261-614040-0-0	best-stroy.ru	0.000008	1	0	0
14051	2807743741-2184324946-0-0	kachalka-24.ru	0.000493	1	0	0
14051	fa690b06b57e11662924ee737fd4c906-2465437248-0-imo^20	com.imo.android.imoimbeta	0.000493	2	0	0
11909	1560494-348677-0-0	delyagin.livejournal.com	0.000072	1	0	0
11868	51898059-589591-0-0	therumdiary.ru	0.000008	1	0	0
12507	6601699-142265-0-0	ilive-com-ua.turbopages.org	0.000008	2	0	0
11904	36338709-257091-0-0	visasam.ru	0.000008	1	0	0
12507	3536686-170218-0-0	medaboutme-ru.turbopages.org	0.000008	1	0	0
11864	90735060-647136-0-0	ftour.otzyv.ru	0.000008	1	0	0
14051	2712442096-672032183-0-0	pribylwm.ru	0.000493	1	0	0
11909	2163226-260071-0-0	m.3d-galleru.ru	0.000008	1	0	0
12507	1292710-250072-0-0	otzovik.com	0.000008	3	0	0
11858	5092869-134625-0-0	echo.msk.ru	0.000008	2	0	0
12509	7891691-189212-0-0	fermagid.ru	0.000008	1	0	0
12176	15497-0	cyrillitsa.ru	0.000493	1	0	0
11858	1560494-660797-0-0	mail.rambler.ru	0.000008	1	0	0
9864	0-216200-0-0	ren.tv	0.000072	3	0	0
13001	c432c10681e6e7631dd88fa1b4e5d67b-e700d661e9f81ed1a	turokser.org	0.000493	1	0	0
12507	7664547-442805-0-0	m--strana-ru.turbopages.org	0.000008	1	0	0
11909	845311-45272-0-0	m.rosbalt.ru	0.000008	1	0	0
11857	69816178-629442-0-0	kickscontest.ru	0.000008	1	0	0
9866	0-216200-0-0	www.lentainform.com	0.000072	7	0	0
11865	91778783-710402-0-0	dom-kirov.ru	0.000008	1	0	0
11857	15044768-265786-0-0	mangahub.ru	0.000072	1	0	0
14051	2556903250-4176228025-0-0	www.yaplakal.com	0.000493	7	0	0
11909	2412782-419507-0-0	m.avito.ru	0.000008	7	0	0
14051	15740-3731980246-0-Idle^20Forest^20Lumber^20Inc:^20Timber^20	com.lumber.inc	0.000493	1	0	0
13266	9985-0	www.indyrock.es	0.000008	1	0	0
12507	8562776-751411-0-0	dni.ru	0.000008	2	0	0
11858	408274-3731-0-0	www.freelancejob.ru	0.000008	1	0	0
13294	14978-0	www.futbin.com	0.000008	2	0	0
12507	87338212-592797-0-0	pod-potol.com	0.000008	1	0	0
11864	3420410-122989-0-0	samara.regmarkets.ru	0.000008	1	0	0
11857	5550422-138437-0-0	m.tvzvezda.ru	0.000008	1	0	0
12507	58546149-395934-0-0	mir-knig.com	0.000008	4	0	0
12507	93840568-989955-0-0	vbr-ru.turbopages.org	0.000008	3	0	0
11909	1932193-96375-0-0	msk.spravker.ru	0.000008	1	0	0
11858	91072570-651430-0-0	www.igromania.ru	0.000008	1	0	0
12507	36985186-256605-0-0	polismed-com.turbopages.org	0.000008	1	0	0
12507	40468704-267225-0-0	nash-dom2.su	0.000008	1	0	0
11909	26809064-675583-0-0	avtika.ru	0.000008	2	0	0
11909	33397807-230529-0-0	m.tsargrad.tv	0.000072	1	0	0
11868	87276007-592220-0-0	www.avtovzglyad.ru	0.000008	2	0	0
11857	36493473-331129-0-0	primpress.ru	0.000072	1	0	0
11864	51898059-487857-0-0	kg-portal.ru	0.000008	1	0	0
11868	24142277-191235-0-0	vyatka-grad.ru	0.000008	1	0	0
12507	38661274-635651-0-0	mir-knigi.info	0.000008	1	0	0
11865	7404181-196299-0-0	prigotovimvkusno.com	0.000008	1	0	0
11865	62513698-669227-0-0	clinica-opora.ru	0.000008	1	0	0
12507	39209784-262892-0-0	stuki--druki-com.turbopages.org	0.000008	1	0	0
11909	4100839-54830-0-0	www.newsler.ru	0.000008	1	0	0
11909	8562776-751411-0-0	dni.ru	0.000008	3	0	0
12507	49608361-418964-0-0	1000.menu	0.000008	1	0	0
11858	5905298-139817-0-0	glav.su	0.000008	1	0	0
11868	89739637-846703-0-0	gorobzor.ru	0.000072	1	0	0
11865	91411553-671414-0-0	intrigue.dating	0.000072	1	0	0
12507	509629-29789-0-0	rg.ru	0.000008	1	0	0
12507	4509389-289524-0-0	implant--expert-ru.turbopages.org	0.000008	1	0	0
11777	8881-576810-0-mega-mult.ru	mega-mult.ru	0.00059	2	0	0
14051	2712442096-672032183-0-0	tolkorus.info	0.000493	5	0	0
12507	7295714-153743-0-0	russian-rt-com.turbopages.org	0.000008	1	0	0
12176	2505-0	sploop.io	0.000493	1	0	0
11905	5556777-138740-0-0	26km.ru	0.000008	1	0	0
14051	3274576156-4190608258-0-0	merojax.me	0.000493	6	0	0
11858	2412782-189903-0-0	www.avito.ru	0.000008	3	0	0
11858	1801033-247350-0-0	mangalib.me	0.000072	2	0	0
12507	475686-728766-0-0	amedia.online	0.000008	1	0	0
11858	91624402-735163-0-0	day.ru	0.000008	1	0	0
11868	43145405-277214-0-0	vtorexpo.ru	0.000008	1	0	0
13001	9a0c3108e45ba37f92b34c9e19c09d67-9a0c3108e45ba37f9	karpov-clinic.ru	0.00059	3	0	0
11865	26291209-280343-0-0	gurukredit.ru	0.000008	1	0	0
11868	90484702-639714-0-0	csn-tv.ru	0.000008	1	0	0
11857	4045353-447731-0-0	armfilm.co	0.000008	1	0	0
11857	87936520-601046-0-0	www.mamba.ru	0.000008	4	0	0
11905	2112549-91685-0-0	news.mirtesen.ru	0.000008	1	0	0
12176	8083-0	com.fugo.wow	0.000493	6	0	0
12507	93736421-989340-0-0	kylinariya-ru.turbopages.org	0.000008	1	0	0
9869	0-216200-0-0	nversia.ru	0.000072	1	0	0
11777	15740-57a88a35ef0c325c5411bb304bf91bba-0-Likee^20-^20L	1251790681	0.000493	1	0	0
9866	0-216200-0-0	nversia.ru	0.000072	1	0	0
11858	74011181-504039-0-0	postila.ru	0.000008	1	0	0
11777	8881-576810-0-turkseria.tv	turkseria.tv	0.000718	1	1	0
11857	974947-49517-0-0	9111-ru.turbopages.org	0.000008	1	0	0
11909	87276007-592219-0-0	www.mk.ru	0.000072	2	0	0
14051	1304178442-62068351-0-0	travelask.ru	0.000493	1	0	0
14051	2712442096-672032183-0-0	hdserials.online	0.000493	22	0	0
11858	71792417-638801-0-0	gold-recepty.ru	0.000008	1	0	0
11868	56291972-380221-0-0	moskvichmag-ru.turbopages.org	0.000008	1	0	0
11909	3293020-125354-0-0	goodhouse-ru.turbopages.org	0.000008	1	0	0
12507	494474-102843-0-0	otzovik.com	0.000008	12	0	0
11909	799371-41196-0-0	www.sport.ru	0.000072	2	0	0
11857	1560494-225212-0-0	championat-com.turbopages.org	0.000008	1	0	0
13677	34951-104560-0-0	www.baby.ru	0.000061	1	0	0
11791	10-844-0-0	www.cqham.ru	0.000008	2	0	0
12513	88121411-603874-0-0	newsrank.ru	0.000008	1	0	0
13257	1-0	rustih.ru	0.000072	1	0	0
11909	1024057-50948-0-0	eva.ru	0.000008	1	0	0
12416	0-690-0-0	xxl.izvrata-net.com	0.00059	1	0	0
13251	1398-0	www.avito.ru	0.000008	1	0	0
11777	15747-576552-0-lordserial.ru	lordserial.ru	0.001179	1	1	0
11858	18778909-186682-0-0	eshpeydelay.ru	0.000008	1	0	0
14051	2712442096-672032183-0-0	imperialnews.org	0.000984	1	0	0
11777	15740-1698097-0-imo^20video^20calls^20and^20chat	336435697	0.000493	4	0	0
11868	1412746-580826-0-0	www.litmir.me	0.000008	3	0	0
11865	897795-259376-0-0	www.ixbt.com	0.000008	3	0	0
14051	15740-3144765348-0-Solitaire!	com.spacegame.solitaire.basic	0.000493	1	0	0
11858	51898059-1210843-0-0	bombardir.ru	0.000008	1	0	0
11868	897669-56459-0-0	pikabu.ru	0.000008	6	0	0
12176	7579-0	com.imo.android.imoim	0.000493	6	0	0
14051	2712442096-672032183-0-0	sochinite.ru	0.000493	1	0	0
11865	43526450-342617-0-0	razvivashka.online	0.000008	1	0	0
11865	1292710-250072-0-0	otzovik.com	0.000008	3	0	0
12803	0-222025-0-0	sunhome.ru	0.00059	1	0	0
11777	15740-hdizltokha-0-Restaurant^20Renovation	com.zymobile.restaurant	0.000493	1	0	0
11860	5706550-281826-0-0	ren.tv	0.000008	2	0	0
11909	8546983-160530-0-0	www.pnp.ru	0.000008	1	0	0
12509	5474199-682985-0-0	tgram.me	0.000008	2	0	0
11864	91864171-708690-0-0	www.vesti.ru	0.000072	1	0	0
14051	3493862645-3980546272-0-0	merojax.me	0.000493	2	0	0
13266	3976-0	cookingwithruthie.com	0.000008	1	0	0
13266	10096-0	engvideo.pro	0.000008	1	0	0
11777	15740-1622699-0-imo^20free^20video^20calls^20and^20chat	com.imo.android.imoim	0.000493	2	0	0
11865	494474-102843-0-0	otzovik.com	0.000008	2	0	0
12507	58905162-397624-0-0	m.somon.tj	0.000008	1	0	0
14051	2730780382-456437633-0-0	knigiaudio.club	0.000493	2	0	0
9866	0-216200-0-0	www.tourprom.ru	0.000072	1	0	0
11858	4782430-244146-0-0	getvideo.org	0.000008	1	0	0
11777	8881-576810-0-dh-online.ru	dh-online.ru	0.00059	1	0	0
11858	1428778-62775-0-0	forum.littleone.ru	0.000008	2	0	0
11777	8766-19589-0-turkseria.tv	turkseria.tv	0.00059	4	0	0
11865	40220325-603717-0-0	xn--80aanyip7d.xn--p1ai	0.000008	1	0	0
11905	32897353-333408-0-0	klub-drug.ru	0.000008	1	0	0
11868	7295714-188279-0-0	russian.rt.com	0.000008	1	0	0
11865	46431776-287922-0-0	joyreactor.cc	0.000008	1	0	0
12507	26809064-675583-0-0	avtika.ru	0.000008	1	0	0
14051	15740-3758338403-0-Likee^20-^20Let^20You^20Shine	1251790681	0.000493	4	0	0
12176	18537-0	gramfree.network	0.000493	1	0	0
12512	74840271-763105-0-0	m.megafonpro.ru	0.000008	1	0	0
12507	8381155-721605-0-0	bobsoccer.ru	0.000008	1	0	0
12176	15497-0	abnews.ru	0.000493	1	0	0
14003	15737-576542-0-kleo.ru	www.kleo.ru	0.000072	1	0	0
11909	5092869-134625-0-0	echo.msk.ru	0.000008	1	0	0
11868	2412782-419507-0-0	m.avito.ru	0.000008	27	0	0
12509	91623033-683453-0-0	irr.ru	0.000008	1	0	0
11865	66475862-456128-0-0	bel.ru	0.000008	1	0	0
12507	7139667-144398-0-0	astv.ru	0.000008	1	0	0
11864	65101275-447176-0-0	www.nn.ru	0.000008	2	0	0
11909	36493473-331129-0-0	primpress.ru	0.000072	3	0	0
12507	7687782-448212-0-0	profile.ru	0.000008	6	0	0
13257	1-0	www.greatpicture.ru	0.000072	1	0	0
12507	64173066-443007-0-0	radiokp.ru	0.000008	1	0	0
11865	1851489-346977-0-0	next-season.ru	0.000008	1	0	0
11857	775153-201129-0-0	iphone-gps.ru	0.000008	1	0	0
11858	2172096-752040-0-0	calcus.ru	0.000008	1	0	0
12507	1591201-108029-0-0	fighttime.ru	0.000008	2	0	0
11909	410659-1400-0-0	www.f1news.ru	0.000008	1	0	0
11858	25043916-191794-0-0	forum.vgd.ru	0.000008	1	0	0
11857	728568-69138-0-0	pozdravok.ru	0.000008	2	0	0
12507	91083793-1238392-0-0	jobeka.com	0.000008	1	0	0
11909	30650297-347645-0-0	kroha.info	0.000008	1	0	0
14051	2712442096-672032183-0-0	hd.kinozadrot.cc	0.000493	4	0	0
11857	56336832-381479-0-0	m.tabor.ru	0.000008	1	0	0
12507	40879015-268596-0-0	naavtotrasse.ru	0.000008	1	0	0
14051	15740-3095911990-0-Tiles^20Hop:^20EDM^20Rush!	com.amanotes.beathopper	0.000493	10	0	0
12507	88546469-708736-0-0	www.kleo.ru	0.000008	1	0	0
11868	8562776-753104-0-0	www.inmyroom.ru	0.000008	1	0	0
12507	1728009-162266-0-0	1tv-ru.turbopages.org	0.000008	1	0	0
13001	9138e51424466ec2f65e517f623f4e08-9b4c8d6c0b0fa3cda	ava.lordfilmtv.cyou	0.000984	1	0	0
11865	91774418-1243673-0-0	reviewzorro.ru	0.000008	1	0	0
14051	2712442096-672032183-0-0	fire-abc.ru	0.000493	1	0	0
11909	2208435-115208-0-0	03online.com	0.000008	1	0	0
11865	24142277-191235-0-0	vyatka-grad.ru	0.000008	2	0	0
12507	2050914-735543-0-0	www.cyberforum.ru	0.000008	1	0	0
14051	2730780382-904561540-0-0	knigkindom.ru	0.000493	3	0	0
11791	6f74b1d4b2ed506a17af3512d3fe8687-7a4768dd42d5d74b9	turkru.tv	0.000072	1	0	0
11777	15740-1645100-0-Stop^20-^20Categories^20Word^20Game	com.fanatee.stop	0.000493	1	0	0
14056	0-216200-0-0	ren.tv	0.000072	3	0	0
13257	2505-0	paper-io.com	0.000008	1	0	0
14051	2712442096-672032183-0-0	uchebniki.net	0.000493	2	0	0
11864	49657268-323488-0-0	mastergrad.com	0.000008	1	0	0
14051	2712442096-672032183-0-0	indkino.ru	0.000493	1	0	0
11777	8766-19589-0-amedia.online	amedia.online	0.00059	5	0	0
14051	1805220620-3943747893-0-0	n1.xn--80aikhbrhr.xyz	0.000493	1	0	0
14051	1254305549-3099007808-0-0	merojax.me	0.000493	6	0	0
9866	0-219659-0-0	www.kleo.ru	0.000072	1	0	0
11904	2968176-114236-0-0	www.panoidl.ru	0.000008	1	0	0
11857	7687782-154016-0-0	anews.com	0.000008	1	0	0
11857	7687782-448212-0-0	profile.ru	0.000008	2	0	0
12507	36472703-407939-0-0	cameralabs.org	0.000008	2	0	0
11909	41021040-730438-0-0	nastatus.ru	0.000008	1	0	0
11909	4684670-155160-0-0	www.ogorod.ru	0.000008	1	0	0
11865	32512981-327429-0-0	nevsepic.com.ua	0.000008	1	0	0
13686	40621-605301-0-0	friends-online.tv	0.000007	2	0	0
14051	3503391003-816109737-0-0	skam.online	0.000536	0	1	0
13251	3946-0	tripplanet.ru	0.000008	1	0	0
11909	3849512-125905-0-0	www.liveinternet.ru	0.000008	2	0	0
14051	3015701791-2480669656-0-0	spb.range-rovr.ru	0.000522	0	1	0
14051	15740-3335184140-0-NITRO^20NATION™^206	com.creativemobile.nno	0.000493	1	0	0
11858	61678927-855384-0-0	read13.w10.lovereads.ru	0.000008	1	0	0
11865	33337629-259756-0-0	svetosmotr.ru	0.000008	1	0	0
11909	6438395-353890-0-0	tv.mail.ru	0.000008	4	0	0
11857	33397807-230529-0-0	tsargrad-tv.turbopages.org	0.000008	1	0	0
11777	15745-576550-0-studme.org	studme.org	0.000984	1	0	0
12507	6535416-142126-0-0	www.aqa.ru	0.000008	1	0	0
9012	43650-609027-0-0	klops.ru	0.000061	1	0	0
11857	92519834-734980-0-0	hotplayer.ru	0.000008	1	0	0
12507	65101275-578824-0-0	www.ellegirl.ru	0.000008	2	0	0
12507	38661274-755113-0-0	online-knigi.com.ua	0.000008	1	0	0
12509	66475862-456128-0-0	bel.ru	0.000008	1	0	0
11858	92260691-721960-0-0	www.neizvestniy-geniy.ru	0.000008	3	0	0
11868	27064358-192495-0-0	pravoved.ru	0.000008	3	0	0
12507	42813817-276165-0-0	www.znak.com	0.000008	15	0	0
14051	15740-983933281-0-imo^20beta^20free^20calls^20and^20text	com.imo.android.imoimbeta	0.000493	23	0	0
11868	393320-247170-0-0	www.comboplayer.ru	0.000008	1	0	0
12507	3051414-115870-0-0	sdelanounas.ru	0.000008	2	0	0
12507	498578-914230-0-0	www.kp.ru	0.000008	1	0	0
11864	2412782-189903-0-0	www.avito.ru	0.000008	10	0	0
11864	7432993-149001-0-0	kgd.ru	0.000008	2	0	0
12507	1801033-247350-0-0	mangalib.me	0.000072	3	0	0
14051	2712442096-672032183-0-0	www.coolwebmasters.com	0.000493	2	0	0
12507	50054301-325932-0-0	ifreedom.su	0.000008	3	0	0
13001	f239a3d05275cc9f40742f723826922e-f239a3d05275cc9f4	doramakino.online	0.000984	2	0	0
14056	0-216200-0-0	teleprogramma.pro	0.000072	5	0	0
12507	91235966-660718-0-0	lifehacker-ru.turbopages.org	0.000008	2	0	0
11905	931235-747347-0-0	my-calend.ru	0.000008	1	0	0
14051	2712442096-672032183-0-0	grandtour.tv	0.000493	1	0	0
13001	5937c422f0b37c7566937953-ckf5ipaul4buv0768u8hjkfbr	www.ontvtime.ru	0.000984	1	0	0
11858	40879015-269713-0-0	cenyavto.com	0.000008	1	0	0
12507	48537776-547400-0-0	jut.su	0.000072	3	0	0
12507	7797099-605885-0-0	inpot.ru	0.000008	1	0	0
11858	36383150-680291-0-0	envybox.io	0.000008	1	0	0
11857	1560494-344753-0-0	gazeta-ru.turbopages.org	0.000008	2	0	0
8623	42565-625951-0-0	jut-su.net	0.000413	2	0	0
11858	1432019-400402-0-0	www.glaz.tv	0.000072	2	0	0
14055	0-216200-0-0	doramy.top	0.000072	1	0	0
11868	78307303-541125-0-0	mangapoisk.ru	0.000072	1	0	0
11857	89930173-629213-0-0	masterim-guru.turbopages.org	0.000008	1	0	0
12507	65101275-578603-0-0	www.fontanka.ru	0.000008	1	0	0
12507	1756154-113576-0-0	m.sibkray.ru	0.000008	1	0	0
13001	bfld062ac88i0cq3hkhg-bfld0hqac88i0cq3hki0-0-0	lordfilm.sh	0.001186	0	1	0
10049	10-844-0-0	yamalcntr.ru	0.000008	1	0	0
12507	61554-46902-0-0	kulturologia-ru.turbopages.org	0.000008	2	0	0
12507	504193-28011-0-0	www.zr.ru	0.000008	1	0	0
13252	3110-0	t.17track.net	0.000008	1	0	0
12509	91413822-877699-0-0	www.votpusk.ru	0.000008	1	0	0
12507	45746419-284959-0-0	schlock.ru	0.000008	1	0	0
13292	62-0	terraria-game.fandom.com	0.000072	1	0	0
11777	15740-1644011-0-imo^20free^20video^20calls^20and^20chat	com.imo.android.imoim	0.000493	28	0	0
11865	2412782-419506-0-0	www.avito.ru	0.000008	87	0	0
12507	6373436-480686-0-0	gadgetplay.ru	0.000008	2	0	0
14051	3493862645-3980546272-0-0	dachnyuchastok.ru	0.000493	1	0	0
12507	41519228-343288-0-0	sonnik.expert	0.000008	1	0	0
11904	67230557-949345-0-0	lovisam.net	0.000008	1	0	0
10009	21fee56a7508a045067e16181bb7cc2c-e4a26f930c0db018d	animeonline.cc	0.000072	3	0	0
11777	13863-33457-0-id2.lordfilm.codes	id2.lordfilm.codes	0.001131	0	1	0
11860	56953682-478194-0-0	food.inmyroom.ru	0.000008	1	0	0
11909	7458456-452286-0-0	xn--b1advjcbct.xn--p1ai	0.000008	1	0	0
11860	53377211-676742-0-0	idd.expert	0.000008	1	0	0
11865	91778881-1242465-0-0	strop-snab.ru	0.000008	1	0	0
14051	15740-1454960184-0-Paradise^20Jewel	com.ynsgames.aos.paradisejewel	0.000493	1	0	0
14056	0-216200-0-0	sonnik.expert	0.000072	1	0	0
11864	997402-52750-0-0	tvoy-bor.ru	0.000008	1	0	0
11909	36493473-331129-0-0	primpress.ru	0.000008	4	0	0
13252	2687-0	gizmodo.com	0.000008	1	0	0
11864	6438395-147024-0-0	lady.mail.ru	0.000008	1	0	0
12507	38661274-354927-0-0	azh.kz	0.000008	1	0	0
13001	c432c10681e6e7631dd88fa1b4e5d67b-e700d661e9f81ed1a	bitvaclub.ru	0.000493	1	0	0
11777	15740-13heevgirn-0-Heroes^20Inc!	com.blueflamingo.herolab	0.000493	1	0	0
12507	54689608-349697-0-0	design-homes.ru	0.000008	3	0	0
11777	15740-aye62bfgye-0-Clockmaker^20-^20amazing^20match^203	com.belkatechnologies.clockmaker	0.000493	1	0	0
12513	7234779-162377-0-0	www.kommersant.ru	0.000072	1	0	0
11777	13863-33457-0-turkseria.tv	turkseria.tv	0.001204	0	1	0
11857	5092531-223754-0-0	m.ura.news	0.000008	2	0	0
11865	41441860-295627-0-0	must-see.top	0.000008	1	0	0
14051	3493862645-3980546272-0-0	boxnovel.com	0.000493	1	0	0
11868	37211197-257005-0-0	forums.rusmedserv.com	0.000008	1	0	0
13251	18537-0	tvrf.city	0.000008	1	0	0
11905	1428778-62775-0-0	forum.littleone.ru	0.000008	1	0	0
14051	3493862645-3980546272-0-0	rvb.ru	0.000493	1	0	0
11777	8881-576810-0-amedia.online	amedia.online	0.000718	1	1	0
11905	91624402-735163-0-0	day.ru	0.000008	1	0	0
12513	498578-26254-0-0	www.krsk.kp.ru	0.000008	1	0	0
14051	15740-2375559042-0-Tap^20Away	com.jctswbglsm.swipeaway	0.000493	1	0	0
12160	0-1374208277712942-0-0	ganasalas.com	0.000007	1	0	0
13001	a186cbb009abed20ab216cd69ec8a95b-9b851fe7a054d922a	com.involtapp.psyans	0.000606	0	1	0
14051	15740-1444382127-0-imo^20free^20video^20calls^20and^20chat	com.imo.android.imoim	0.000493	6	0	0
11864	9598552-175106-0-0	www.forbes.ru	0.000072	1	0	0
12507	40879015-269713-0-0	cenyavto.com	0.000008	1	0	0
11857	40139498-266133-0-0	azbyka-vkysa.ru	0.000008	1	0	0
12507	915412-108160-0-0	1prime.ru	0.000008	1	0	0
12507	8381155-721597-0-0	sb-by.turbopages.org	0.000008	1	0	0
12507	7295714-153743-0-0	russian.rt.com	0.000072	1	0	0
11857	1818286-494149-0-0	sovet-ingenera.com	0.000008	1	0	0
13266	18537-0	tvrf.online	0.000008	1	0	0
13292	6335-0	www.polskieradio.pl	0.000008	1	0	0
11905	31902177-210520-0-0	gorod-novoross.ru	0.000008	1	0	0
13257	20331-0	teleprogramma.pro	0.000008	1	0	0
11857	87936520-601046-0-0	love.mail.ru	0.000008	4	0	0
12507	897795-259376-0-0	www.ixbt.com	0.000008	1	0	0
11868	65101275-578603-0-0	www.fontanka.ru	0.000008	1	0	0
14051	2712442096-672032183-0-0	ad-online.lordfilms-s.biz	0.000493	20	0	0
11858	34776665-725258-0-0	kamishin.svetofors.ru	0.000008	1	0	0
14051	15740-1654557716-0-imo^20HD-Free^20Video^20Calls^20and^20Cha	com.imo.android.imoimhd	0.000493	5	0	0
12509	89976696-630193-0-0	overclockers.ru	0.000072	1	0	0
11777	8766-19589-0-seriahd.tv	seriahd.tv	0.000717	1	1	0
11905	537984-72590-0-0	www.iamcook.ru	0.000008	2	0	0
12416	0-4099-0-0	-	0.000771	1	1	0
11909	6557105-250544-0-0	interfax-ru.turbopages.org	0.000008	2	0	0
11777	15740-1827447-0-Durak^20Online^203D	ru.playvision.durak	0.000493	1	0	0
11909	49639224-323388-0-0	na-zemle.info	0.000008	1	0	0
12507	1801033-247350-0-0	mangalib.me	0.000008	3	0	0
11777	8881-576810-0-amedia.online	amedia.online	0.000701	0	2	0
11868	86690274-712854-0-0	3dnews.ru	0.000008	1	0	0
11865	25342010-276266-0-0	life-v.ru	0.000008	1	0	0
14051	2712442096-672032183-0-0	inrin.net	0.000493	3	0	0
9012	42919-605074-0-0	ad-online.lordfilms-s.biz	0.000007	1	0	0
11864	18373836-576995-0-0	online.anidub.com	0.000008	5	0	0
12507	33460637-341138-0-0	domashnij-zapovednik.com	0.000008	1	0	0
11909	6372672-141229-0-0	www.factroom.ru	0.000008	1	0	0
11868	93918555-993875-0-0	www.intex-press.by	0.000008	1	0	0
11909	73147933-495963-0-0	makeword.ru	0.000008	1	0	0
13266	18501-0	en.uesp.net	0.000008	1	0	0
12507	38748038-260973-0-0	bashinform-ru.turbopages.org	0.000008	1	0	0
12507	977173-139652-0-0	tonkosti.ru	0.000008	1	0	0
12507	1924263-654242-0-0	kotle.ru	0.000008	1	0	0
11777	8881-576810-0-kadikama.ru	kadikama.ru	0.00059	2	0	0
11868	86690274-1205217-0-0	www.cyberforum.ru	0.000008	1	0	0
12507	2443167-248121-0-0	tehnopanorama.ru	0.000008	1	0	0
11868	35650980-513061-0-0	ktv-ray.ru	0.000008	3	0	0
12507	2412782-419507-0-0	m.avito.ru	0.000008	160	0	0
12509	15076685-266807-0-0	vesti-yamal.ru	0.000008	1	0	0
12507	7687782-448212-0-0	profile.ru	0.000072	3	0	0
13001	bfld062ac88i0cq3hkhg-bfld0hqac88i0cq3hki0-0-0	amedia.online	0.000984	3	0	0
11860	2890052-358124-0-0	jobez.ru	0.000008	1	0	0
13001	bfld062ac88i0cq3hkhg-bfld0hqac88i0cq3hki0-0-0	lordfilm.codes	0.001186	0	1	1
12509	65949452-515704-0-0	teleprogramma.pro	0.000072	1	0	0
9866	0-219659-0-0	teleprogramma.pro	0.000072	1	0	0
11865	897669-56459-0-0	pikabu.ru	0.000008	1	0	0
11868	1325666-82767-0-0	avto-blogger.ru	0.000008	1	0	0
14051	15740-3889639041-0-imo^20video^20calls^20and^20chat	336435697	0.000493	7	0	0
12507	36882225-351721-0-0	rostovnadonu.irr.ru	0.000008	1	0	0
13001	c432c10681e6e7631dd88fa1b4e5d67b-e700d661e9f81ed1a	great-tv.tv	0.000493	1	0	0
11777	15740-1877942-0-Idle^20Forest^20Lumber^20Inc:^20Timber^20Fac	com.lumber.inc	0.000493	1	0	0
11909	56663774-602227-0-0	m.7days.ru	0.000072	1	0	0
11857	91411553-671414-0-0	intrigue.dating	0.000072	1	0	0
11777	8881-576810-0-seriahd.tv	seriahd.tv	0.00059	10	0	0
12507	5510286-138138-0-0	razlozhi.ru	0.000008	1	0	0
11858	51898059-738543-0-0	amedia.online	0.000008	10	0	0
11904	2112549-91685-0-0	opolitike.mirtesen.ru	0.000008	1	0	0
11777	15740-1718309-0-Solitaire	com.spacegame.basic5	0.000493	1	0	0
14051	2712442096-672032183-0-0	i12.gurman.fun	0.000493	1	0	0
11858	40879015-268596-0-0	naavtotrasse.ru	0.000008	1	0	0
11857	7295714-153743-0-0	russian.rt.com	0.000072	2	0	0
11858	8623006-161494-0-0	www.radiorecord.ru	0.000008	1	0	0
11858	3209987-216928-0-0	adreser.ru	0.000008	1	0	0
14051	3010739654-882627329-0-0	livepleer.com	0.000522	0	1	0
12509	65949452-453595-0-0	rg.ru	0.000008	2	0	0
11865	471130-469593-0-0	www.rustennistur.com	0.000008	1	0	0
11909	93836300-1210014-0-0	www.bolshoyvopros.ru	0.000008	1	0	0
11865	439196-74094-0-0	www.en365.ru	0.000008	1	0	0
14051	15740-857396039-0-Likee^20-^20Let^20You^20Shine	1251790681	0.000493	2	0	0
12507	1412746-580826-0-0	www.litmir.me	0.000008	1	0	0
12509	985920-49912-0-0	www.vidal.ru	0.000008	1	0	0
12509	94975327-1284554-0-0	vortexnews.ru	0.000008	2	0	0
12507	36882225-268047-0-0	cont.ws	0.000008	1	0	0
11865	1983562-346413-0-0	deti-odezhda.ru	0.000008	1	0	0
11777	8881-576810-0-turkseria.tv	turkseria.tv	0.00059	2	0	0
12507	51526388-159406-0-0	www.stranamam.ru	0.000008	2	0	0
14051	15740-1805829939-0-Nox^20Cleaner^20-^20Booster,^20Optimize	com.noxgroup.app.cleaner	0.00077	1	1	0
12416	0-4099-0-0	-	0.000617	0	3	1
12507	2443167-342544-0-0	polikarbonat.guru	0.000008	1	0	0
11865	93335226-830873-0-0	www.eg.ru	0.000008	2	0	0
12507	8562776-751705-0-0	7days.ru	0.000072	1	0	0
11909	47669093-650362-0-0	chistayrabota.ru	0.000008	1	0	0
11904	23321301-258983-0-0	prazdnik-dlya-vseh.ru	0.000008	1	0	0
14051	2712442096-672032183-0-0	forums.airbase.ru	0.000493	1	0	0
11865	24111355-1291364-0-0	readmanga.io	0.000008	1	0	0
14051	2129643511-896747705-0-0	torrent-profi.org	0.000653	1	1	0
11858	1801033-247350-0-0	mangalib.me	0.000008	1	0	0
13252	14312-0	kaliningrad.hh.ru	0.000008	1	0	0
11777	15740-1830926-0-Gold^20and^20Goblins:^20Idle^20Merger^20&^20Mi	com.redcell.goldandgoblins	0.00059	1	0	0
12507	65101275-576513-0-0	v1.ru	0.000008	1	0	0
13252	7219-0	ria.ru	0.000008	1	0	0
11864	941157-244054-0-0	magadanmedia.ru	0.000008	1	0	0
11777	15740-kw0n9sh6sl-0-Paradise^20Jewel	com.ynsgames.aos.paradisejewel	0.000493	1	0	0
11865	69816178-567788-0-0	vyazhy.ru	0.000008	1	0	0
11865	56554282-383122-0-0	selskoehozjajstvo.ru	0.000008	1	0	0
12507	93721351-983592-0-0	mensby.com	0.000072	1	0	0
12507	8153363-187978-0-0	foodandhealth-ru.turbopages.org	0.000008	2	0	0
13001	a186cbb009abed20ab216cd69ec8a95b-90bca3db1dba8f758	ru.involta.metro	0.000765	1	1	0
14051	15740-3832916741-0-BeautyPlus^20-^20Best^20Selfie^20Cam^20&^20	com.commsource.beautyplus	0.000493	1	0	0
8663	10-844-0-0	indi1.top	0.000008	2	0	0
11909	4140396-623836-0-0	m.newkaliningrad.ru	0.000008	2	0	0
12507	31979275-778749-0-0	rogaine-spb.ru	0.000008	1	0	0
11864	3679764-130886-0-0	4stor.ru	0.000008	1	0	0
11904	3849512-125905-0-0	www.liveinternet.ru	0.000008	1	0	0
11857	51468706-330066-0-0	m.vz.ru	0.000008	2	0	0
13001	cdf388bbec791320a42479d370f16ab0-cdf388bbec791320a	thrones-online.com	0.000984	1	0	0
12507	2412782-419506-0-0	www.avito.ru	0.000008	10	0	0
11777	8766-19589-0-seriahd.tv	seriahd.tv	0.00059	8	0	0
12507	91083793-1238391-0-0	ru.jobsora.com	0.000008	1	0	0
14051	15740-3827897198-0-Likee^20Lite^20-^20Let^20You^20Shine	video.like.lite	0.000493	7	0	0
11905	48875109-1227274-0-0	990x.top	0.000008	1	0	0
8592	6d4e33980ff0d340926898fa68e2f0cf-ac0cfa0dfcc0909ac	www.hobobo.ru	0.000072	1	0	0
14139	15737-576542-0-profile.ru	profile.ru	0.000072	1	0	0
11905	4482117-129967-0-0	aftershock.news	0.000008	1	0	0
12507	69492613-475158-0-0	m.dp.ru	0.000008	1	0	0
12507	3620199-326432-0-0	komiinform.ru	0.000008	1	0	0
12176	8083-0	com.ibragunduz.applockpro	0.000493	4	0	0
12176	8083-0	com.openmygame.games.android.wordpizza	0.00059	2	0	0
14051	174409769-1709168394-0-0	hotplayer.ru	0.000493	1	0	0
11905	2112549-91685-0-0	rmnt.mirtesen.ru	0.000008	2	0	0
11857	31734734-354099-0-0	m.tabor.ru	0.000008	1	0	0
11904	82862297-566205-0-0	hiterbober.ru	0.000008	2	0	0
12507	1606471-185733-0-0	trubanet-ru.turbopages.org	0.000008	1	0	0
11857	65101275-447162-0-0	www.fontanka.ru	0.000008	5	0	0
11865	4342450-263322-0-0	topcor.ru	0.000008	1	0	0
12507	915412-108160-0-0	1prime-ru.turbopages.org	0.000008	1	0	0
11777	8881-576810-0-amedia.online	amedia.online	0.00059	7	0	0
14051	2735233274-771735733-0-0	travelask.ru	0.000493	1	0	0
11777	15740-1645178-0-imo^20beta^20free^20calls^20and^20text	com.imo.android.imoimbeta	0.000493	13	0	0
14051	3c1012fa5deecb8a8145d87ad1b3854b-1593005181-0-Ball	com.gma.ball.sort.puzzle	0.000493	1	0	0
14056	0-216200-0-0	you-anime.ru	0.000072	1	0	0
11857	69023754-472787-0-0	www.realtymag.ru	0.000008	1	0	0
13001	c432c10681e6e7631dd88fa1b4e5d67b-e700d661e9f81ed1a	maska-show.ru	0.000493	1	0	0
11865	6438395-248298-0-0	youla.ru	0.000008	1	0	0
11868	91864171-705182-0-0	smotrim.ru	0.000008	2	0	0
11904	54429292-342057-0-0	itzine.ru	0.000008	1	0	0
11864	5221418-645408-0-0	ekaterina-alexeeva.ru	0.000008	1	0	0
11865	16906968-209742-0-0	housechief.ru	0.000008	1	0	0
11791	10-844-0-0	polzabiog.ru	0.000008	1	0	0
13251	14978-0	www.futbin.com	0.000008	4	0	0
14051	1254305549-3099007808-0-0	nanoreview.net	0.000493	1	0	0
11777	15740-fcttlzq88r-0-Dangerous^20Fellows^20-^20Romantic^20Th	com.lucydream.dangerousfellows	0.000493	1	0	0
11909	2112549-91685-0-0	patriot-su-rf.mirtesen.ru	0.000008	2	0	0
14051	15740-291386472-0-Clockmaker^20-^20amazing^20match^203	com.belkatechnologies.clockmaker	0.000493	1	0	0
14051	15740-3679500241-0-Makeover^20Master:^20Home^20Design^20&^20	com.digitalkingdom.makeover	0.000493	1	0	0
11904	2109366-349221-0-0	sims-market.ru	0.000008	1	0	0
12176	15497-0	ctc.ru	0.00059	4	0	0
11777	15740-1717862-0-Slots™^20-^20Classic^20Slots^20Las^20Vegas	com.zentertain.classicvegasslots	0.000493	1	0	0
12512	51898059-1212039-0-0	doramy.top	0.000008	2	0	0
11860	2112549-91685-0-0	mt.argumenti.ru	0.000008	1	0	0
14051	2712442096-672032183-0-0	nourrlture.ru	0.000493	1	0	0
11865	61657907-412959-0-0	www.spletnik.ru	0.000008	1	0	0
11909	61657907-412959-0-0	m.spletnik.ru	0.000008	1	0	0
11904	5350121-136704-0-0	football.kulichki.net	0.000008	1	0	0
10009	10-844-0-0	www.cqham.ru	0.000008	1	0	0
12507	8240866-155688-0-0	belnovosti-by.turbopages.org	0.000008	1	0	0
12507	34915964-244880-0-0	graziamagazine-ru.turbopages.org	0.000008	1	0	0
13001	c432c10681e6e7631dd88fa1b4e5d67b-e700d661e9f81ed1a	domoxozyajki.ru	0.000493	1	0	0
14051	fa690b06b57e11662924ee737fd4c906-521540804-0-imo^20f	com.imo.android.imoim	0.000493	6	0	0
12507	3918140-987759-0-0	sims3pack.ru	0.000008	1	0	0
11904	464493-111364-0-0	www.mamba.ru	0.000008	1	0	0
14051	2712442096-672032183-0-0	bonus.gb1t.ru	0.000493	1	0	0
11858	32399771-263003-0-0	gusiyabloni.com	0.000008	1	0	0
8623	42565-624549-0-0	sotoguide.ru	0.000413	1	0	0
12507	7651327-247731-0-0	data--vyhoda-com.turbopages.org	0.000008	1	0	0
11864	6438395-147025-0-0	my.mail.ru	0.000072	1	0	0
9012	42666-624602-0-0	turkru.tv	0.000061	3	0	0
14051	1007368844-862310221-0-0	4ege.ru	0.000493	1	0	0
11868	2292871-100441-0-0	www.infpol.ru	0.000008	1	0	0
14051	2129643511-896747705-0-0	torrent-profi.org	0.000493	1	0	0
8623	42565-622195-0-0	www.afanasy.biz	0.000413	1	0	0
13001	bfld062ac88i0cq3hkhg-bfld0hqac88i0cq3hki0-0-0	hdseria.pw	0.001482	1	1	0
12176	18537-0	m.mashina.kg	0.000493	1	0	0
12507	94848661-1268895-0-0	povar-ru.turbopages.org	0.000008	1	0	0
11858	38661274-725731-0-0	mir-knigi.net	0.000008	1	0	0
12507	50317608-382923-0-0	tulapressa-ru.turbopages.org	0.000008	1	0	0
11864	6438395-142108-0-0	e.mail.ru	0.000008	4	0	0
12507	74526880-541957-0-0	fishki-net.turbopages.org	0.000008	1	0	0
14051	2712442096-672032183-0-0	getjump.github.io	0.000493	3	0	0
12507	72896180-498580-0-0	www.babyplan.ru	0.000008	2	0	0
14051	2712442096-672032183-0-0	cars-rating.ru	0.000493	4	0	0
11909	25583872-542173-0-0	cabel-set.ru	0.000008	1	0	0
11858	7499692-148265-0-0	m.soccer.ru	0.000008	1	0	0
12507	1932193-96375-0-0	ivanovo.spravker.ru	0.000008	1	0	0
11857	36493473-331129-0-0	primpress.ru	0.000008	3	0	0
11909	2112549-91685-0-0	druzzya.mirtesen.ru	0.000008	1	0	0
11868	34408360-242635-0-0	biography.wikireading.ru	0.000072	1	0	0
13252	2391-0	www.cosmo.ru	0.000008	1	0	0
11908	91864171-705183-0-0	www.filmpro.ru	0.000008	1	0	0
13252	12517-0	www.vokrug.tv	0.000008	1	0	0
11909	1960522-271063-0-0	role-me.ru	0.000072	1	0	0
14051	3274576156-4190608258-0-0	w2g.tv	0.000493	1	0	0
11858	53838711-339155-0-0	gameguru.ru	0.000008	2	0	0
11777	8766-19589-0-kadikama.ru	kadikama.ru	0.00059	4	0	0
11909	53838711-339155-0-0	gameguru.ru	0.000008	1	0	0
8695	fc25796c-7d55-475a-a272-a90d7604e93b-603049-0-0	ad-online.lordfilms-s.biz	0.000432	1	0	0
9866	0-216200-0-0	m.7days.ru	0.000072	3	0	0
12507	498578-196262-0-0	kp-ru.turbopages.org	0.000008	2	0	0
12507	93584132-938732-0-0	wer-ru.turbopages.org	0.000008	1	0	0
12507	91483064-675473-0-0	www.tomat-pomidor.com	0.000008	2	0	0
12176	7579-0	id336435697	0.000493	2	0	0
11909	453888-57758-0-0	droidnews-ru.turbopages.org	0.000008	1	0	0
12176	15672-0	ren.tv	0.000493	1	0	0
11904	61554-32340-0-0	novate.ru	0.000008	1	0	0
11909	91114828-653308-0-0	cyberleninka.ru	0.000008	2	0	0
12512	3293020-129405-0-0	www.cosmo.ru	0.000008	2	0	0
14051	2712442096-672032183-0-0	womansland.ru	0.000493	1	0	0
11858	91122342-653694-0-0	fanat1k.ru	0.000008	1	0	0
11865	70909276-484763-0-0	petrozavodsk.rasprodaga.ru	0.000008	1	0	0
12507	4684670-155160-0-0	ogorod-ru.turbopages.org	0.000008	1	0	0
12507	69891566-602765-0-0	udipedia-live.ru	0.000008	1	0	0
9864	0-216200-0-0	www.eg.ru	0.000072	1	0	0
12507	7797099-151523-0-0	inpot.ru	0.000008	1	0	0
13252	10255-0	www.kommersant.ru	0.000008	1	0	0
11860	2112549-91685-0-0	mirvkotorommyzivem.mirtesen.ru	0.000008	1	0	0
11904	87276007-592219-0-0	www.mk.ru	0.000072	2	0	0
14051	3c1012fa5deecb8a8145d87ad1b3854b-621225243-0-Cooki	com.cooking.family.diary.fever.food.city.craze.dream.kitchen.frenzy	0.000493	1	0	0
14051	2730780382-1436052561-0-0	korfiati.ru	0.000493	1	0	0
11904	32781733-221907-0-0	krim.move.ru	0.000008	1	0	0
14051	15740-1114781213-0-Marble^20Mission	com.mobirix.zumaking2	0.000493	1	0	0
11865	87906070-600626-0-0	askonline.ru	0.000008	1	0	0
12507	1322075-70350-0-0	fb-ru.turbopages.org	0.000008	1	0	0
12507	7016944-186011-0-0	moneybrain.ru	0.000008	1	0	0
12507	87338212-592798-0-0	polspec-com.turbopages.org	0.000008	1	0	0
11858	92159136-717302-0-0	minnow.ru	0.000008	3	0	0
11868	3090793-147280-0-0	pravoved.ru	0.000008	3	0	0
11857	16951930-184419-0-0	kitchendecorium.ru	0.000072	1	0	0
14051	3c1012fa5deecb8a8145d87ad1b3854b-2536912275-0-Cody	com.fanatee.cody	0.000493	1	0	0
9864	0-216200-0-0	m.7days.ru	0.000072	1	0	0
11865	897669-460527-0-0	pikabu.ru	0.000008	1	0	0
11909	6734741-142545-0-0	www.drive2.ru	0.000008	1	0	0
14051	1805220620-3943747893-0-0	znum.ru	0.000493	1	0	0
8623	42565-624365-0-0	aznaetelivy.ru	0.000413	1	0	0
11905	2112549-91685-0-0	mirtesen.ru	0.000008	7	0	0
13001	a186cbb009abed20ab216cd69ec8a95b-afd4bded45a9e4427	com.ovechkinmaxim.vegetarianrecipes	0.000493	1	0	0
11865	91411553-671414-0-0	intrigue.dating	0.000008	2	0	0
11904	78307303-541125-0-0	mangapoisk.ru	0.000072	1	0	0
11858	61554-32340-0-0	novate.ru	0.000008	1	0	0
11909	1846547-279756-0-0	stroykrishu.ru	0.000008	1	0	0
12509	65949452-515704-0-0	teleprogramma.pro	0.000008	2	0	0
12507	35483991-589725-0-0	grizli.club	0.000008	1	0	0
11777	15740-uefqxgi5bp-0-Towerlands^20-^20strategy^20of^20tower^20	mobi.blackbears.towerlands	0.000493	1	0	0
12507	61657907-412959-0-0	spletnik.ru	0.000008	1	0	0
13265	17878-0	pikabu.ru	0.000008	1	0	0
14051	15740-337717849-0-Farm^20Journey^20-^20Tripeaks^20Solitair	solitaire.tripeaks.farm.free.card.games.grand.harvest.garden	0.000493	1	0	0
11868	93683367-979907-0-0	aktnews.ru	0.000008	1	0	0
11777	15740-vgbrtdfcje-0-EMMO-^20Emoji^20Merge^20Game	com.zebrafun.emmo	0.000493	1	0	0
12507	91624402-706089-0-0	blitz.plus	0.000008	4	0	0
12512	24111355-1291364-0-0	readmanga.io	0.000008	2	0	0
14051	15740-2899343088-0-Charm^20King	net.playq.charmking	0.000493	1	0	0
11864	4482117-129967-0-0	aftershock.news	0.000008	1	0	0
12507	8379705-159020-0-0	smart-lab.ru	0.000008	1	0	0
12507	1374984-732752-0-0	sprashivalka.com	0.000008	2	0	0
14051	2807743741-2184324946-0-0	merojax.me	0.000493	1	0	0
12507	33530085-232061-0-0	nn.cian.ru	0.000008	1	0	0
14051	286118318-2082276205-0-0	msfree.ru	0.000493	1	0	0
12507	2103170-497885-0-0	dni24-com.turbopages.org	0.000008	1	0	0
14051	2712442096-672032183-0-0	www.vc-lokomotiv.com	0.000493	3	0	0
13001	bfld062ac88i0cq3hkhg-bfld0hqac88i0cq3hki0-0-0	zetfliks.vip	0.001482	2	2	0
11909	41934011-272783-0-0	thebell.io	0.000008	1	0	0
12507	87276007-606542-0-0	mk-ru.turbopages.org	0.000008	1	0	0
11858	2412782-419506-0-0	www.avito.ru	0.000008	46	0	0
12507	5944285-618764-0-0	womantell.ru	0.000008	1	0	0
11864	1846658-127884-0-0	dota2.ru	0.000008	1	0	0
14051	2730780382-3030304215-0-0	jut-su.net	0.000493	2	0	0
12507	90720690-643887-0-0	mir-knig.com	0.000008	6	0	0
11905	35539312-353452-0-0	geo.1sept.ru	0.000008	1	0	0
14051	2712442096-672032183-0-0	wow.17173.com	0.000493	2	0	0
12507	38661274-281904-0-0	tengrinews.kz	0.000008	1	0	0
11864	3849096-126345-0-0	www.gorodche.ru	0.000008	2	0	0
11858	951248-127611-0-0	ru.infox.sg	0.000008	1	0	0
12507	6727102-142542-0-0	v-kosmose.com	0.000008	2	0	0
12507	33530085-232061-0-0	kaluga.cian.ru	0.000008	2	0	0
12507	1140611-114280-0-0	sdelaysam--svoimirukami-ru.turbopages.org	0.000008	2	0	0
11909	56663774-602227-0-0	m.7days.ru	0.000008	1	0	0
13252	124-0	ru.flightaware.com	0.000008	1	0	0
11865	1945809-266974-0-0	healthperfect.ru	0.000008	1	0	0
12507	1093597-153873-0-0	alternathistory.com	0.000008	1	0	0
12176	15672-0	ctc.ru	0.00059	2	0	0
11909	24063418-190744-0-0	vplate.ru	0.000008	1	0	0
11857	1560494-670776-0-0	mail.rambler.ru	0.000008	1	0	0
14051	15740-2966922265-0-CodyCross:^20Crossword^20Puzzles	com.fanatee.cody	0.000493	1	0	0
12507	31023497-255643-0-0	zachestnyibiznes-ru.turbopages.org	0.000008	1	0	0
12507	2103170-226960-0-0	actualnews-org.turbopages.org	0.000008	1	0	0
11865	88690383-611984-0-0	jaomix.ru	0.000008	1	0	0
13266	1-0	jut.su	0.000072	1	0	0
11857	1710420-559721-0-0	sudba-cheloveka.ru	0.000072	1	0	0
14051	1254305549-3099007808-0-0	imgbin.com	0.000493	1	0	0
12160	0-1347971185792050-0-0	hyperione.com	0.000007	1	0	0
14051	2730780382-2870499864-0-0	portalvirtualreality.ru	0.000493	1	0	0
10049	10-844-0-0	www.pathclub.ru	0.000008	2	0	0
11857	24142277-191235-0-0	vyatka-grad.ru	0.000008	1	0	0
13249	12517-0	www.ntv.ru	0.000008	2	0	0
12176	8083-0	free.zaycev.net	0.000493	1	0	0
11868	51898059-1251230-0-0	kogda-vykhodit.ru	0.000008	1	0	0
13265	20843-0	www.mk.ru	0.000072	1	0	0
14051	15740-1235906742-0-Solitaire^20Cruise:^20Classic^20Tripe	com.belkagames.solitaire	0.000493	1	0	0
14051	15740-4095529491-0-2048^20Cube^20Winner—Aim^20To^20Win^20D	com.merge.cube.winner	0.000493	4	0	0
11865	89459135-727975-0-0	rosavto-spb.ru	0.000008	1	0	0
14051	3c1012fa5deecb8a8145d87ad1b3854b-3358222566-0-Make	com.digitalkingdom.makeover	0.000493	2	0	0
14051	15740-3244578536-0-2048^20Cube^20Winner—Aim^20To^20Win^20D	com.merge.cube.winner	0.000493	1	0	0
11777	15740-1809938-0-Clockmaker:^20Match^203^20Games!^20Three^20i	com.belkatechnologies.clockmaker	0.000493	1	0	0
14057	44057-620855-0-0	elderscrolls.fandom.com	0.000072	1	0	0
14051	15740-1618902351-0-Crazy^20Chef:^20Fast^20Restaurant^20Coo	com.casualjoygames.cooking.kitchen	0.000493	1	0	0
11909	1126407-122161-0-0	avtoexperts.ru	0.000008	1	0	0
12507	52017091-388215-0-0	www.domkino.tv	0.000072	1	0	0
11777	8766-19589-0-mega-mult.ru	mega-mult.ru	0.00059	2	0	0
11904	498578-26254-0-0	www.msk.kp.ru	0.000008	1	0	0
12507	8381155-722011-0-0	mag-103-by.turbopages.org	0.000008	1	0	0
12507	2172096-752040-0-0	calcus.ru	0.000008	1	0	0
12507	36493473-331129-0-0	primpress.ru	0.000008	1	0	0
11904	49979845-325056-0-0	realty.interfax.ru	0.000072	1	0	0
11864	65101275-578374-0-0	helena309ok.www.nn.ru	0.000008	1	0	0
11858	87936520-601046-0-0	love.mail.ru	0.000008	1	0	0
11909	93836300-1210023-0-0	www.remotvet.ru	0.000008	1	0	0
8623	42565-622082-0-0	prav.io	0.000413	1	0	0
14051	3503391003-816109737-0-0	skam.online	0.000522	0	1	0
13001	c432c10681e6e7631dd88fa1b4e5d67b-e700d661e9f81ed1a	gubka-bob.ru	0.000493	1	0	0
11858	5608376-138894-0-0	es.lyrsense.com	0.000008	1	0	0
11857	31023497-255643-0-0	zachestnyibiznes.ru	0.000008	1	0	0
8663	10-844-0-0	www.dspdetal.ru	0.000008	2	0	0
12176	8083-0	com.marulgames.wordsurf	0.000493	2	0	0
14051	15740-2907155074-0-Sonic^20Dash^202:^20Sonic^20Boom	com.sega.sonicboomandroid	0.000493	1	0	0
11909	6078256-142910-0-0	infoniac-ru.turbopages.org	0.000008	3	0	0
11777	15740-1718222-0-My^20Home^20-^20Design^20Dreams	1413668881	0.000493	1	0	0
8623	42565-622518-0-0	knigkindom.ru	0.000413	4	0	0
14051	3c1012fa5deecb8a8145d87ad1b3854b-3843690572-0-Dang	com.lucydream.dangerousfellows	0.000493	1	0	0
11860	2112549-91685-0-0	mirtesen.ru	0.000008	1	0	0
12507	32906194-223432-0-0	1000inf-ru.turbopages.org	0.000008	1	0	0
11904	3918140-987759-0-0	sims3pack.ru	0.000008	1	0	0
11909	66624545-667108-0-0	kozhainfo.ru	0.000008	1	0	0
12507	36493473-331594-0-0	konkurent.ru	0.000008	1	0	0
11857	16951930-184419-0-0	kitchendecorium.ru	0.000008	1	0	0
12507	3293020-129405-0-0	cosmo-ru.turbopages.org	0.000008	4	0	0
14051	15740-4188408994-0-Ball^20Sort^20Puzzle	com.gma.ball.sort.puzzle	0.000493	1	0	0
12507	4752014-510924-0-0	vkreditbe-ru.turbopages.org	0.000008	1	0	0
14056	0-219659-0-0	teleprogramma.pro	0.000072	1	0	0
11905	426064-26708-0-0	www.gotovim.ru	0.000008	1	0	0
11865	3917203-342132-0-0	lucheeotoplenie.ru	0.000008	1	0	0
11868	441536-99196-0-0	fapl.ru	0.000008	1	0	0
12509	73222433-496671-0-0	leprosorium.d3.ru	0.000008	1	0	0
12509	65949452-989182-0-0	infourok.ru	0.000008	1	0	0
13251	10591-0	t.17track.net	0.000008	1	0	0
12176	54-0	prnt.sc	0.000493	1	0	0
11857	1560494-348664-0-0	lenta-ru.turbopages.org	0.000008	2	0	0
11868	3393230-284635-0-0	sovremennoedomovodstvo.ru	0.000072	1	0	0
12416	0-27991-0-0	analnoe-porno.xyz	0.000493	1	0	0
11909	94093374-1211499-0-0	domibit.ru	0.000008	1	0	0
11791	10-844-0-0	indi1.top	0.000008	1	0	0
12416	0-4099-0-0	-	0.000493	3	0	0
11777	15740-1925861-0-ASMR^20Tippy^20Toe	com.krakerstudio.iheelgood	0.000493	1	0	0
11858	65101275-578374-0-0	www.nn.ru	0.000008	1	0	0
12507	75744488-670007-0-0	geopressa.ru	0.000008	1	0	0
14051	2712442096-672032183-0-0	free-otvet.ru	0.000493	2	0	0
11791	10-844-0-0	www.pathclub.ru	0.000008	3	0	0
13001	c432c10681e6e7631dd88fa1b4e5d67b-e700d661e9f81ed1a	hd-1.videobox.cx	0.000493	2	0	0
14051	15740-1346310501-0-imo^20free^20video^20calls^20and^20chat	com.imo.android.imoim	0.000493	77	0	0
12507	7132534-953528-0-0	planirovkamaster-ru.turbopages.org	0.000008	1	0	0
11909	90720690-643887-0-0	mir-knig.com	0.000008	1	0	0
12507	33530085-232061-0-0	kursk.cian.ru	0.000008	1	0	0
11857	24111355-1291364-0-0	readmanga.io	0.000008	1	0	0
12512	7295714-188279-0-0	russian.rt.com	0.000008	1	0	0
13001	a186cbb009abed20ab216cd69ec8a95b-5d4f1d16d7445c244	org.rastacat.neverehaveiever	0.000493	1	0	0
11865	36340255-628034-0-0	zte-spb-repair.ru	0.000008	1	0	0
8623	42565-624324-0-0	citaty.info	0.000413	1	0	0
11858	67021263-460017-0-0	lifedd.ru	0.000008	1	0	0
12512	92576835-1250390-0-0	opasrenometr.gq	0.000008	1	0	0
12509	65949452-563305-0-0	www.kp.ru	0.000008	1	0	0
12507	48356093-295022-0-0	mr--build-ru.turbopages.org	0.000008	1	0	0
12507	41296583-479805-0-0	stroyday.ru	0.000008	1	0	0
12507	75879660-563776-0-0	pol-master.com	0.000008	1	0	0
11909	6438395-353887-0-0	otvet.mail.ru	0.000008	1	0	0
11858	7490678-322588-0-0	ontvtime.tv	0.000008	1	0	0
11868	92928962-752036-0-0	animego.org	0.000072	1	0	0
12507	2050914-567266-0-0	www.tourprom.ru	0.000008	1	0	0
12176	2505-0	merc.zone	0.000617	0	1	0
12507	5432817-882401-0-0	anatom-mgmsu.ru	0.000008	1	0	0
12507	25342010-276266-0-0	life-v.ru	0.000008	1	0	0
10208	21fee56a7508a045067e16181bb7cc2c-e4a26f930c0db018d	animeonline.cc	0.000072	1	0	0
11864	56953682-478194-0-0	www.inmyroom.ru	0.000008	1	0	0
11791	b2ebca6eba370ba3ec81c0c930b1fa58-74ef8f6271052b3d1	filmplace.ru	0.000072	1	0	0
12507	31446184-207708-0-0	www.26-2.ru	0.000008	1	0	0
14051	1304178442-62068351-0-0	medic01.ru	0.000493	1	0	0
12507	33530085-232061-0-0	rostov.cian.ru	0.000008	1	0	0
10208	b2ebca6eba370ba3ec81c0c930b1fa58-e51f82ea9d9d1a62d	turkcinema.org	0.000072	1	0	0
14051	2712442096-672032183-0-0	www.pathclub.ru	0.000493	2	0	0
14051	15740-2073899577-0-Toss^20Diamond^20Hoop	com.basketball.diamond.hoop	0.000493	1	0	0
14051	2730780382-3152134974-0-0	bbf.ru	0.000493	2	0	0
11868	18373836-407993-0-0	www.u-mama.ru	0.000008	1	0	0
14051	3829146956-817275586-0-0	ad-online.lordfilms-s.biz	0.000493	1	0	0
11777	15740-1961498-0-Supreme^20Duelist^20Stickman	com.neurononfire.supremeduelist	0.000493	1	0	0
12507	58690332-396860-0-0	datavyhoda.ru	0.000008	1	0	0
11909	65443695-449419-0-0	www.ok-magazine.ru	0.000008	1	0	0
12507	3293020-129405-0-0	www.cosmo.ru	0.000008	1	0	0
11868	509780-660426-0-0	v102.ru	0.000008	1	0	0
11865	410659-1400-0-0	www.f1news.ru	0.000008	1	0	0
11858	1381191-61633-0-0	www.predskazanie.ru	0.000008	1	0	0
12513	1431309-188212-0-0	fbm.ru	0.000072	1	0	0
13001	d8f5b86ec12e9b4a418838c167d28c13-23834275cf6a3e9b0	film36.zogonka.org	0.000493	1	0	0
14051	15740-1715521261-0-YouCam^20Perfect^20-^20Best^20Photo^20Edi	com.cyberlink.youperfect	0.000493	1	0	0
14051	15740-3370573714-0-Towerlands^20-^20strategy^20of^20tower^20	mobi.blackbears.towerlands	0.000493	1	0	0
11909	56663774-993690-0-0	ctnews.ru	0.000008	1	0	0
12507	11648129-176547-0-0	iklife.ru	0.000008	1	0	0
11857	41724942-333441-0-0	libcat.ru	0.000008	1	0	0
8623	42565-623721-0-0	vrgames.by	0.000413	1	0	0
11857	39305963-263262-0-0	vse-posobia.ru	0.000008	1	0	0
11857	7687782-448212-0-0	profile.ru	0.000072	1	0	0
12512	87277895-592385-0-0	alpagama.org	0.000008	1	0	0
14051	2807743741-2184324946-0-0	quizdiva.net	0.000493	1	0	0
11777	15740-1810756-0-Tiles^20Hop:^20EDM^20Rush!	com.amanotes.beathopper	0.000493	3	0	0
11864	1244907-2197-0-0	www.amalgama-lab.com	0.000008	1	0	0
14051	15740-1805829939-0-Nox^20Cleaner^20-^20Booster,^20Optimize	com.noxgroup.app.cleaner	0.000493	1	0	0
12507	7773941-201151-0-0	vanilla.su	0.000008	1	0	0
14051	2712442096-672032183-0-0	www.gunza.ru	0.000493	1	0	0
11857	54689608-349697-0-0	design-homes.ru	0.000008	1	0	0
11905	4862158-284603-0-0	juicep.ru	0.000008	1	0	0
11791	10-844-0-0	avtozreda.ru	0.000008	1	0	0
11909	93261812-810117-0-0	doramalive.ru	0.000008	1	0	0
11865	54817670-382757-0-0	jokeru.ru	0.000008	1	0	0
11904	8087524-438288-0-0	shikimori.one	0.000008	1	0	0
12509	3090793-147280-0-0	pravoved.ru	0.000008	1	0	0
11857	51526388-159406-0-0	www.stranamam.ru	0.000008	1	0	0
12509	65231824-468954-0-0	nayablone.ru	0.000008	1	0	0
12507	49988489-455267-0-0	wuxiaworld.ru	0.000072	1	0	0
10009	10-3246-0-0	pricoliska.ru	0.000008	2	0	0
13265	1-0	www.glaz.tv	0.000072	1	0	0
12507	92194168-719022-0-0	alkomen-ru.turbopages.org	0.000008	1	0	0
14056	0-216200-0-0	101.ru	0.000072	2	0	0
12507	50363257-327452-0-0	m.beboo.ru	0.000008	1	0	0
11857	92519834-1268160-0-0	mp3uk.net	0.000008	1	0	0
11909	65231824-468954-0-0	nayablone.ru	0.000008	1	0	0
11905	32499833-218865-0-0	zooya.ru	0.000008	1	0	0
14051	15740-654569403-0-imo^20beta^20free^20calls^20and^20text	com.imo.android.imoimbeta	0.000493	1	0	0
14051	2712442096-672032183-0-0	lostapp.ru	0.000493	1	0	0
12176	8083-0	com.openmygame.games.android.wordsearchsea	0.00059	1	0	0
11860	5706550-281826-0-0	ren.tv	0.000072	1	0	0
11857	3090793-147280-0-0	pravoved.ru	0.000008	1	0	0
12507	33397807-242671-0-0	tsargrad-tv.turbopages.org	0.000008	1	0	0
12507	2097243-748947-0-0	landofgames.ru	0.000008	1	0	0
11857	92519834-734981-0-0	lightaudio.ru	0.000008	1	0	0
11777	15740-1708038-0-Likee^20-^20Let^20You^20Shine	1251790681	0.000493	2	0	0
11864	75907078-916410-0-0	fotostrana.ru	0.000008	1	0	0
11777	15740-1835275-0-Draw^20Hero^203D:^20Drawing^20Puzzle^20Game	com.draw.hero	0.000493	1	0	0
12507	824402-44182-0-0	koolinar-ru.turbopages.org	0.000008	1	0	0
13251	1-0	kitchendecorium.ru	0.000072	1	0	0
13001	c432c10681e6e7631dd88fa1b4e5d67b-e700d661e9f81ed1a	hd.kinotazz.xyz	0.000493	1	0	0
14051	2730780382-2042320474-0-0	fightnews.info	0.000493	3	0	0
11909	60354029-572111-0-0	sashakustov.ru	0.000008	1	0	0
11857	63615999-591141-0-0	planken-guru.turbopages.org	0.000008	1	0	0
11904	46431776-287922-0-0	joyreactor.cc	0.000008	1	0	0
11904	1366953-150155-0-0	korolev.spravkus.com	0.000008	1	0	0
12507	93335226-830873-0-0	www.eg.ru	0.000008	1	0	0
11858	457774-12709-0-0	www.min2win.ru	0.000008	1	0	0
14051	3274576156-4190608258-0-0	www.dexerto.com	0.000493	1	0	0
14051	15740-538614714-0-Woodoku	com.tripledot.woodoku	0.000493	1	0	0
12176	7288-0	play.famobi.com	0.000493	1	0	0
14051	15740-772758815-0-Go^20Escape!	com.custom.goescape	0.000493	1	0	0
14051	15740-1054793805-0-Sushi^20Roll^203D^20-^20ASMR^20Food^20Game	1538288955	0.000493	1	0	0
11868	71813031-545728-0-0	www.gismeteo.ru	0.000008	1	0	0
14051	15740-2397367963-0-ASKfm^20-^20ASK.CHAT.REPEAT.^20Anonym	com.askfm	0.000493	1	0	0
12507	91624402-735164-0-0	day.ru	0.000008	1	0	0
14051	2712442096-672032183-0-0	www.pchelovod.info	0.000493	2	0	0
11909	24063418-190745-0-0	o-krohe.ru	0.000008	1	0	0
12507	441536-99196-0-0	fapl.ru	0.000008	1	0	0
11860	92686662-744000-0-0	starimpex.ru	0.000008	1	0	0
13001	34ae2634b90ab343b04137b8674fb378-34ae2634b90ab343b	www.sunhome.ru	0.00059	1	0	0
14051	2712442096-672032183-0-0	imperialnews.org	0.000493	7	0	0
11857	33245886-227514-0-0	msk.alloy.ru	0.000008	1	0	0
12507	33245886-227514-0-0	msk.alloy.ru	0.000008	1	0	0
12507	503611-30324-0-0	nn.blizko.ru	0.000008	1	0	0
11868	1728009-162266-0-0	www.1tv.ru	0.000008	1	0	0
11865	7132534-883386-0-0	dacha73.ru	0.000008	1	0	0
12507	82591801-562351-0-0	citydog.by	0.000008	1	0	0
12507	32657900-220340-0-0	iz-ru.turbopages.org	0.000008	1	0	0
11865	36003597-404832-0-0	kakoy-smysl.ru	0.000008	1	0	0
12509	4140396-623836-0-0	m.newkaliningrad.ru	0.000008	1	0	0
13001	a87990006a5938d7eb2181eebfa45499-d5c52d13cb2f1a670	w126.zona.plus	0.000493	4	0	0
