BidCostStat	2.5
2021-11-12
11865	51898059-1273906-0-0	remont-book.com	0.000008	1	0	0
11868	87276007-592220-0-0	www.avtovzglyad.ru	0.000008	1	0	0
11905	30415581-195397-0-0	ufa.flagma.ru	0.000008	1	0	0
11865	93546534-919816-0-0	om-saratov.ru	0.000008	1	0	0
11904	7335788-185705-0-0	news-front.info	0.000008	1	0	0
11909	3293020-129367-0-0	www.popmech.ru	0.000008	1	0	0
11865	90311025-636327-0-0	design-bathroom.ru	0.000008	1	0	0
12507	93599099-944073-0-0	deti-online.com	0.000074	1	0	0
11858	1432019-400402-0-0	www.glaz.tv	0.000074	1	0	0
11865	2412782-419506-0-0	www.avito.ru	0.000001	1	0	0
11909	73726211-501531-0-0	vesti-lipetsk.ru	0.000008	1	0	0
12507	91774534-698991-0-0	burforum-ru.turbopages.org	0.000008	1	0	0
12507	78925847-648158-0-0	top1000vk.com	0.000008	1	0	0
11905	1097886-478492-0-0	tovar2.ru	0.000008	2	0	0
11857	1560494-670776-0-0	mail.rambler.ru	0.000008	1	0	0
11909	1980353-85287-0-0	cskanews.com	0.000008	1	0	0
11864	31446184-704553-0-0	www.buhsoft.ru	0.000008	1	0	0
12507	3223322-490664-0-0	tehno--gid-net.turbopages.org	0.000008	1	0	0
12507	8381155-721597-0-0	sb-by.turbopages.org	0.000008	1	0	0
11868	56663774-593163-0-0	ktv-ray.ru	0.000008	1	0	0
9866	0-216200-0-0	m.7days.ru	0.000074	1	0	0
11864	65101275-578374-0-0	www.nn.ru	0.000007	1	0	0
12512	71813031-490450-0-0	www.gismeteo.ru	0.000008	1	0	0
11865	54817670-1318080-0-0	jokeru.ru	0.000008	1	0	0
11865	6438395-248298-0-0	youla.ru	0.000008	1	0	0
11857	53677838-430614-0-0	pokrasote.com	0.000008	1	0	0
11857	91411553-671414-0-0	intrigue.dating	0.000073	1	0	0
11909	498578-284388-0-0	www.kp.ru	0.000008	1	0	0
11858	71813031-490450-0-0	www.gismeteo.ru	0.000008	1	0	0
12507	38661274-637001-0-0	knigkindom.ru	0.000008	1	0	0
14139	15737-576542-0-mk.ru	www.mk.ru	0.000074	1	0	0
11865	1530249-1248256-0-0	dvizhka.ru	0.000008	1	0	0
11909	91114828-653308-0-0	cyberleninka.ru	0.000008	1	0	0
12507	24109265-241001-0-0	dekoriko.ru	0.000008	1	0	0
12507	7687782-448212-0-0	profile.ru	0.000004	1	0	0
11868	409773-197713-0-0	forum.otzyv.ru	0.000008	1	0	0
11909	90720690-643887-0-0	mir-knig.com	0.000004	1	0	0
12507	92107947-714905-0-0	tolknews-ru.turbopages.org	0.000008	1	0	0
11865	92519834-1266735-0-0	bib.fm	0.000008	1	0	0
12507	3971618-104570-0-0	electricvdome.ru	0.000008	1	0	0
11864	4100839-54830-0-0	www.newsler.ru	0.000003	1	0	0
11857	1560494-348687-0-0	legart-livejournal-com.turbopages.org	0.000008	1	0	0
12507	91072570-651429-0-0	kanobu-ru.turbopages.org	0.000008	1	0	0
9866	0-216200-0-0	nversia.ru	0.000074	1	0	0
11905	91380035-669450-0-0	posmotre.li	0.000008	1	0	0
11865	92519834-1339798-0-0	my.mp3ha.org	0.000008	1	0	0
12507	38661274-281904-0-0	tengrinews.kz	0.000008	1	0	0
12507	1743532-346553-0-0	bursin-ru.turbopages.org	0.000008	1	0	0
12509	31288308-214714-0-0	magya-online.ru	0.000008	1	0	0
11868	1560494-718748-0-0	www.livejournal.com	0.000074	1	0	0
12507	40022442-265695-0-0	naked--science-ru.turbopages.org	0.000008	1	0	0
12507	1412746-1258509-0-0	www.litmir.me	0.000008	1	0	0
12512	897795-259301-0-0	forum.ixbt.com	0.000008	1	0	0
12507	7797099-623497-0-0	inpot.ru	0.000008	1	0	0
14056	0-216200-0-0	doctorpiter.ru	0.000074	1	0	0
11864	65101275-576513-0-0	v1.ru	0.000003	1	0	0
11857	1130188-147152-0-0	www.labinsk.ru	0.000008	1	0	0
12513	2201422-209628-0-0	usatiki.ru	0.000003	1	0	0
12507	7417642-189039-0-0	gadalkindom.ru	0.000008	1	0	0
12507	73818243-504490-0-0	cxem.net	0.000008	1	0	0
11857	64297897-441824-0-0	spasibovsem-ru.turbopages.org	0.000008	2	0	0
9866	0-216200-0-0	www.tourprom.ru	0.000074	1	0	0
11860	71813031-490450-0-0	www.gismeteo.ru	0.000008	2	0	0
11864	1244907-2197-0-0	www.amalgama-lab.com	0.000001	1	0	0
11909	36493473-331129-0-0	primpress.ru	0.000074	3	0	0
12507	66810155-458492-0-0	24smi-org.turbopages.org	0.000008	1	0	0
11858	40879015-268596-0-0	naavtotrasse.ru	0.000008	2	0	0
12507	30572317-381078-0-0	building--ooo-ru.turbopages.org	0.000008	1	0	0
11864	61657907-412960-0-0	www.wonderzine.com	0.000008	1	0	0
12507	498578-196262-0-0	lipetsk-kp-ru.turbopages.org	0.000008	1	0	0
12513	92453275-732287-0-0	11novosti.ru	0.000008	2	0	0
11858	5012820-251856-0-0	torgovets.com	0.000008	1	0	0
11858	54689608-349697-0-0	design-homes.ru	0.000008	1	0	0
12507	65101275-447109-0-0	59-ru.turbopages.org	0.000008	1	0	0
12507	45324596-283885-0-0	bugaga-ru.turbopages.org	0.000008	1	0	0
11868	91864171-708690-0-0	www.vesti.ru	0.000074	3	0	0
12507	3281497-226986-0-0	sport--express-ru.turbopages.org	0.000008	1	0	0
11857	2960135-423316-0-0	primpress.ru	0.000008	1	0	0
11905	2112549-91685-0-0	kvartira.mirtesen.ru	0.000004	1	0	0
11905	2443167-451302-0-0	pokupkigoda.com	0.000008	1	0	0
11909	65101275-579434-0-0	www.elledecoration.ru	0.000008	1	0	0
11865	9577719-990556-0-0	vk-look.com	0.000008	1	0	0
11864	42813817-276165-0-0	www.znak.com	0.000008	1	0	0
11858	5350121-136704-0-0	football.kulichki.net	0.000008	1	0	0
11858	1560494-660797-0-0	mail.rambler.ru	0.000008	5	0	0
11904	1851489-1316542-0-0	pythoninfo.ru	0.000008	1	0	0
11865	1202504-981330-0-0	azbukaplavania.ru	0.000008	1	0	0
11909	3592481-124702-0-0	m.pddmaster.ru	0.000008	1	0	0
12507	488334-32874-0-0	medikforum-ru.turbopages.org	0.000008	2	0	0
11868	912305-47074-0-0	www.topnews.ru	0.000074	1	0	0
12507	36882225-275320-0-0	www.sunhome.ru	0.000008	1	0	0
11864	5350121-136704-0-0	football.kulichki.net	0.000008	1	0	0
11864	18373836-576995-0-0	online.anidub.com	0.000008	2	0	0
11865	494474-102843-0-0	otzovik.com	0.000008	2	0	0
11909	874982-46249-0-0	svpressa.ru	0.000008	2	0	0
11868	88121411-603877-0-0	glavnoe.net	0.000008	1	0	0
12507	54975295-401710-0-0	mysekret-ru.turbopages.org	0.000008	1	0	0
11905	1718328-141569-0-0	cont.ws	0.000008	1	0	0
11858	369305-1038-0-0	3dnews.ru	0.000008	1	0	0
11858	77022352-534983-0-0	tovievich.ru	0.000008	1	0	0
11865	1095170-433241-0-0	www.worldofmods.ru	0.000008	1	0	0
11865	5804892-188569-0-0	domsdelat.ru	0.000008	1	0	0
11909	73147933-495963-0-0	makeword.ru	0.000008	2	0	0
11909	68133542-467211-0-0	osnmedia-ru.turbopages.org	0.000008	1	0	0
12507	90484702-639714-0-0	csn--tv-ru.turbopages.org	0.000003	1	0	0
12512	4624495-130614-0-0	www.vazhno.ru	0.000008	2	0	0
11909	1386626-1294341-0-0	readmanga.io	0.000008	1	0	0
12507	3136972-279319-0-0	intrends-ru.turbopages.org	0.000001	1	0	0
11909	6438395-353890-0-0	tv.mail.ru	0.000005	1	0	0
9864	0-216200-0-0	7days.ru	0.000074	1	0	0
11865	54770757-1321622-0-0	trewq.ru	0.000008	1	0	0
12507	3962685-126917-0-0	edaplus-info.turbopages.org	0.000008	1	0	0
12507	1851489-141474-0-0	www.kuponika.ru	0.000008	1	0	0
11864	51898059-1238537-0-0	ucrazy.ru	0.000008	1	0	0
11857	897669-56459-0-0	pikabu-ru.turbopages.org	0.000008	1	0	0
11864	6438395-147025-0-0	my.mail.ru	0.000008	1	0	0
11865	24111355-1291364-0-0	readmanga.io	0.000008	1	0	0
11905	1437801-69417-0-0	www.antik-invest.ru	0.000008	1	0	0
12512	7632479-149423-0-0	rueconomics.ru	0.000074	1	0	0
11909	5306121-720384-0-0	andrologmed-ru.turbopages.org	0.000008	1	0	0
11909	8044674-267076-0-0	kak2z.ru	0.000002	1	0	0
12507	94719900-1260190-0-0	xn----7sbiew6aadnema7p.xn--p1ai	0.000008	1	0	0
11865	2412782-419506-0-0	www.avito.ru	0.000002	1	0	0
11865	91774534-709723-0-0	aniko-gas.ru	0.000008	1	0	0
11909	39209784-262891-0-0	stuki-druki.com	0.000008	1	0	0
11868	91502151-676601-0-0	izhevsk.mk.ru	0.000008	1	0	0
11868	64003581-441043-0-0	rosserial.be	0.000008	1	0	0
12507	36859922-255561-0-0	medside-ru.turbopages.org	0.000008	1	0	0
11909	2447581-1336074-0-0	m.sibkray.ru	0.000008	3	0	0
12507	1322075-70350-0-0	fb-ru.turbopages.org	0.000008	4	0	0
11857	41724942-333441-0-0	libcat.ru	0.000003	1	0	0
11905	2112549-91685-0-0	nitkyy.mirtesen.ru	0.000008	1	0	0
12507	70055792-479073-0-0	delairukami-ru.turbopages.org	0.000008	1	0	0
11864	6438395-147025-0-0	my.mail.ru	0.000041	1	0	0
11909	92467274-732796-0-0	mrkot-com.turbopages.org	0.000008	1	0	0
11909	93087228-768550-0-0	www.expertcen.ru	0.000008	1	0	0
12507	8381155-722011-0-0	mag-103-by.turbopages.org	0.000008	2	0	0
11868	6557105-250544-0-0	interfax-ru.turbopages.org	0.000008	1	0	0
12509	91623033-683453-0-0	krasnodar.irr.ru	0.000002	1	0	0
11857	36493473-331129-0-0	primpress.ru	0.000074	2	0	0
11857	8044674-267076-0-0	kak2z.ru	0.000008	1	0	0
11858	1728009-162266-0-0	www.1tv.ru	0.000008	3	0	0
12507	7687782-448212-0-0	profile.ru	0.000001	1	0	0
11864	65101275-578603-0-0	www.fontanka.ru	0.000008	2	0	0
12507	51452342-452088-0-0	abnews.ru	0.000008	1	0	0
11904	87276007-592219-0-0	www.mk.ru	0.000008	1	0	0
12507	65101275-1205940-0-0	woman-ru.turbopages.org	0.000008	1	0	0
11909	87658317-628159-0-0	iia-rf.ru	0.000008	1	0	0
11865	95434734-1317551-0-0	www.postavshhiki.ru	0.000008	1	0	0
11857	1151239-249152-0-0	kupidonia.ru	0.000004	1	0	0
11905	91445242-743710-0-0	pobetony.ru	0.000008	1	0	0
11909	410659-1400-0-0	www.f1news.ru	0.000008	1	0	0
11909	3293020-125354-0-0	goodhouse-ru.turbopages.org	0.000004	1	0	0
12507	89976696-630193-0-0	overclockers-ru.turbopages.org	0.000008	2	0	0
12507	407197-158840-0-0	lisa.ru	0.000008	1	0	0
11868	55365789-423310-0-0	stereo.ru	0.000008	1	0	0
12507	90469708-643510-0-0	delovaya-ufa.ru	0.000008	3	0	0
11857	31734734-354099-0-0	m.tabor.ru	0.000008	3	0	0
11864	7174001-144727-0-0	vopros-remont.ru	0.000008	1	0	0
11909	3292791-204570-0-0	besedkibest.ru	0.000008	1	0	0
11904	7790768-280207-0-0	universe-tss.su	0.000008	1	0	0
11868	34408360-242635-0-0	history.wikireading.ru	0.000074	1	0	0
11864	93683367-979907-0-0	aktnews.ru	0.000008	1	0	0
11868	89976696-630193-0-0	overclockers-ru.turbopages.org	0.000008	2	0	0
11857	51468706-330066-0-0	m.vz.ru	0.000008	3	0	0
11858	4392400-129253-0-0	citaty.info	0.000008	2	0	0
11868	36493473-331129-0-0	primpress.ru	0.000074	11	0	0
11868	94346353-1267224-0-0	alimero.ru	0.000008	1	0	0
12507	523900-231491-0-0	teleprogramma-pro.turbopages.org	0.000008	3	0	0
11857	5092531-223754-0-0	m.ura.news	0.000008	4	0	0
12509	65949452-777073-0-0	tass.ru	0.000008	1	0	0
11865	1560494-351421-0-0	comments.rambler.ru	0.000008	2	0	0
14055	0-216200-0-0	www.om1.ru	0.000055	1	0	0
12507	7664547-442805-0-0	m--strana-ru.turbopages.org	0.000008	1	0	0
11868	9598552-175106-0-0	www.forbes.ru	0.000074	1	0	0
12367	0-216200-0-0	www.om1.ru	0.000067	1	0	0
11909	997092-142443-0-0	travelask.ru	0.000074	1	0	0
11864	6438395-525739-0-0	news.mail.ru	0.000008	1	0	0
11857	421215-4959-0-0	mnogodetok.ru	0.000008	1	0	0
11909	87276007-592220-0-0	www.avtovzglyad.ru	0.000008	2	0	0
11858	498578-26254-0-0	www.kp.ru	0.000008	1	0	0
11857	471383-17418-0-0	www.bmwclub.ru	0.000008	1	0	0
11909	57118634-386173-0-0	avtozakony.com	0.000008	1	0	0
11858	65101275-577844-0-0	76.ru	0.000008	1	0	0
11865	39613940-264313-0-0	elektrichkoy.net	0.000005	1	0	0
11857	1560494-348664-0-0	lenta-ru.turbopages.org	0.000008	3	0	0
11865	33946563-237573-0-0	zee-tv.ru	0.000074	1	0	0
12507	509629-486824-0-0	rg-ru.turbopages.org	0.000008	3	0	0
11864	31646024-208859-0-0	fingeniy.com	0.000008	1	0	0
11904	73622320-500250-0-0	ktv-ray.ru	0.000003	1	0	0
11865	40406530-608271-0-0	xn--80anjd4dyb.xn--p1ai	0.000005	1	0	0
11868	1873567-129758-0-0	mir24-tv.turbopages.org	0.000005	1	0	0
11909	462441-60136-0-0	tourister-ru.turbopages.org	0.000008	1	0	0
11868	93918555-993875-0-0	www.intex-press.by	0.000008	1	0	0
11864	448817-45172-0-0	gotovim-doma.ru	0.000008	1	0	0
11865	30570339-709362-0-0	mir24.tv	0.000008	1	0	0
11868	8562776-753104-0-0	food.inmyroom.ru	0.000008	1	0	0
11857	93918555-993875-0-0	www.intex-press.by	0.000008	1	0	0
11868	2390032-357677-0-0	www.msn.com	0.000008	1	0	0
11858	33337629-229707-0-0	domikelectrica.ru	0.000008	1	0	0
11865	88690383-611984-0-0	jaomix.ru	0.000074	1	0	0
12507	24063418-242868-0-0	stroy-podskazka.ru	0.000008	1	0	0
11904	5510286-138138-0-0	razlozhi.ru	0.000008	2	0	0
11858	65101275-578374-0-0	www.nn.ru	0.000008	2	0	0
11904	32781733-221907-0-0	voronezh.move.ru	0.000008	1	0	0
12507	93584132-938732-0-0	wer-ru.turbopages.org	0.000008	1	0	0
9866	0-216200-0-0	www.m24.ru	0.000074	1	0	0
11791	65bd063b3720d703fa73072dcabb277a-9c78d4358b08e3587	budu5.com	0.000008	1	0	0
12507	92614311-741303-0-0	www.paparazzi.ru	0.000074	1	0	0
11905	931235-747347-0-0	my-calend.ru	0.000008	1	0	0
11909	30570339-658609-0-0	m.7days.ru	0.000008	1	0	0
11865	1202504-981330-0-0	azbukaplavania.ru	0.000006	1	0	0
12507	88522591-609547-0-0	sadsezon-com.turbopages.org	0.000008	1	0	0
11868	6557105-490701-0-0	www.m24.ru	0.000074	1	0	0
12507	352391-11417-0-0	otherreferats.allbest.ru	0.000008	1	0	0
11858	65101275-577857-0-0	72.ru	0.000008	1	0	0
11904	10322213-277627-0-0	100realt.ru	0.000008	1	0	0
11857	87936520-601046-0-0	love.mail.ru	0.000008	1	0	0
11905	61634776-509274-0-0	mygrind.ru	0.000008	1	0	0
11909	93836300-1210014-0-0	www.bolshoyvopros.ru	0.000008	4	0	0
11864	6438395-147024-0-0	horo.mail.ru	0.000008	2	0	0
12512	51898059-1238537-0-0	ucrazy.ru	0.000008	1	0	0
11909	930360-287353-0-0	otzyvru-com.turbopages.org	0.000005	1	0	0
12507	26809064-675583-0-0	avtika.ru	0.000008	1	0	0
12507	504193-28011-0-0	zr-ru.turbopages.org	0.000008	1	0	0
12509	4817705-131942-0-0	www.u-mama.ru	0.000008	2	0	0
12507	93736421-989340-0-0	kylinariya-ru.turbopages.org	0.000008	4	0	0
11868	34382785-242460-0-0	anapa.vsn.ru	0.000008	1	0	0
11858	420776-2111-0-0	club443.ru	0.000074	1	0	0
12507	91864171-708690-0-0	vesti-ru.turbopages.org	0.000003	1	0	0
11905	10322213-277627-0-0	100realt.ru	0.000008	3	0	0
12512	84665160-1223856-0-0	translate.academic.ru	0.000008	1	0	0
12507	36446828-281370-0-0	crediti-bez-problem.ru	0.000008	1	0	0
11909	2745-45551-0-0	www.forumhouse.ru	0.000008	1	0	0
11905	544012-26792-0-0	www.apsny.ge	0.000008	1	0	0
11868	20438162-563646-0-0	realnoevremya.ru	0.000008	1	0	0
11857	1386626-586344-0-0	findanime.net	0.000008	1	0	0
12507	5839191-236527-0-0	tvrain-ru.turbopages.org	0.000003	1	0	0
12509	67632165-464019-0-0	kartaslov.ru	0.000008	1	0	0
11868	86690274-763091-0-0	polomkiauto.ru	0.000008	2	0	0
11858	1801033-247350-0-0	mangalib.me	0.000047	1	0	0
12507	974947-49517-0-0	9111-ru.turbopages.org	0.000007	1	0	0
11857	79716593-546977-0-0	progorodsamara-ru.turbopages.org	0.000008	1	0	0
12507	80942300-728715-0-0	proantishum-ru.turbopages.org	0.000006	1	0	0
11909	38413578-260390-0-0	drawnstories.ru	0.000003	1	0	0
11865	2412782-419506-0-0	www.avito.ru	0.000005	2	0	0
12507	91437683-775204-0-0	tkaner-com.turbopages.org	0.000008	1	0	0
12507	65101275-577857-0-0	72.ru	0.000007	1	0	0
11857	91624402-989103-0-0	day-ru.turbopages.org	0.000008	1	0	0
12507	80942300-728715-0-0	proantishum-ru.turbopages.org	0.000008	1	0	0
12507	1801033-247350-0-0	mangalib.me	0.000074	8	0	0
11857	1560494-225219-0-0	news-rambler-ru.turbopages.org	0.000008	1	0	0
11904	95237519-1321096-0-0	domzastroika.ru	0.000074	1	0	0
12507	34920327-993760-0-0	denegkom.ru	0.000002	1	0	0
12507	1728009-162266-0-0	1tv-ru.turbopages.org	0.000008	1	0	0
11868	8562776-753104-0-0	www.inmyroom.ru	0.000008	1	0	0
11904	75801649-1343399-0-0	www.lentainform.com	0.000074	1	0	0
11865	1560494-212066-0-0	comments.rambler.ru	0.000008	1	0	0
12507	68133542-467211-0-0	osnmedia-ru.turbopages.org	0.000001	1	0	0
11905	2112549-91685-0-0	mirtesen.ru	0.000007	1	0	0
12507	7687782-448212-0-0	profile.ru	0.000074	4	0	0
12509	3090793-147280-0-0	pravoved.ru	0.000008	1	0	0
11864	7797099-151523-0-0	inpot.ru	0.000008	1	0	0
12507	3281497-226986-0-0	sport--express-ru.turbopages.org	0.000002	1	0	0
12507	91235966-660718-0-0	lifehacker-ru.turbopages.org	0.000008	5	0	0
11868	74011181-504039-0-0	postila.ru	0.000008	1	0	0
11904	407318-46487-0-0	www.hmn.ru	0.000008	1	0	0
11857	1624597-68828-0-0	ptzgovorit-ru.turbopages.org	0.000008	1	0	0
11904	448817-45172-0-0	gotovim-doma.ru	0.000008	1	0	0
11865	346603-71179-0-0	mirplus.info	0.000008	1	0	0
11909	494474-102843-0-0	otzovik.com	0.000004	1	0	0
12507	91774418-1243677-0-0	avto--layn-ru.turbopages.org	0.000001	1	0	0
11905	2112549-91685-0-0	glagol.mirtesen.ru	0.000004	1	0	0
12507	53838711-339155-0-0	gameguru-ru.turbopages.org	0.000008	1	0	0
11909	47153782-290659-0-0	expertology.ru	0.000008	2	0	0
12507	51427268-608233-0-0	teron.online	0.000008	1	0	0
11857	7687782-448212-0-0	profile.ru	0.000074	3	0	0
14056	0-216200-0-0	tass.ru	0.000074	1	0	0
12507	65101275-578603-0-0	www.fontanka.ru	0.000008	6	0	0
11904	30815141-201717-0-0	thedifference.ru	0.000008	1	0	0
11909	2396519-143601-0-0	vashipitomcy.ru	0.000008	1	0	0
12507	3033405-266989-0-0	zapchasti.expert	0.000008	1	0	0
11858	484640-21256-0-0	nepogoda.ruwww.nepogoda.ru	0.000008	1	0	0
12507	56291972-380221-0-0	moskvichmag-ru.turbopages.org	0.000008	1	0	0
11864	6438395-152034-0-0	hi-tech.mail.ru	0.000008	1	0	0
12507	1322075-600554-0-0	sadovnikam-ru.turbopages.org	0.000008	1	0	0
12512	33530085-232061-0-0	krym.cian.ru	0.000008	1	0	0
11864	6438395-142108-0-0	e.mail.ru	0.000008	44	0	0
12507	82436991-561344-0-0	kostroma.today	0.000001	1	0	0
11857	87936520-601046-0-0	www.mamba.ru	0.000008	7	0	0
12507	7132534-974231-0-0	ooo--interier-ru.turbopages.org	0.000003	1	0	0
11791	67fa6b27c4a4adcbf957603d23b781cd-c5824f878b091c524	izhevsk.mk.ru	0.000074	1	0	0
11857	65101275-447162-0-0	www.fontanka.ru	0.000007	1	0	0
11868	65101275-575586-0-0	m.love.e1.ru	0.000008	1	0	0
11905	90405643-672410-0-0	time-to-start.ru	0.000008	1	0	0
11857	14912667-1249224-0-0	med-ram.ru	0.000008	1	0	0
11865	53696676-474667-0-0	art-fashn.ru	0.000008	1	0	0
12507	51898059-569211-0-0	4ege.ru	0.000008	1	0	0
11868	1435993-595993-0-0	edimdoma-ru.turbopages.org	0.000008	1	0	0
11860	65443695-449419-0-0	www.ok-magazine.ru	0.000008	1	0	0
11864	5092869-134625-0-0	echo.msk.ru	0.000008	1	0	0
12507	93999566-1316340-0-0	tvoichai.ru	0.000008	1	0	0
11865	1469139-410292-0-0	thebiggest.ru	0.000008	1	0	0
11858	40879015-268596-0-0	naavtotrasse.ru	0.000003	1	0	0
11909	33337629-229707-0-0	domikelectrica.ru	0.000008	1	0	0
11865	5247121-70983-0-0	yarportal.ru	0.000008	3	0	0
12512	65101275-447176-0-0	www.nn.ru	0.000008	1	0	0
12507	354367-186613-0-0	detki-guru.turbopages.org	0.000008	1	0	0
12507	494474-102843-0-0	otzovik.com	0.000008	11	0	0
12507	51898059-1296025-0-0	ranobes.net	0.000008	1	0	0
12509	8984986-205531-0-0	fermilon.ru	0.000008	1	0	0
12513	91624402-735163-0-0	day.ru	0.000008	1	0	0
12507	1412746-717079-0-0	m.iamcook.ru	0.000008	1	0	0
11864	6438395-147025-0-0	my.mail.ru	0.000074	10	0	0
11864	2412782-189903-0-0	www.avito.ru	0.000008	1	0	0
12507	33337629-229707-0-0	domikelectrica.ru	0.000008	1	0	0
11858	43061655-276631-0-0	vz.ru	0.000005	1	0	0
11905	4482117-129967-0-0	aftershock.news	0.000008	1	0	0
11857	92519834-1339798-0-0	my.mp3ha.org	0.000008	3	0	0
12507	88546469-708736-0-0	www.kleo.ru	0.000074	1	0	0
12507	90720690-643887-0-0	mir-knig.com	0.000008	10	0	0
11865	74440337-532612-0-0	ncov.blog	0.000008	1	0	0
11909	36493473-331129-0-0	primpress.ru	0.000008	10	0	0
11905	2112549-91685-0-0	social.utro.ru	0.000008	3	0	0
11868	509629-29789-0-0	rg.ru	0.000008	3	0	0
11858	459492-13449-0-0	nachfin.info	0.000008	1	0	0
11904	385300-108277-0-0	www.moneymatika.ru	0.000008	1	0	0
11909	6438395-353890-0-0	tv.mail.ru	0.000008	5	0	0
11868	575953-140824-0-0	www.center-pss.ru	0.000008	1	0	0
11868	2235306-97552-0-0	www.luna-segodnja.ru	0.000008	1	0	0
11909	51526388-159406-0-0	www.stranamam.ru	0.000008	2	0	0
11909	56615568-626635-0-0	produktoviy-blog.ru	0.000008	1	0	0
11909	88830169-613977-0-0	kvartelia.ru	0.000008	2	0	0
11909	1718328-210972-0-0	cont.ws	0.000008	1	0	0
11909	55161831-497102-0-0	russkieseriali.net	0.000008	2	0	0
12507	68133542-467211-0-0	osnmedia-ru.turbopages.org	0.000008	4	0	0
11864	7286645-580131-0-0	people.onliner.by	0.000008	1	0	0
12509	91623033-683453-0-0	krasnodar.irr.ru	0.000008	2	0	0
12507	784367-439960-0-0	v-teplo.ru	0.000008	1	0	0
12507	50553804-327246-0-0	gialuron-com.turbopages.org	0.000008	1	0	0
11868	2412782-419507-0-0	m.avito.ru	0.000008	12	0	0
11857	34351736-255445-0-0	regnum.ru	0.000008	2	0	0
11864	6438395-147025-0-0	my.mail.ru	0.000022	1	0	0
11857	66148688-531028-0-0	goroskopy.info	0.000008	1	0	0
12507	92453275-732287-0-0	11novosti.ru	0.000008	1	0	0
12509	34620368-243457-0-0	pedlib.ru	0.000008	1	0	0
12512	980566-48186-0-0	dic.academic.ru	0.000004	1	0	0
11904	68133542-467211-0-0	www.osnmedia.ru	0.000008	1	0	0
13685	42917-608379-0-0	xn----7sbahrplyfdaxfotk.xn--p1ai	0.000062	1	0	0
11858	522469-74936-0-0	www.qrz.ru	0.000008	1	0	0
12507	6963345-143476-0-0	vestivrn-ru.turbopages.org	0.000008	1	0	0
11909	3598907-330905-0-0	vokrug-tv.turbopages.org	0.000008	1	0	0
12507	1801033-247350-0-0	mangalib.me	0.000008	2	0	0
11909	61657907-412959-0-0	m.spletnik.ru	0.000008	1	0	0
11905	31536440-320634-0-0	studopedia.net	0.000008	1	0	0
11857	1560494-225212-0-0	championat-com.turbopages.org	0.000008	3	0	0
11909	37786383-259198-0-0	www.bolshoyvopros.ru	0.000008	1	0	0
11904	73222433-496671-0-0	tempelhof.d3.ru	0.000008	1	0	0
12513	1728009-162266-0-0	www.1tv.ru	0.000008	1	0	0
11865	91445242-743710-0-0	pobetony.ru	0.000008	1	0	0
11865	91864497-705190-0-0	www.domnika.ru	0.000008	1	0	0
12507	51898059-382813-0-0	bigpicture.ru	0.000008	1	0	0
11864	65101275-578374-0-0	www.nn.ru	0.000008	2	0	0
11909	2151715-1301142-0-0	sgastronomy.ru	0.000008	1	0	0
11909	90720690-643887-0-0	mir-knig.com	0.000008	9	0	0
11909	24063418-242868-0-0	stroy-podskazka.ru	0.000008	1	0	0
12507	3223322-742727-0-0	procvety-net.turbopages.org	0.000008	1	0	0
12507	64003581-441043-0-0	rosserial.be	0.000008	1	0	0
12507	24111355-1291364-0-0	readmanga.io	0.000008	6	0	0
12507	2571917-108562-0-0	www.penzainform.ru	0.000008	1	0	0
11909	1381191-61633-0-0	www.predskazanie.ru	0.000008	1	0	0
11865	35044328-393113-0-0	bezkovrov.com	0.000008	1	0	0
11857	36493473-331129-0-0	primpress.ru	0.000033	1	0	0
11858	46114044-286534-0-0	elektroshkola.ru	0.000008	1	0	0
11857	65101275-447162-0-0	www.fontanka.ru	0.000008	5	0	0
11865	897669-460527-0-0	pikabu.ru	0.000004	1	0	0
12507	1820079-1241127-0-0	masterkosta-com.turbopages.org	0.000003	1	0	0
11868	8562776-752125-0-0	www.mk.ru	0.000074	1	0	0
12507	3620199-326432-0-0	komiinform-ru.turbopages.org	0.000008	1	0	0
12512	93335226-830873-0-0	www.eg.ru	0.000008	1	0	0
12507	94848661-1268895-0-0	povar-ru.turbopages.org	0.000008	3	0	0
11868	3293020-129405-0-0	cosmo-ru.turbopages.org	0.000008	1	0	0
11858	65101275-578374-0-0	kattinabugatti.www.nn.ru	0.000008	1	0	0
11865	16531335-183936-0-0	optlist.ru	0.000008	2	0	0
12507	42813817-276165-0-0	znak-com.turbopages.org	0.000008	3	0	0
11858	39679280-265083-0-0	gamer-mods.ru	0.000008	1	0	0
12507	67293997-805150-0-0	pechiexpert.ru	0.000074	1	0	0
11909	3293020-129405-0-0	www.cosmo.ru	0.000008	1	0	0
11905	61678927-855384-0-0	read21.w10.lovereads.ru	0.000008	1	0	0
11857	91437683-775204-0-0	tkaner-com.turbopages.org	0.000008	1	0	0
11909	36493473-331129-0-0	primpress.ru	0.000006	1	0	0
12507	42813817-276165-0-0	www.znak.com	0.000008	1	0	0
12509	65949452-777073-0-0	tass.ru	0.000002	1	0	0
12507	783088-1356939-0-0	evrookna--mos-ru.turbopages.org	0.000008	1	0	0
12513	87276007-592219-0-0	www.mk.ru	0.000074	1	0	0
11865	43368662-278094-0-0	podrobno.uz	0.000008	1	0	0
11864	1166165-66274-0-0	knitka.ru	0.000074	1	0	0
11865	91774534-708956-0-0	speedcamupdates.ru	0.000008	2	0	0
11909	1228849-117050-0-0	ayzdorov-ru.turbopages.org	0.000008	1	0	0
12507	36882225-1219522-0-0	kogda.pro	0.000008	1	0	0
11909	7891262-185366-0-0	goodlooker.ru	0.000008	1	0	0
11865	67981416-743207-0-0	focuspeople.ru	0.000008	1	0	0
11858	5092531-223754-0-0	ura.news	0.000008	2	0	0
12507	7687782-448212-0-0	profile.ru	0.000008	17	0	0
12507	4911614-241715-0-0	newdaynews-ru.turbopages.org	0.000008	1	0	0
12507	2731523-109135-0-0	guns.allzip.org	0.000008	1	0	0
11864	6438395-147025-0-0	my.mail.ru	0.000002	1	0	0
12507	91624402-735164-0-0	day.ru	0.000008	1	0	0
11864	7012007-394582-0-0	potolokjournal.ru	0.000008	1	0	0
11904	8054248-216855-0-0	ir-center.ru	0.000008	1	0	0
12507	317878-45958-0-0	avtomarket.ru	0.000008	1	0	0
11909	65101275-575584-0-0	www.e1.ru	0.000008	3	0	0
11909	36493473-331129-0-0	primpress.ru	0.000004	1	0	0
12509	65949452-542792-0-0	radiokp.ru	0.000008	1	0	0
11865	54770757-1321635-0-0	resort.trewq.ru	0.000008	1	0	0
11857	31446184-207708-0-0	26--2-ru.turbopages.org	0.000008	1	0	0
11865	54817670-1313093-0-0	wisely.su	0.000008	1	0	0
12509	65101275-578839-0-0	www.psychologies.ru	0.000058	1	0	0
12507	4817705-131942-0-0	www.u-mama.ru	0.000008	3	0	0
11857	1560494-348687-0-0	diak--kuraev-livejournal-com.turbopages.org	0.000008	1	0	0
12507	7687782-1346645-0-0	infozoid.ru	0.000008	2	0	0
11864	75907078-916410-0-0	fotostrana.ru	0.000008	1	0	0
12507	93335226-830873-0-0	www.eg.ru	0.000008	1	0	0
12507	92976814-782269-0-0	megaotkrytka-ru.turbopages.org	0.000008	1	0	0
11858	87936520-601046-0-0	www.mamba.ru	0.000008	2	0	0
12509	65949452-989182-0-0	infourok.ru	0.000008	1	0	0
11909	7310069-243684-0-0	scanwordhelper.ru	0.000008	1	0	0
11858	475686-728766-0-0	amedia.online	0.000008	3	0	0
12507	48537776-547400-0-0	jut.su	0.000074	2	0	0
11865	407197-196583-0-0	www.ivd.ru	0.000008	1	0	0
12507	4684670-155160-0-0	ogorod-ru.turbopages.org	0.000008	1	0	0
9866	0-216200-0-0	www.lentainform.com	0.000074	5	0	0
11858	91122342-653694-0-0	fanat1k.ru	0.000008	1	0	0
11857	1818286-494149-0-0	sovet-ingenera.com	0.000008	1	0	0
12512	42813817-276165-0-0	www.znak.com	0.000008	1	0	0
11909	9848988-169278-0-0	ped-kopilka.ru	0.000008	1	0	0
11909	6438395-353887-0-0	otvet.mail.ru	0.000008	4	0	0
11865	87241802-591998-0-0	artikul-cars.ru	0.000008	2	0	0
11905	2112549-91685-0-0	mirtesen.ru	0.000002	1	0	0
11865	4414910-117789-0-0	vipwash.ru	0.000008	1	0	0
12509	65949452-563305-0-0	www.hab.kp.ru	0.000008	1	0	0
11909	508343-49826-0-0	www.gastronom.ru	0.000008	1	0	0
11865	3451193-1249760-0-0	mir-knigi.net	0.000008	1	0	0
12507	571882-183997-0-0	sputnik-abkhazia.ru	0.000008	1	0	0
12507	6535416-142126-0-0	www.aqa.ru	0.000008	1	0	0
14056	0-216200-0-0	teleprogramma.pro	0.000074	4	0	0
11865	1560494-351421-0-0	comments.rambler.ru	0.000002	1	0	0
12367	0-216200-0-0	m.7days.ru	0.000074	2	0	0
11865	2412782-419506-0-0	www.avito.ru	0.000008	48	0	0
11858	369305-1038-0-0	3dnews.ru	0.000003	1	0	0
11858	1386626-586344-0-0	findanime.net	0.000002	1	0	0
9866	0-216200-0-0	www.lentainform.com	0.000035	1	0	0
12507	51427268-608233-0-0	teron.online	0.000006	1	0	0
11864	3049060-115805-0-0	www.ng.ru	0.000005	1	0	0
11909	36446828-281373-0-0	www.colady.ru	0.000008	1	0	0
12507	2983481-409927-0-0	vklist.ru	0.000074	1	0	0
11909	2918101-163843-0-0	www.u-mama.ru	0.000008	1	0	0
12507	31306225-656875-0-0	teplovashdom.ru	0.000008	1	0	0
11864	6438395-142108-0-0	e.mail.ru	0.000006	2	0	0
11865	92453275-732287-0-0	11novosti.ru	0.000004	1	0	0
11864	49657268-323488-0-0	mastergrad.com	0.000008	1	0	0
11857	43300894-277959-0-0	batareykaa.ru	0.000008	2	0	0
11865	5066675-259451-0-0	creditnyi.ru	0.000008	1	0	0
11909	421377-258196-0-0	b17-ru.turbopages.org	0.000008	3	0	0
12507	19379947-187075-0-0	cpykami.ru	0.000008	2	0	0
12507	9296998-245454-0-0	oblgazeta-ru.turbopages.org	0.000008	2	0	0
11909	24448737-190928-0-0	drtclub.ru	0.000008	1	0	0
12509	93261812-810117-0-0	doramalive.ru	0.000074	1	0	0
11857	7295714-153743-0-0	russian.rt.com	0.000005	1	0	0
11857	3598907-329895-0-0	ntv-ru.turbopages.org	0.000008	1	0	0
12507	1322075-479443-0-0	syl-ru.turbopages.org	0.000008	2	0	0
12513	2390032-357688-0-0	www.msn.com	0.000008	1	0	0
11865	67329156-462096-0-0	1001goroskop.ru	0.000008	1	0	0
11864	65101275-577872-0-0	74.ru	0.000008	2	0	0
11909	94982353-1345233-0-0	www.kaluga-poisk.ru	0.000008	3	0	0
11858	40218847-267065-0-0	pedportal.net	0.000008	1	0	0
11858	360988-499315-0-0	prend.diary.ru	0.000002	1	0	0
11864	6438395-147023-0-0	news.mail.ru	0.000008	6	0	0
11865	18967467-186981-0-0	salik.biz	0.000008	1	0	0
12507	1041287-136866-0-0	trendymen.ru	0.000074	1	0	0
13677	34951-104560-0-0	www.baby.ru	0.000062	1	0	0
11864	88073922-603292-0-0	info.metrologu.ru	0.000008	1	0	0
11865	1370690-411988-0-0	sochi24.tv	0.000008	1	0	0
12507	32657900-220340-0-0	iz-ru.turbopages.org	0.000008	3	0	0
12507	37565282-944973-0-0	blizko-by.turbopages.org	0.000008	1	0	0
11858	1386626-586344-0-0	findanime.net	0.000008	1	0	0
11865	3097034-259311-0-0	kakpishem.ru	0.000008	1	0	0
12507	3293020-129367-0-0	popmech-ru.turbopages.org	0.000008	2	0	0
11864	37098483-256588-0-0	oktools.ru	0.000008	1	0	0
11857	65101275-447162-0-0	www.fontanka.ru	0.000006	1	0	0
11865	7510134-402847-0-0	livacha.com	0.000008	1	0	0
12507	94346353-1299351-0-0	www.cyberforum.ru	0.000008	1	0	0
11865	93335226-830873-0-0	www.eg.ru	0.000074	2	0	0
12509	65949452-453595-0-0	rg.ru	0.000008	1	0	0
12507	5350121-136704-0-0	football.kulichki.net	0.000003	1	0	0
12507	39315718-263889-0-0	bimru-ru.turbopages.org	0.000008	1	0	0
11857	1560494-344753-0-0	gazeta-ru.turbopages.org	0.000008	1	0	0
12509	6746465-148945-0-0	hhcdn.ru	0.000008	1	0	0
12507	64971877-754398-0-0	vitgid-ru.turbopages.org	0.000006	1	0	0
12507	4140396-127625-0-0	newkaliningrad-ru.turbopages.org	0.000008	1	0	0
11857	1166165-66274-0-0	knitka.ru	0.000074	1	0	0
11865	91778881-1242205-0-0	xn--80aeg0cdgk.xn--p1ai	0.000008	1	0	0
11909	6734741-142545-0-0	www.drive2.ru	0.000008	1	0	0
12507	91841474-703076-0-0	nevnov-ru.turbopages.org	0.000008	1	0	0
12507	6601699-142265-0-0	ilive-com-ua.turbopages.org	0.000008	2	0	0
12507	75879660-563769-0-0	aqua-rmnt.com	0.000008	1	0	0
12507	1982545-215581-0-0	spadilo-ru.turbopages.org	0.000008	1	0	0
11904	87171562-595688-0-0	otzyvkorm.ru	0.000008	1	0	0
11909	49697278-380175-0-0	spectehnica-mo.com	0.000008	1	0	0
11909	548057-52397-0-0	astromeridian-ru.turbopages.org	0.000008	1	0	0
11858	32125188-428271-0-0	borisoglebsk.bloknot-voronezh.ru	0.000008	1	0	0
11865	55326833-350803-0-0	news.ru	0.000008	1	0	0
12507	94982353-1345233-0-0	www.kaluga-poisk.ru	0.000008	8	0	0
11858	2731523-109135-0-0	guns.allzip.org	0.000008	1	0	0
11857	2004221-94787-0-0	berkat.ru	0.000074	1	0	0
11909	509629-196263-0-0	rg.ru	0.000008	2	0	0
11904	47693966-694310-0-0	svadbavo.ru	0.000008	1	0	0
12507	8381155-722011-0-0	apteka-103-by.turbopages.org	0.000008	2	0	0
11865	93335226-830873-0-0	ed.eg.ru	0.000008	1	0	0
11864	4115759-264368-0-0	newniva.ru	0.000008	1	0	0
11864	3849096-126345-0-0	www.gorodche.ru	0.000008	2	0	0
11791	65bd063b3720d703fa73072dcabb277a-9c78d4358b08e3587	turkcinema.org	0.000074	1	0	0
11868	874982-46249-0-0	svpressa.ru	0.000001	1	0	0
12507	1412746-580826-0-0	www.litmir.me	0.000008	2	0	0
12507	8562776-777206-0-0	rg.ru	0.000008	2	0	0
11857	915412-108160-0-0	1prime-ru.turbopages.org	0.000006	1	0	0
11858	40097515-265971-0-0	www.autostat.ru	0.000008	1	0	0
12507	4053398-291632-0-0	ogorodlegko-ru.turbopages.org	0.000008	1	0	0
12507	489104-59468-0-0	irecommend.ru	0.000008	11	0	0
11857	1913078-162571-0-0	life-ru.turbopages.org	0.000008	1	0	0
14055	0-216200-0-0	m.7days.ru	0.000074	2	0	0
12507	2412782-419507-0-0	m.avito.ru	0.000008	10	0	0
11865	1624987-164870-0-0	www.proizvoditeli-rossii.ru	0.000008	1	0	0
11864	75907078-1294805-0-0	fotostrana.ru	0.000008	1	0	0
12507	5633973-139040-0-0	u--f-ru.turbopages.org	0.000008	1	0	0
12507	8236148-168743-0-0	baby-ru.turbopages.org	0.000008	2	0	0
11868	1412746-580208-0-0	m.iamcook.ru	0.000008	1	0	0
11865	93335226-830873-0-0	www.eg.ru	0.000008	6	0	0
11865	726305-9042-0-0	www.komandirovka.ru	0.000008	1	0	0
11904	75801649-1343399-0-0	www.lentainform.com	0.000008	2	0	0
11858	61323914-410639-0-0	www.km.ru	0.000008	1	0	0
11868	23722537-334857-0-0	vilkin.pro	0.000008	1	0	0
12507	64297897-441825-0-0	vsevkulinary.ru	0.000008	1	0	0
11865	523537-187969-0-0	notdrink.ru	0.000008	1	0	0
12507	31295140-1220513-0-0	pronormy.ru	0.000008	1	0	0
11909	974947-49517-0-0	9111-ru.turbopages.org	0.000008	6	0	0
12509	65949452-515704-0-0	teleprogramma.pro	0.000074	2	0	0
12507	93335226-830873-0-0	eg-ru.turbopages.org	0.000008	4	0	0
12507	3598907-329895-0-0	ntv-ru.turbopages.org	0.000004	1	0	0
11857	65101275-447164-0-0	m.love.e1.ru	0.000008	2	0	0
11909	56663774-602227-0-0	m.7days.ru	0.000008	1	0	0
11909	22684436-260651-0-0	expert-kachestva.ru	0.000008	1	0	0
11857	3849096-126345-0-0	www.gorodche.ru	0.000008	6	0	0
11868	4436299-129396-0-0	www.ridus.ru	0.000074	2	0	0
12507	54837797-587841-0-0	kopchen-ru.turbopages.org	0.000008	2	0	0
12507	1386626-1294341-0-0	readmanga.io	0.000008	1	0	0
12507	87658317-601522-0-0	kfdvgtu.ru	0.000008	1	0	0
11909	1560494-348677-0-0	colonelcassad.livejournal.com	0.000074	1	0	0
11868	5092869-134625-0-0	echo.msk.ru	0.000008	2	0	0
12507	1801033-247350-0-0	mangalib.me	0.000064	2	0	0
12507	65101275-578603-0-0	www.fontanka.ru	0.000007	1	0	0
12507	7970387-160623-0-0	podolskriamo-ru.turbopages.org	0.000008	1	0	0
12507	90645844-642429-0-0	nailbum.ru	0.000002	1	0	0
11864	32125188-428268-0-0	bloknotanapa.ru	0.000008	1	0	0
11868	2412782-419507-0-0	m.avito.ru	0.000004	1	0	0
12507	6470026-1225601-0-0	sochi24.tv	0.000008	1	0	0
11868	89739637-846703-0-0	gorobzor.ru	0.000008	1	0	0
11865	69816178-599172-0-0	komanda-sibiri.ru	0.000008	1	0	0
11858	1055963-816214-0-0	spaces.im	0.000008	1	0	0
11860	2112549-91685-0-0	social.dni.ru	0.000008	1	0	0
12512	6746465-142629-0-0	volgograd.hh.ru	0.000008	1	0	0
11908	3420410-122989-0-0	moskva.regmarkets.ru	0.000006	1	0	0
11909	93335226-830873-0-0	www.eg.ru	0.000008	1	0	0
11865	1124250-54642-0-0	au.ru	0.000008	1	0	0
12507	69036571-867328-0-0	lifestyleplus-ru.turbopages.org	0.000001	1	0	0
11868	69492613-475158-0-0	www.dp.ru	0.000008	2	0	0
11868	71813031-545728-0-0	www.gismeteo.ru	0.000008	3	0	0
14056	0-216200-0-0	7days.ru	0.000074	1	0	0
12507	18873703-1318730-0-0	pc86.ru	0.000007	1	0	0
11857	32402134-217631-0-0	wooordhunt.ru	0.000008	2	0	0
11857	2960135-423317-0-0	konkurent.ru	0.000008	1	0	0
11909	3849512-125905-0-0	www.liveinternet.ru	0.000008	1	0	0
12509	73222433-496671-0-0	auto.d3.ru	0.000008	1	0	0
11868	2390032-356923-0-0	www.msn.com	0.000008	2	0	0
11857	41724942-336240-0-0	libking.ru	0.000008	2	0	0
11909	1386626-586344-0-0	findanime.net	0.000008	2	0	0
11909	2103170-497885-0-0	dni24-com.turbopages.org	0.000008	1	0	0
11857	8236148-168743-0-0	baby-ru.turbopages.org	0.000008	1	0	0
12507	1432019-400402-0-0	www.glaz.tv	0.000011	1	0	0
12507	36882225-356036-0-0	kolesa-ru.turbopages.org	0.000008	1	0	0
11857	1560494-348664-0-0	lenta-ru.turbopages.org	0.000007	1	0	0
12507	55969245-355884-0-0	fomag-ru.turbopages.org	0.000008	1	0	0
12509	65949452-1262662-0-0	www.9111.ru	0.000008	1	0	0
12507	40879015-268596-0-0	naavtotrasse.ru	0.000008	1	0	0
12507	26809064-690609-0-0	udobno77.ru	0.000008	1	0	0
11865	91622640-695415-0-0	samodelino.ru	0.000008	1	0	0
11909	61657907-412959-0-0	spletnik-ru.turbopages.org	0.000008	1	0	0
11857	61554-46902-0-0	kulturologia-ru.turbopages.org	0.000003	1	0	0
12507	3770863-111361-0-0	1000bankov.ru	0.000007	1	0	0
12507	4767427-637067-0-0	shareslide.ru	0.000008	1	0	0
11858	407197-91828-0-0	burdastyle.ru	0.000004	1	0	0
12507	3293020-129405-0-0	cosmo-ru.turbopages.org	0.000008	1	0	0
11857	7687782-448212-0-0	profile.ru	0.000008	1	0	0
12507	69492613-475158-0-0	dp-ru.turbopages.org	0.000008	2	0	0
12507	483376-287961-0-0	sanatorii-mvd.ru	0.000008	1	0	0
12507	3598907-330905-0-0	vokrug-tv.turbopages.org	0.000008	1	0	0
11864	65101275-578759-0-0	www.marieclaire.ru	0.000008	1	0	0
11909	88830169-613977-0-0	kvartelia.ru	0.000005	1	0	0
11858	3146533-755004-0-0	alternatio.org	0.000008	1	0	0
11858	31446184-207692-0-0	www.zdrav.ru	0.000008	1	0	0
12507	50521278-327084-0-0	360tv-ru.turbopages.org	0.000008	2	0	0
11857	1180293-56287-0-0	www.kaluga-poisk.ru	0.000008	3	0	0
12507	38661274-725731-0-0	mir-knigi.net	0.000003	1	0	0
11858	6416478-143619-0-0	kudamoscow.ru	0.000008	1	0	0
11864	6438395-147023-0-0	news.mail.ru	0.000001	1	0	0
11864	65101275-576513-0-0	v1.ru	0.000008	1	0	0
11868	7538922-186482-0-0	mirpozitiva.ru	0.000008	1	0	0
11909	440865-26823-0-0	arhangelsk.adresa-telefony.ru	0.000008	1	0	0
11858	2412782-189903-0-0	www.avito.ru	0.000008	1	0	0
11864	89879165-628348-0-0	vid-avto.ru	0.000008	2	0	0
12507	897808-247369-0-0	aif-ru.turbopages.org	0.000008	1	0	0
11865	3129887-170108-0-0	xn--80ablvtof7b4b.xn--80agbcqdjc3d.xn--p1ai	0.000008	1	0	0
11865	95610388-1335351-0-0	mynewslent.com	0.000008	1	0	0
12509	9382999-183136-0-0	m.leboard.ru	0.000008	1	0	0
12507	69891566-602765-0-0	novost1.ru	0.000008	1	0	0
12507	36493473-331129-0-0	primpress.ru	0.000008	1	0	0
11909	1955115-430451-0-0	poisklekarstv-com.turbopages.org	0.000008	2	0	0
12507	65101275-684050-0-0	starhit-ru.turbopages.org	0.000008	1	0	0
11909	2227769-267124-0-0	audiobaby.net	0.000008	1	0	0
11909	1399964-1311574-0-0	pythonru.com	0.000008	2	0	0
11857	31254327-410815-0-0	ptoday-ru.turbopages.org	0.000008	1	0	0
14003	15737-576542-0-mainavi.ru	mainavi.ru	0.000074	1	0	0
11858	87936520-601046-0-0	love.mail.ru	0.000008	5	0	0
11868	52970779-335320-0-0	www.graycell.ru	0.000008	1	0	0
11858	897795-259376-0-0	www.ixbt.com	0.000008	1	0	0
11904	32781733-221907-0-0	tyumen.move.ru	0.000008	1	0	0
11909	974947-49517-0-0	9111-ru.turbopages.org	0.000007	1	0	0
11864	6438395-148635-0-0	deti.mail.ru	0.000008	2	0	0
11868	1180293-56287-0-0	www.kaluga-poisk.ru	0.000008	1	0	0
11909	93335226-830873-0-0	www.eg.ru	0.000074	3	0	0
11865	7378703-147144-0-0	eadaily.com	0.000008	1	0	0
11865	3916508-284699-0-0	igra-pasyans.ru	0.000008	1	0	0
11858	3319782-121168-0-0	kovka-svarka.net	0.000008	1	0	0
12507	59910739-411277-0-0	medikforum-ru.turbopages.org	0.000008	2	0	0
12507	58015548-393658-0-0	turagentovnet-ru.turbopages.org	0.000008	1	0	0
11868	503611-30324-0-0	voronezh.blizko.ru	0.000008	1	0	0
11858	91624402-735163-0-0	day.ru	0.000008	1	0	0
11909	58642449-396579-0-0	aurora.network	0.000008	1	0	0
11858	49657268-323488-0-0	mastergrad.com	0.000008	1	0	0
11857	24111355-1291364-0-0	readmanga.io	0.000008	1	0	0
12507	45746419-284959-0-0	schlock.ru	0.000074	1	0	0
11865	1597126-249233-0-0	starpri.ru	0.000008	1	0	0
11868	8562776-756190-0-0	krasnoyarskmedia.ru	0.000008	1	0	0
11858	7153770-144493-0-0	versia.ru	0.000004	1	0	0
11905	2112549-91685-0-0	mirtesen.ru	0.000008	5	0	0
11864	6438395-142108-0-0	e.mail.ru	0.000002	1	0	0
11858	4360456-647830-0-0	regioninformburo.ru	0.000002	1	0	0
12507	6734741-154950-0-0	drive2-ru.turbopages.org	0.000008	2	0	0
12507	65101275-579437-0-0	www.parents.ru	0.000008	1	0	0
11904	2050914-1314955-0-0	portalvirtualreality.ru	0.000008	1	0	0
11857	509629-196263-0-0	rg-ru.turbopages.org	0.000008	2	0	0
12507	51898059-382813-0-0	bigpicture.ru	0.000074	1	0	0
11865	1597126-249233-0-0	starpri.ru	0.000006	1	0	0
11858	4342450-128930-0-0	topwar.ru	0.000008	1	0	0
12507	1412746-1258509-0-0	www.litmir.me	0.000001	1	0	0
12507	47018685-290050-0-0	m.1obl.ru	0.000008	3	0	0
12513	70390261-778636-0-0	onlinetv.one	0.000008	2	0	0
11904	87276007-592219-0-0	www.mk.ru	0.000074	1	0	0
11909	83384515-567219-0-0	orenday.ru	0.000008	1	0	0
12507	1650869-69381-0-0	novayagazeta.ru	0.000008	1	0	0
11868	66475862-459160-0-0	inkazan-ru.turbopages.org	0.000008	1	0	0
12507	2447581-1336074-0-0	m.sibkray.ru	0.000008	1	0	0
11865	43368662-278094-0-0	podrobno.uz	0.000005	1	0	0
11909	1504203-203305-0-0	sarnovosti.ru	0.000008	1	0	0
11857	444832-78383-0-0	tragos.ru	0.000008	1	0	0
12507	64536092-443388-0-0	attuale-ru.turbopages.org	0.000008	1	0	0
12512	51898059-1212039-0-0	doramy.top	0.000074	3	0	0
12507	509629-29789-0-0	rg.ru	0.000008	1	0	0
11868	897669-56459-0-0	pikabu.ru	0.000008	3	0	0
12507	1859015-85398-0-0	www.sewing-master.ru	0.000008	1	0	0
11865	4342450-128930-0-0	topwar.ru	0.000008	1	0	0
11909	49905584-324706-0-0	sport24-ru.turbopages.org	0.000008	3	0	0
12507	43300894-277958-0-0	batareykaa.ru	0.000008	2	0	0
12507	6739001-142694-0-0	anygreece-com.turbopages.org	0.000008	1	0	0
11868	35650980-513061-0-0	ktv-ray.ru	0.000008	1	0	0
12507	64796655-445288-0-0	onlinetambov-ru.turbopages.org	0.000008	1	0	0
12512	36882225-627483-0-0	roomble.com	0.000008	1	0	0
12507	94637565-1306735-0-0	stroycollege12-ru.turbopages.org	0.000008	1	0	0
11857	41724942-333441-0-0	libcat.ru	0.000008	1	0	0
11909	24456153-395412-0-0	podborkino.com	0.000008	1	0	0
11858	77920991-1260281-0-0	zvukiknig.net	0.000008	2	0	0
11864	6438395-142108-0-0	e.mail.ru	0.000005	2	0	0
11865	6470026-1225601-0-0	sochi24.tv	0.000008	1	0	0
12507	24109265-190795-0-0	wlooks.ru	0.000001	1	0	0
11868	93683367-979907-0-0	aktnews.ru	0.000002	1	0	0
12507	53860908-339328-0-0	nukadeti-ru.turbopages.org	0.000008	1	0	0
11909	33397807-230529-0-0	m.tsargrad.tv	0.000068	1	0	0
12507	824402-44182-0-0	koolinar-ru.turbopages.org	0.000008	1	0	0
12507	7632479-149420-0-0	nation--news-ru.turbopages.org	0.000008	1	0	0
11909	907113-1271193-0-0	knigochei.org	0.000008	4	0	0
11909	49697278-424312-0-0	spb-metalloobrabotka.com	0.000008	1	0	0
12507	11284083-175926-0-0	enigma--project-ru.turbopages.org	0.000008	1	0	0
11857	49905584-324706-0-0	sport24-ru.turbopages.org	0.000008	1	0	0
9012	40621-491126-0-0	turkru.tv	0.000062	1	0	0
11865	92147898-728427-0-0	elektroklub-nn.ru	0.000008	2	0	0
12507	87448464-1270929-0-0	neuro--ural-ru.turbopages.org	0.000008	1	0	0
9012	36195-472385-0-0	www.mk.ru	0.000062	1	0	0
11864	1124250-54642-0-0	au.ru	0.000008	1	0	0
11865	92519834-734981-0-0	lightaudio.ru	0.000001	1	0	0
12507	44789605-281034-0-0	kuzov.info	0.000008	1	0	0
11865	61326047-410657-0-0	www.zelenograd.ru	0.000008	1	0	0
11909	39010788-262152-0-0	m.62info.ru	0.000008	1	0	0
11858	51452342-582170-0-0	howto-news.info	0.000074	1	0	0
12507	49657268-323488-0-0	mastergrad.com	0.000008	1	0	0
11857	728568-69138-0-0	pozdravok.ru	0.000008	2	0	0
11868	18373836-577237-0-0	gadalkindom.ru	0.000008	1	0	0
11909	783088-1358497-0-0	stroitelstvo21-ru.turbopages.org	0.000008	1	0	0
12507	34351736-270437-0-0	www.yaplakal.com	0.000008	1	0	0
11868	93683367-979907-0-0	aktnews.ru	0.000008	3	0	0
11868	89834739-627758-0-0	m.meteonova.ru	0.000008	1	0	0
11904	79857828-1262406-0-0	moyhoroshiy.ru	0.000008	1	0	0
12507	36143836-272894-0-0	car-ru.turbopages.org	0.000008	1	0	0
11909	399905-1174-0-0	montazh-servis-plyus.pulscen.ru	0.000008	1	0	0
11865	94208401-1355724-0-0	btn.cub3.ru	0.000008	1	0	0
12507	2257173-66223-0-0	moskidka.ru	0.000008	1	0	0
11909	5550422-138437-0-0	m.tvzvezda.ru	0.000008	1	0	0
11909	49905584-324706-0-0	sport24-ru.turbopages.org	0.000006	1	0	0
12507	65949452-646937-0-0	food.inmyroom.ru	0.000004	1	0	0
11865	91778881-709809-0-0	bph-saratov.ru	0.000008	1	0	0
12513	65443695-449419-0-0	www.ok-magazine.ru	0.000008	1	0	0
12507	64173066-444849-0-0	radiokp-ru.turbopages.org	0.000008	1	0	0
11908	3420410-122989-0-0	spb.regmarkets.ru	0.000008	1	0	0
11864	6438395-142108-0-0	e.mail.ru	0.000003	1	0	0
11868	1380725-208191-0-0	gazetabiznes.ru	0.000008	1	0	0
11904	52967063-335146-0-0	rttf.ru	0.000008	1	0	0
11865	88690383-611984-0-0	jaomix.ru	0.000008	1	0	0
12507	31023497-255643-0-0	zachestnyibiznes-ru.turbopages.org	0.000008	3	0	0
11909	49697278-488573-0-0	varimtutru.com	0.000008	1	0	0
12507	3156890-131454-0-0	kursremonta.ru	0.000008	1	0	0
14003	15737-576542-0-skam.online	skam.online	0.000074	1	0	0
12507	8562776-751411-0-0	dni.ru	0.000003	1	0	0
12512	8176469-155098-0-0	cheb.ru	0.000008	1	0	0
11868	7295714-188279-0-0	russian.rt.com	0.000008	1	0	0
12507	11648129-176547-0-0	iklife-ru.turbopages.org	0.000003	1	0	0
11865	61657907-412959-0-0	m.spletnik.ru	0.000008	1	0	0
11868	6557105-490701-0-0	www.m24.ru	0.000008	1	0	0
12507	3293020-752104-0-0	mhealth-ru.turbopages.org	0.000008	1	0	0
11858	93087228-768550-0-0	www.expertcen.ru	0.000008	1	0	0
12507	421377-258196-0-0	b17-ru.turbopages.org	0.000008	1	0	0
11857	7295714-153743-0-0	russian.rt.com	0.000008	1	0	0
11909	94031473-1207349-0-0	www.tursar.ru	0.000008	1	0	0
11868	95237519-1321104-0-0	kalina-2.ru	0.000008	1	0	0
11909	1873567-129758-0-0	mir24.tv	0.000074	1	0	0
12509	6746465-142629-0-0	hh.ru	0.000008	2	0	0
11909	64003581-441043-0-0	rosserial.be	0.000008	1	0	0
12507	498578-196262-0-0	lipetsk-kp-ru.turbopages.org	0.000007	1	0	0
11857	36338709-257091-0-0	visasam.ru	0.000008	1	0	0
11858	24111355-1291364-0-0	readmanga.io	0.000008	2	0	0
12512	36882225-627483-0-0	roomble.com	0.000005	1	0	0
12507	33530085-232061-0-0	rostov.cian.ru	0.000008	1	0	0
12507	95302188-1305346-0-0	yaznay-ru.turbopages.org	0.000008	2	0	0
11909	6438395-457268-0-0	youla.ru	0.000008	2	0	0
11864	38851855-261554-0-0	chaiknet.ru	0.000008	1	0	0
11860	2112549-91685-0-0	mirtesen.ru	0.000008	1	0	0
11864	5350121-136704-0-0	football.kulichki.net	0.000002	1	0	0
11857	2960135-423316-0-0	primpress.ru	0.000074	1	0	0
11868	93546597-919831-0-0	spb-mk-ru.turbopages.org	0.000008	1	0	0
12507	7132534-1277754-0-0	electricsexpert-ru.turbopages.org	0.000008	1	0	0
11905	39328596-344889-0-0	creditkin.guru	0.000008	1	0	0
12507	498578-196262-0-0	kp-ru.turbopages.org	0.000008	4	0	0
11909	1260679-245282-0-0	2shemi.ru	0.000008	1	0	0
11865	3160678-117540-0-0	www.city-n.ru	0.000074	1	0	0
11857	396626-1140-0-0	www.stroyportal.ru	0.000008	1	0	0
11868	3090793-147280-0-0	pravoved.ru	0.000008	2	0	0
11857	65101275-446888-0-0	www.ellegirl.ru	0.000008	1	0	0
12513	498578-26254-0-0	www.vrn.kp.ru	0.000008	1	0	0
11865	35126900-276687-0-0	www.omedvet.ru	0.000008	1	0	0
12507	2443167-1263714-0-0	analogist.ru	0.000008	1	0	0
12507	2412782-419506-0-0	www.avito.ru	0.000008	1	0	0
12507	93335226-830873-0-0	www.eg.ru	0.000074	1	0	0
12507	1412746-1325270-0-0	www.litmir.me	0.000005	1	0	0
11868	5092531-223754-0-0	ura-news.turbopages.org	0.000008	1	0	0
11909	87276007-592219-0-0	www.mk.ru	0.000074	1	0	0
11868	498578-1274707-0-0	www.kp.ru	0.000008	1	0	0
11865	89459135-1336852-0-0	21vekrus.ru	0.000008	1	0	0
11864	6438395-149027-0-0	kino.mail.ru	0.000008	2	0	0
11857	92519834-734980-0-0	hotplayer.ru	0.000008	1	0	0
12507	6548596-142197-0-0	tv-gubernia.ru	0.000008	1	0	0
11857	56336832-381479-0-0	m.tabor.ru	0.000008	2	0	0
11865	54770757-1312675-0-0	xn----btbkutdbneel0i.xn--p1ai	0.000008	1	0	0
11865	77920991-1260281-0-0	zvukiknig.net	0.000008	1	0	0
11909	1106755-326278-0-0	anekdotdom.ru	0.000008	1	0	0
12507	822550-670405-0-0	literoved.ru	0.000008	1	0	0
12507	34527282-243296-0-0	www.alpha-ag.ru	0.000008	1	0	0
12507	4923530-721898-0-0	ksk66.ru	0.000008	1	0	0
11909	385863-268124-0-0	banki-ru.turbopages.org	0.000008	1	0	0
12507	737991-54232-0-0	moe--online-ru.turbopages.org	0.000008	1	0	0
11904	2412782-419506-0-0	www.avito.ru	0.000008	1	0	0
11858	360988-499315-0-0	duality18.diary.ru	0.000008	1	0	0
12507	1754751-217718-0-0	forum.alcofan.com	0.000008	1	0	0
11909	2029124-87589-0-0	www.vzsar.ru	0.000008	1	0	0
11865	1024057-50948-0-0	eva.ru	0.000008	1	0	0
11865	483008-20811-0-0	www.webapteka.ru	0.000008	1	0	0
11865	493434-632873-0-0	astrofactor.ru	0.000008	1	0	0
11905	2862172-127319-0-0	obuchonok.ru	0.000008	1	0	0
12507	8240866-155688-0-0	www.belnovosti.by	0.000008	2	0	0
11864	89508281-635926-0-0	originalpoddelka.ru	0.000008	1	0	0
12507	4012495-76942-0-0	usamodelkina-ru.turbopages.org	0.000008	1	0	0
12509	65949452-515704-0-0	teleprogramma.pro	0.000008	2	0	0
12507	907113-1271193-0-0	knigochei.org	0.000008	1	0	0
11864	6438395-248298-0-0	youla.ru	0.000008	4	0	0
11858	93836300-1210014-0-0	www.bolshoyvopros.ru	0.000008	1	0	0
11857	15044768-265786-0-0	mangahub.ru	0.000074	3	0	0
12507	24063418-242868-0-0	stroy-podskazka.ru	0.000074	1	0	0
12507	1072605-202772-0-0	stroychik-ru.turbopages.org	0.000008	1	0	0
11909	3849096-126345-0-0	www.gorodche.ru	0.000008	1	0	0
11909	5804892-188569-0-0	domsdelat.ru	0.000074	1	0	0
11865	5878455-139705-0-0	7dach.ru	0.000008	1	0	0
12509	2918101-163843-0-0	www.u-mama.ru	0.000008	2	0	0
11865	94982353-1345233-0-0	www.kaluga-poisk.ru	0.000008	2	0	0
11864	65101275-577857-0-0	72.ru	0.000008	1	0	0
12507	7687782-282028-0-0	www.inopressa.ru	0.000008	1	0	0
12507	5315200-279118-0-0	naavtobuse.net	0.000008	1	0	0
9866	0-216200-0-0	www.lentainform.com	0.000038	1	0	0
11857	3345663-125727-0-0	kazanfirst.ru	0.000008	1	0	0
11858	2412782-419506-0-0	www.avito.ru	0.000008	28	0	0
11857	94346353-1289203-0-0	pokupkigoda.com	0.000008	1	0	0
11858	2412782-419506-0-0	www.avito.ru	0.000002	1	0	0
12509	443053-6367-0-0	mama66.ru	0.000008	1	0	0
12509	391591-136601-0-0	forum.vashdom.ru	0.000008	1	0	0
12507	3620199-326432-0-0	komiinform.ru	0.000008	1	0	0
11857	36859922-255561-0-0	medside-ru.turbopages.org	0.000008	1	0	0
11857	1428778-62775-0-0	forum.littleone.ru	0.000008	2	0	0
11860	91502151-676601-0-0	izhevsk.mk.ru	0.000008	1	0	0
11864	55290623-403089-0-0	strojka-gid.ru	0.000008	1	0	0
11858	4012495-76942-0-0	usamodelkina.ru	0.000008	1	0	0
12507	1047453-60410-0-0	chelseablues.ru	0.000008	1	0	0
11858	17298947-195429-0-0	helpiks.org	0.000008	1	0	0
11904	450596-9524-0-0	www.profinance.ru	0.000008	1	0	0
11858	3146533-755004-0-0	alternatio.org	0.000006	1	0	0
12507	504193-28011-0-0	www.zr.ru	0.000008	4	0	0
11864	39268175-263182-0-0	sitv.ru	0.000008	1	0	0
11864	6438395-147023-0-0	news.mail.ru	0.000004	1	0	0
12513	93918555-993875-0-0	www.intex-press.by	0.000008	1	0	0
11858	4002365-122295-0-0	zlataya.info	0.000008	1	0	0
12507	8379705-159020-0-0	smart-lab.ru	0.000008	3	0	0
12507	3536686-170218-0-0	medaboutme-ru.turbopages.org	0.000008	1	0	0
11864	6438395-149027-0-0	tv.mail.ru	0.000008	1	0	0
11865	56670279-383915-0-0	drevologia.ru	0.000008	1	0	0
12509	32559942-219555-0-0	polomkiauto.ru	0.000008	1	0	0
11857	1280510-143226-0-0	www.znak.com	0.000008	1	0	0
12507	5839191-236527-0-0	tvrain-ru.turbopages.org	0.000008	1	0	0
11905	537984-72590-0-0	www.iamcook.ru	0.000008	1	0	0
11909	30570339-658609-0-0	m.7days.ru	0.000074	2	0	0
11858	91611416-682887-0-0	fotoplaza.ru	0.000008	1	0	0
11909	974947-49517-0-0	www.9111.ru	0.000005	1	0	0
11858	8625293-179817-0-0	www.ontvtime.ru	0.000008	2	0	0
11860	883984-55480-0-0	www.kinoafisha.info	0.000008	2	0	0
11858	91281576-663753-0-0	www.noob-club.ru	0.000008	1	0	0
12507	79716593-546977-0-0	progorodsamara-ru.turbopages.org	0.000008	1	0	0
12507	51526388-159406-0-0	www.stranamam.ru	0.000008	1	0	0
11860	65101275-579431-0-0	www.elle.ru	0.000008	1	0	0
11909	6963345-143476-0-0	vestivrn-ru.turbopages.org	0.000008	1	0	0
11904	8157577-352414-0-0	love.ru	0.000008	1	0	0
11909	1913085-81261-0-0	montecarlo.ru	0.000004	1	0	0
11857	36493473-331129-0-0	primpress.ru	0.000008	3	0	0
12507	24063418-190744-0-0	vplate.ru	0.000074	1	0	0
11858	6746465-142629-0-0	hh.ru	0.000008	1	0	0
11865	24142277-191235-0-0	vyatka-grad.ru	0.000008	1	0	0
12513	63929029-430435-0-0	snob.ru	0.000074	1	0	0
11857	33397807-230529-0-0	tsargrad-tv.turbopages.org	0.000005	1	0	0
11868	36503745-252099-0-0	yapx.ru	0.000008	1	0	0
11858	93056858-757385-0-0	synapsenet.ru	0.000008	1	0	0
11865	36882225-477278-0-0	secondstreet.ru	0.000008	1	0	0
11857	87936520-601046-0-0	wap.love.mail.ru	0.000008	1	0	0
12507	498578-167170-0-0	www.kp.ru	0.000008	1	0	0
11868	503611-30324-0-0	spb.blizko.ru	0.000008	1	0	0
11858	67138575-460538-0-0	dating.ru	0.000008	1	0	0
12513	7174001-144727-0-0	vopros-remont.ru	0.000008	1	0	0
12509	883984-55588-0-0	www.popcornnews.ru	0.000008	1	0	0
11864	65101275-577844-0-0	76.ru	0.000008	1	0	0
12507	9334112-257078-0-0	melap.ru	0.000008	1	0	0
11858	1428778-62775-0-0	forum.littleone.ru	0.000008	1	0	0
12507	94504917-1247246-0-0	1plus1tv.ru	0.000074	1	0	0
11864	31979275-266301-0-0	alco-boss.com	0.000008	1	0	0
11909	2530420-201190-0-0	metanit.com	0.000008	1	0	0
11868	56663774-593146-0-0	dni.ru	0.000008	1	0	0
11909	49905584-324706-0-0	sport24.ru	0.000008	1	0	0
11909	93261812-810117-0-0	doramalive.ru	0.000074	2	0	0
12507	3977605-126662-0-0	medi.ru	0.000008	1	0	0
11858	419034-69122-0-0	autolada.ru	0.000008	2	0	0
11864	6438395-152036-0-0	sportmail.ru	0.000006	1	0	0
12507	89739637-948631-0-0	showgamer.com	0.000008	1	0	0
12507	51526388-614055-0-0	stranamam-ru.turbopages.org	0.000008	1	0	0
12507	93736421-989340-0-0	kylinariya.ru	0.000008	1	0	0
11857	1683593-210293-0-0	tomsk.jobfilter.ru	0.000008	1	0	0
11909	95840621-1356082-0-0	ohfashion.ru	0.000006	1	0	0
11865	1405310-481251-0-0	xn------6cdcaukcbarlebchgndd5cilbic8crmak4ajek7m5fc2a4k.xn--p1ai	0.000008	1	0	0
12507	1322075-70350-0-0	fb-ru.turbopages.org	0.000003	1	0	0
12507	479309-394513-0-0	nstarikov-ru.turbopages.org	0.000008	1	0	0
12507	93379862-1308094-0-0	banki-loans.turbopages.org	0.000008	2	0	0
11865	8562776-1256645-0-0	radio1.news	0.000008	1	0	0
11904	82182983-561692-0-0	vyborexperta.ru	0.000001	1	0	0
11857	1913078-162571-0-0	life-ru.turbopages.org	0.000005	1	0	0
11865	92386429-1307406-0-0	muzus.net	0.000008	1	0	0
11904	979409-284786-0-0	shop-lot.ru	0.000008	1	0	0
11857	439834-240654-0-0	xn--80ac9aeh6f.xn--p1ai	0.000008	1	0	0
11868	87276007-592219-0-0	www.mk.ru	0.000074	1	0	0
11868	1560494-670776-0-0	mail.rambler.ru	0.000008	1	0	0
12507	92281001-740914-0-0	mir--auto24-ru.turbopages.org	0.000008	1	0	0
11909	508343-49828-0-0	supersadovnik-ru.turbopages.org	0.000008	1	0	0
11905	2112549-91685-0-0	social.ren.tv	0.000008	1	0	0
11865	6557105-250544-0-0	www.interfax.ru	0.000074	1	0	0
12507	5350121-136704-0-0	football-kulichki-net.turbopages.org	0.000008	1	0	0
11857	61934491-415282-0-0	gatchina.superjob.ru	0.000008	1	0	0
11857	5092869-134625-0-0	echo-msk-ru.turbopages.org	0.000008	2	0	0
