BidCostStat	2.5
2021-11-06
11905	52535961-573192-0-0	social.trendymen.ru	0.000074	1	0	0
11868	1435993-595993-0-0	edimdoma-ru.turbopages.org	0.000008	1	0	0
12507	32657900-220340-0-0	iz-ru.turbopages.org	0.000008	1	0	0
11868	15075416-182841-0-0	amp.vestiprim.ru	0.000008	1	0	0
11857	33397807-230529-0-0	tsargrad-tv.turbopages.org	0.000008	1	0	0
12507	34927579-459280-0-0	pochva-net.turbopages.org	0.000008	1	0	0
11865	54687976-442385-0-0	simsbase.ru	0.000074	1	0	0
12507	1322075-479443-0-0	syl-ru.turbopages.org	0.000008	1	0	0
11909	2447581-1336074-0-0	m.sibkray.ru	0.000008	2	0	0
12507	18218482-186487-0-0	pogoda7.ru	0.000008	1	0	0
12507	52946227-335165-0-0	business--gazeta-ru.turbopages.org	0.000008	1	0	0
11865	91778881-699059-0-0	seventools.ru	0.000008	3	0	0
11868	92614311-739673-0-0	www.film.ru	0.000074	1	0	0
10009	921b9a310ba7fe3f8faef62525863751-a4395a1423e11b3d9	com.mod.craft.dragonpets	0.000096	1	0	0
13420	3172124-7492dc4f71f9ff9ee184c73ebbe2fb9e-0-Spider^20	com.cardgame.spider.fishdom	0.000096	1	0	0
11909	5804892-188569-0-0	domsdelat.ru	0.000074	1	0	0
11868	27064358-192495-0-0	pravoved.ru	0.000008	1	0	0
11909	34181456-705800-0-0	nikastroy.ru	0.000008	1	0	0
11909	50363257-327452-0-0	m.beboo.ru	0.000008	1	0	0
11857	51898059-1212039-0-0	doramy.top	0.000008	1	0	0
11868	1560494-485869-0-0	lenta.ru	0.000074	1	0	0
12507	93868403-991120-0-0	sportkp.ru	0.000008	2	0	0
12507	1345512-60623-0-0	donnews-ru.turbopages.org	0.000008	1	0	0
11865	897669-56459-0-0	pikabu.ru	0.000008	2	0	0
12507	3598907-330905-0-0	vokrug-tv.turbopages.org	0.000008	1	0	0
11857	3049060-115805-0-0	ng-ru.turbopages.org	0.000008	1	0	0
12507	71195898-486717-0-0	mbib.ru	0.000008	1	0	0
11858	951248-127611-0-0	infox.sg	0.000008	1	0	0
12507	91375058-669250-0-0	readd-org.turbopages.org	0.000008	2	0	0
11909	65443695-449419-0-0	www.ok-magazine.ru	0.000008	2	0	0
11857	38661274-742751-0-0	books-lib.com	0.000008	1	0	0
11909	40879015-268596-0-0	naavtotrasse.ru	0.000008	1	0	0
12507	897808-247369-0-0	aif-ru.turbopages.org	0.000008	1	0	0
11860	2390032-356910-0-0	www.msn.com	0.000008	1	0	0
11908	95592096-1333642-0-0	74forum.ru	0.000008	1	0	0
11865	88690383-611984-0-0	jaomix.ru	0.000008	1	0	0
11858	73147933-495963-0-0	makeword.ru	0.000008	1	0	0
11909	985920-49912-0-0	www.vidal.ru	0.000008	1	0	0
12507	478574-381897-0-0	gadgetok-ru.turbopages.org	0.000008	1	0	0
12507	36493473-331129-0-0	primpress.ru	0.000074	1	0	0
11857	31734734-354099-0-0	m.tabor.ru	0.000008	3	0	0
11858	522469-74936-0-0	www.qrz.ru	0.000008	1	0	0
11868	16674850-453149-0-0	com.espiru.mashinakg	0.000096	1	0	0
11909	650894-137154-0-0	www.reviewdetector.ru	0.000008	3	0	0
12507	3293020-129405-0-0	cosmo-ru.turbopages.org	0.000008	1	0	0
11865	92147898-844150-0-0	driverunpaid.ru	0.000008	1	0	0
11864	36161251-250731-0-0	avto.abw.by	0.000008	1	0	0
11909	65101275-575584-0-0	www.e1.ru	0.000008	2	0	0
11858	31902177-210520-0-0	gorod-novoross.ru	0.000008	1	0	0
12507	47713718-455204-0-0	practeco-ru.turbopages.org	0.000008	1	0	0
11909	3293020-129405-0-0	www.cosmo.ru	0.000008	1	0	0
11858	5599278-138742-0-0	www.atorus.ru	0.000008	1	0	0
11865	7689119-762213-0-0	moi-zhivotnye.ru	0.000008	1	0	0
11868	56291972-380221-0-0	moskvichmag-ru.turbopages.org	0.000008	3	0	0
11857	7546835-148644-0-0	chess-samara.ru	0.000008	1	0	0
12507	91622640-1337065-0-0	vmyatynnet-ru.turbopages.org	0.000008	1	0	0
11858	420776-2111-0-0	club443.ru	0.000008	1	0	0
12507	7012269-143742-0-0	moyafirma.com	0.000008	1	0	0
11858	39777815-281874-0-0	com.easybrain.solitaire	0.000096	1	0	0
12507	38243664-260292-0-0	domstrousam-ru.turbopages.org	0.000008	2	0	0
12507	35953935-258198-0-0	qwizz-ru.turbopages.org	0.000008	1	0	0
12507	1386626-586344-0-0	findanime.net	0.000074	1	0	0
11858	51898059-564676-0-0	tayga.info	0.000008	1	0	0
11909	56663774-602227-0-0	m.7days.ru	0.000074	1	0	0
12507	1918592-279312-0-0	biographe-ru.turbopages.org	0.000008	2	0	0
11858	951248-127611-0-0	ru.infox.sg	0.000008	1	0	0
11858	34620368-243457-0-0	pedlib.ru	0.000008	1	0	0
12507	65101275-576494-0-0	ufa1.ru	0.000008	1	0	0
12507	6564613-142211-0-0	marpravda-ru.turbopages.org	0.000008	1	0	0
12507	7417642-189039-0-0	gadalkindom.ru	0.000008	1	0	0
12507	36446828-281373-0-0	www.colady.ru	0.000008	1	0	0
11858	93118975-761297-0-0	7sisters.ru	0.000008	1	0	0
11868	36493473-331129-0-0	primpress.ru	0.000008	1	0	0
11857	51452342-582170-0-0	news-evi.net	0.000008	1	0	0
11909	2041892-126039-0-0	ruposters-ru.turbopages.org	0.000008	2	0	0
12507	92149542-716935-0-0	playmaker24.ru	0.000008	1	0	0
11909	30584463-209605-0-0	xtkani.ru	0.000008	1	0	0
11857	57648680-392466-0-0	onrealt.ru	0.000008	1	0	0
12512	51898059-1212039-0-0	doramy.top	0.000074	2	0	0
14003	15740-120386320-0-com.sir.racing.ultimatecardrivin	com.sir.racing.ultimatecardrivingsimulator	0.000096	1	0	0
11909	1286733-352090-0-0	pesni.guru	0.000008	1	0	0
11909	49657268-323488-0-0	mastergrad.com	0.000008	2	0	0
11909	87276007-592220-0-0	www.avtovzglyad.ru	0.000008	1	0	0
11857	805568-239247-0-0	cosmo-frost.ru	0.000008	1	0	0
11868	3136972-279320-0-0	intrends.ru	0.000008	1	0	0
11858	58502698-395640-0-0	www.yapokupayu.ru	0.000008	1	0	0
11909	85073372-579273-0-0	sergeysmirnovblog.ru	0.000008	1	0	0
12507	1921488-991788-0-0	inastana-kz.turbopages.org	0.000008	1	0	0
12507	7664547-442805-0-0	m--strana-ru.turbopages.org	0.000008	4	0	0
12507	504193-28011-0-0	www.zr.ru	0.000008	7	0	0
11858	8240866-155688-0-0	www.belnovosti.by	0.000008	1	0	0
11857	36143836-323472-0-0	car.ru	0.000008	1	0	0
11858	65101275-576549-0-0	63.ru	0.000008	1	0	0
11868	1616916-722899-0-0	brodude-ru.turbopages.org	0.000008	1	0	0
12368	0-216200-0-0	ren.tv	0.000074	1	0	0
9865	0-216200-0-0	ren.tv	0.000074	1	0	0
12507	1818286-348909-0-0	akkordam.ru	0.000008	1	0	0
12509	65101275-578839-0-0	www.psychologies.ru	0.000074	1	0	0
11909	92345956-740063-0-0	podarimvip.ru	0.000008	1	0	0
11909	66766876-458161-0-0	drongeek.ru	0.000008	1	0	0
11865	36882225-627483-0-0	roomble.com	0.000008	1	0	0
12507	5241520-186626-0-0	aznaetelivy.ru	0.000008	1	0	0
11858	77163618-564414-0-0	com.veraxen.colorbynumber.oilpainting	0.000096	1	0	0
11909	50187661-326213-0-0	ryazan.life	0.000008	1	0	0
12507	3536686-170218-0-0	medaboutme-ru.turbopages.org	0.000008	1	0	0
11904	73622320-500250-0-0	ktv-ray.ru	0.000008	3	0	0
12507	2745781-289019-0-0	gruzdevv.ru	0.000008	1	0	0
11858	77920991-1260281-0-0	zvukiknig.net	0.000008	1	0	0
11868	92386429-746409-0-0	telik.top	0.000008	1	0	0
12507	7687782-448212-0-0	profile.ru	0.000008	4	0	0
11857	63615999-428378-0-0	wikiparazit.ru	0.000008	1	0	0
11909	1960522-271063-0-0	role-me.ru	0.000074	1	0	0
11865	91778991-1241177-0-0	greatiptv.ru	0.000008	1	0	0
12507	91622640-844270-0-0	furnilux-ru.turbopages.org	0.000008	1	0	0
11909	49905584-324706-0-0	sport24-ru.turbopages.org	0.000008	2	0	0
11864	6438395-147024-0-0	horo.mail.ru	0.000008	1	0	0
12507	49905584-324706-0-0	sport24.ru	0.000008	1	0	0
12507	42813817-276165-0-0	znak-com.turbopages.org	0.000008	1	0	0
13420	3373221-33ab44d2086891c13ae9d4055108625a-0-Catch^20	zahleb.me	0.000096	1	0	0
12507	36165690-250765-0-0	hi--fi-ru.turbopages.org	0.000008	2	0	0
12507	2447581-1336074-0-0	m.sibkray.ru	0.000008	2	0	0
11864	92345956-740063-0-0	podarimvip.ru	0.000008	1	0	0
11868	1412746-580826-0-0	www.litmir.me	0.000008	2	0	0
12512	6746465-142629-0-0	hh.ru	0.000008	1	0	0
14123	7-313535353434385f3237393838-0-impossible^20car^20stun	com.impossible.tracks.real.race.games	0.000898	1	0	0
11909	65101275-575584-0-0	m.e1.ru	0.000008	1	0	0
11865	9577719-990556-0-0	vk-look.com	0.000008	1	0	0
11864	42813817-276165-0-0	www.znak.com	0.000008	1	0	0
11858	1637878-69200-0-0	chepetsk.ru	0.000008	1	0	0
11857	35802274-345755-0-0	sochinimka.ru	0.000008	1	0	0
12507	3293020-125354-0-0	goodhouse-ru.turbopages.org	0.000008	4	0	0
11865	65101275-447110-0-0	63.ru	0.000008	1	0	0
11858	5842102-505034-0-0	blizko.pro	0.000008	1	0	0
11909	66475862-459160-0-0	tagilcity-ru.turbopages.org	0.000008	1	0	0
11858	6746465-142629-0-0	hh.ru	0.000008	1	0	0
12507	1024057-50948-0-0	eva-ru.turbopages.org	0.000008	2	0	0
11909	845311-45272-0-0	m.rosbalt.ru	0.000074	1	0	0
12507	65101275-447110-0-0	63-ru.turbopages.org	0.000008	1	0	0
11909	5154756-111833-0-0	ya-vyazhu.ru	0.000008	1	0	0
12507	951248-127611-0-0	infox.sg	0.000008	1	0	0
11909	92256957-721745-0-0	muskul.pro	0.000008	1	0	0
11865	92519834-734980-0-0	hotplayer.ru	0.000008	1	0	0
11904	73222433-496671-0-0	fotomoe.d3.ru	0.000008	1	0	0
12507	44627055-451871-0-0	www.alcorecept.ru	0.000008	1	0	0
12507	523900-231491-0-0	teleprogramma-pro.turbopages.org	0.000008	1	0	0
11909	8562776-751706-0-0	www.irk.kp.ru	0.000008	1	0	0
11858	87936520-601046-0-0	love.mail.ru	0.000008	9	0	0
12507	2443167-341502-0-0	rybki.guru	0.000008	1	0	0
11868	73757012-590689-0-0	woodcraftsman.ru	0.000008	1	0	0
12509	1026890-232200-0-0	expertpovolosam.com	0.000074	1	0	0
12507	8236148-168743-0-0	baby-ru.turbopages.org	0.000008	1	0	0
8592	bc6f8ee4927b54c40d5637b00a1d7789-e9c1ad91e385d241d	com.tfgco.apps.coloring.free.color.by.number	0.000096	2	0	0
11857	87936520-601046-0-0	www.mamba.ru	0.000008	2	0	0
11865	54817670-1311948-0-0	wsesw.ru	0.000008	1	0	0
11860	45746419-284959-0-0	schlock.ru	0.000074	1	0	0
11909	39781679-720502-0-0	moreprodukt-info.turbopages.org	0.000008	1	0	0
11791	9df7f8c0217efca328edc86154acacfe-94c28057d0ed22edc	com.sir.racing.ultimatecardrivingsimulator	0.000096	2	0	0
12507	9185691-347397-0-0	dreammoto.ru	0.000008	1	0	0
11868	71762058-600850-0-0	geektarget.ru	0.000008	1	0	0
11909	927410-173674-0-0	bidbaits.ru	0.000008	1	0	0
12507	93584132-938732-0-0	wer-ru.turbopages.org	0.000008	2	0	0
12507	775153-334670-0-0	credits.ru	0.000008	1	0	0
11909	91774418-1243677-0-0	avto--layn-ru.turbopages.org	0.000008	2	0	0
14123	10130-343934343037375f3336363237-0-0	speedostream.com	0.000898	4	0	0
11909	3293020-129367-0-0	www.popmech.ru	0.000008	2	0	0
11857	49657268-323488-0-0	mastergrad.com	0.000008	1	0	0
12507	36859922-255561-0-0	medside-ru.turbopages.org	0.000008	3	0	0
11905	70390261-745834-0-0	fapl.ru	0.000008	1	0	0
12507	82436991-561344-0-0	kostroma.today	0.000008	1	0	0
11858	41724942-336240-0-0	libking.ru	0.000008	1	0	0
12507	40856380-268509-0-0	kotoholik-com.turbopages.org	0.000008	3	0	0
10009	5a4e6f1a78fd3304d40336db5c3d6550-692adc1063017df35	com.gamestart.moshquito	0.000096	1	0	0
11909	93261812-810117-0-0	doramalive.ru	0.000074	2	0	0
12507	53860908-339328-0-0	nukadeti-ru.turbopages.org	0.000008	1	0	0
11860	53075303-335687-0-0	noomind.ru	0.000008	1	0	0
12512	65101275-447176-0-0	www.nn.ru	0.000008	1	0	0
12507	6477779-284177-0-0	sims4pack.ru	0.000008	2	0	0
11909	398158-22452-0-0	www.greeninfo.ru	0.000008	1	0	0
11868	371996-604546-0-0	wikiway.com	0.000008	1	0	0
11858	3951771-437933-0-0	coollib.net	0.000008	1	0	0
12507	56291972-380221-0-0	moskvichmag-ru.turbopages.org	0.000008	1	0	0
11865	92612178-739616-0-0	learnsongs.ru	0.000008	1	0	0
11857	41724942-336240-0-0	libking.ru	0.000008	1	0	0
11868	8562776-753408-0-0	pda.orsk.ru	0.000008	1	0	0
11858	8625293-179817-0-0	www.ontvtime.ru	0.000008	1	0	0
12509	91864171-708690-0-0	www.vesti.ru	0.000074	2	0	0
11868	93683367-979907-0-0	aktnews.ru	0.000008	2	0	0
12507	49657268-323488-0-0	mastergrad.com	0.000008	1	0	0
11868	18373836-577237-0-0	gadalkindom.ru	0.000008	1	0	0
12507	90720690-643887-0-0	mir-knig.com	0.000008	10	0	0
12507	88546469-708736-0-0	www.kleo.ru	0.000074	4	0	0
11909	43061655-276631-0-0	m.vz.ru	0.000008	1	0	0
11868	571882-151526-0-0	ru.rian.rianiphone	0.000096	1	0	0
9866	0-216200-0-0	m.7days.ru	0.000074	2	0	0
10009	b0e92ca5d254de5b14bf5425e44c172b-273eb6517c3a3e0fd	1505735640	0.000096	1	0	0
12507	1180293-56287-0-0	www.kaluga-poisk.ru	0.000008	2	0	0
12507	51535399-330489-0-0	v-tagile.ru	0.000008	1	0	0
11868	2412782-419507-0-0	m.avito.ru	0.000008	11	0	0
11791	817-4030-0-0	animedub.ru	0.000074	1	0	0
12507	7687782-448212-0-0	profile.ru	0.000074	7	0	0
12507	24063418-190745-0-0	o-krohe.ru	0.000074	1	0	0
11857	1560494-225212-0-0	championat-com.turbopages.org	0.000008	3	0	0
11905	10322213-277627-0-0	100realt.ru	0.000008	1	0	0
11865	1560494-351421-0-0	comments.rambler.ru	0.000008	1	0	0
12507	31536440-208762-0-0	studopedia.org	0.000008	1	0	0
12507	67632165-464019-0-0	en.kartaslov.ru	0.000008	1	0	0
12507	1801033-247350-0-0	mangalib.me	0.000008	5	0	0
11865	92439317-755092-0-0	americausa.ru	0.000008	1	0	0
11864	87828462-739756-0-0	blognesco.ru	0.000008	1	0	0
11868	36493473-331129-0-0	primpress.ru	0.000074	4	0	0
11858	4392400-129253-0-0	citaty.info	0.000008	1	0	0
10009	57df7a332b78fae37bf1e19756172faa-87e41006fbd8cf417	com.app.booster.cleaner.batterysaver.boost.cleanmaster	0.000096	1	0	0
11909	36493473-331129-0-0	primpress.ru	0.000074	4	0	0
12507	7687782-1281863-0-0	news.myseldon.com	0.000008	1	0	0
12512	6746465-142629-0-0	voronezh.hh.ru	0.000008	1	0	0
11791	5612a3bc3e191c220327d9fad1ca0814-6cda22ab4f14817d7	com.launcher.smart.android	0.000096	1	0	0
11857	7687782-448212-0-0	profile.ru	0.000008	2	0	0
11904	932092-344005-0-0	flashroom.ru	0.000008	1	0	0
11904	8157577-352414-0-0	love.ru	0.000008	3	0	0
14123	7-313535353434385f3237393838-0-impossible^20car^20stun	com.impossible.tracks.real.race.games	0.001403	2	2	0
12507	33260058-468006-0-0	litbro-ru.turbopages.org	0.000008	1	0	0
11857	65101275-446888-0-0	www.ellegirl.ru	0.000008	3	0	0
12507	34166535-391534-0-0	1gai.ru	0.000008	1	0	0
11857	2960135-423317-0-0	konkurent.ru	0.000008	1	0	0
12507	48537776-547400-0-0	jut.su	0.000074	2	0	0
11909	91114828-653308-0-0	cyberleninka.ru	0.000008	1	0	0
9864	0-216200-0-0	m.7days.ru	0.000074	2	0	0
12507	92945426-752689-0-0	sibdepo-ru.turbopages.org	0.000008	1	0	0
11904	87276007-592219-0-0	www.mk.ru	0.000074	3	0	0
12507	1650869-235105-0-0	novayagazeta-ru.turbopages.org	0.000008	1	0	0
12507	51452342-582170-0-0	news.news-evi.net	0.000008	1	0	0
12507	91083793-1238391-0-0	ru.jobsora.com	0.000008	2	0	0
12507	63430708-492028-0-0	rg-gaming.ru	0.000008	1	0	0
11857	452669-10552-0-0	bus.tutu.ru	0.000008	1	0	0
11909	61657907-412959-0-0	m.spletnik.ru	0.000008	3	0	0
11904	5350121-136704-0-0	football.kulichki.net	0.000008	3	0	0
11909	1796140-74795-0-0	damataro.ru	0.000008	1	0	0
11858	1310157-59673-0-0	darudar.org	0.000008	1	0	0
11858	24111355-1291364-0-0	readmanga.io	0.000008	5	0	0
11909	500274-97839-0-0	uraloved-ru.turbopages.org	0.000008	3	0	0
12507	82927845-564812-0-0	englishka.ru	0.000008	1	0	0
11909	1399964-1311574-0-0	pythonru.com	0.000008	6	0	0
12507	4115759-273827-0-0	newlogan.ru	0.000008	1	0	0
11865	54817670-382757-0-0	jokeru.ru	0.000008	1	0	0
11858	93683367-979907-0-0	aktnews.ru	0.000008	2	0	0
12507	6416478-143619-0-0	kudatumen.ru	0.000008	3	0	0
12507	1728009-162266-0-0	1tv-ru.turbopages.org	0.000008	5	0	0
11857	53377211-1355976-0-0	shtorydekor-ru.turbopages.org	0.000008	1	0	0
11858	1728009-162266-0-0	www.1tv.ru	0.000008	1	0	0
11857	38661274-637001-0-0	knigkindom.ru	0.000008	1	0	0
11857	2412782-419507-0-0	m.avito.ru	0.000008	1	0	0
11858	4342450-128930-0-0	topwar.ru	0.000008	1	0	0
10009	7077dd351fc0176eb6cc50f793f23f04-b3309ac9f9d063005	jp.dawn.mirrorcakes	0.000096	1	0	0
11909	34527282-243296-0-0	www.alpha-ag.ru	0.000074	1	0	0
11909	67329156-462096-0-0	1001goroskop.ru	0.000008	1	0	0
12509	65949452-570891-0-0	www.sunhome.ru	0.000008	1	0	0
12507	68133542-467211-0-0	osnmedia-ru.turbopages.org	0.000008	2	0	0
14003	12643-318906-0-lentainform.com	www.lentainform.com	0.000074	1	0	0
11909	39143971-262604-0-0	vkusno-raznosti.ru	0.000008	1	0	0
12507	1133796-430869-0-0	www.rulit.me	0.000008	3	0	0
12507	65101275-479384-0-0	fontanka-ru.turbopages.org	0.000008	1	0	0
11864	65101275-576549-0-0	63.ru	0.000008	1	0	0
11858	39777815-266906-0-0	com.easybrain.sudoku.ios	0.000096	4	0	0
8592	d175edc338fd33fa1c8c2da3918f86ef-0217c8afae9ebc530	com.outfit7.talkinggingerfree	0.000096	2	0	0
11857	3849096-126345-0-0	www.gorodche.ru	0.000008	1	0	0
11909	93087228-768550-0-0	www.expertcen.ru	0.000008	3	0	0
11864	51543156-330548-0-0	www.rusfootball.info	0.000008	1	0	0
12507	77012517-688168-0-0	vsepodelki.guru	0.000008	1	0	0
11868	66475862-459160-0-0	atas-info.turbopages.org	0.000008	1	0	0
11909	1432019-400402-0-0	www.glaz.tv	0.000074	1	0	0
12507	3281497-226986-0-0	sport--express-ru.turbopages.org	0.000008	3	0	0
12507	61701008-636058-0-0	vannaitualet-ru.turbopages.org	0.000008	1	0	0
13266	1-0	sortpuz.water.sort.puzzle.game	0.000096	1	0	0
11909	79428861-545653-0-0	ranobes.com	0.000008	1	0	0
12507	91122342-653694-0-0	fanat1k.ru	0.000008	1	0	0
12507	24111355-1291364-0-0	readmanga.io	0.000008	5	0	0
12507	2571917-108562-0-0	www.penzainform.ru	0.000008	1	0	0
11864	6438395-147025-0-0	my.mail.ru	0.000074	13	0	0
12507	18373836-810377-0-0	pythonstart.ru	0.000008	1	0	0
12507	84095089-571613-0-0	news-obozrevatel-com.turbopages.org	0.000008	1	0	0
11868	897808-138129-0-0	aif.ru	0.000008	1	0	0
11857	95810820-1353271-0-0	infoarizona.ru	0.000008	1	0	0
12507	5092531-249399-0-0	momenty-org.turbopages.org	0.000008	1	0	0
11864	6438395-248298-0-0	youla.ru	0.000008	4	0	0
11868	65101275-683488-0-0	ru.fontanka.client	0.000096	1	0	0
11858	7784038-185073-0-0	101android.ru	0.000008	1	0	0
12507	92453275-732287-0-0	11novosti.ru	0.000008	2	0	0
12507	36883728-570299-0-0	castlepeak-ru.turbopages.org	0.000008	1	0	0
11864	49905584-324706-0-0	sport24.ru	0.000008	1	0	0
12507	49608361-418964-0-0	1000.menu	0.000008	2	0	0
12507	94622541-1341294-0-0	kyhni-guru.turbopages.org	0.000008	1	0	0
11858	93462691-882850-0-0	avelango.com	0.000008	1	0	0
12507	951248-48398-0-0	infox-ru.turbopages.org	0.000008	1	0	0
11904	369305-1038-0-0	3dnews.ru	0.000008	2	0	0
11909	7817959-424424-0-0	rustih.ru	0.000008	1	0	0
11865	5387468-155559-0-0	zebra-tv.ru	0.000008	1	0	0
11905	19652095-989223-0-0	namenu.ru	0.000008	1	0	0
11864	6438461-709396-0-0	ok.ru	0.000074	3	0	0
11909	2918101-163843-0-0	www.u-mama.ru	0.000008	1	0	0
11868	71813031-545728-0-0	www.gismeteo.ru	0.000008	3	0	0
11909	6863122-142919-0-0	wolsk.ru	0.000008	1	0	0
11865	1310157-59673-0-0	darudar.org	0.000008	1	0	0
11865	483008-20811-0-0	www.webapteka.ru	0.000008	1	0	0
11905	2112549-91685-0-0	kote.mirtesen.ru	0.000008	1	0	0
12507	44687504-280924-0-0	itsmycity.ru	0.000008	1	0	0
11858	65101275-578374-0-0	www.nn.ru	0.000008	1	0	0
12507	30394981-245919-0-0	polzablog-ru.turbopages.org	0.000008	1	0	0
13812	2975741273-188602580-0-0	gdz-putina.info	0.001011	1	0	0
11909	1852631-90024-0-0	fanfics.me	0.000008	1	0	0
12507	65101275-576549-0-0	63.ru	0.000008	1	0	0
11865	2412782-419506-0-0	www.avito.ru	0.000008	60	0	0
11909	1960522-271063-0-0	role-me.ru	0.000008	1	0	0
11909	3849512-125905-0-0	www.liveinternet.ru	0.000008	1	0	0
11858	51452342-496695-0-0	daily-inform.ru	0.000008	1	0	0
12507	1412746-1311445-0-0	m.iamcook.ru	0.000008	1	0	0
12507	19548583-189727-0-0	help-wifi.com	0.000008	1	0	0
11909	503955-28191-0-0	cattish.ru	0.000008	1	0	0
11864	6438395-147023-0-0	news.mail.ru	0.000008	3	0	0
12507	39781679-720502-0-0	moreprodukt-info.turbopages.org	0.000008	1	0	0
11857	34521910-357240-0-0	topnovoje.mediasole.ru	0.000008	1	0	0
12507	8984986-459306-0-0	vdome.club	0.000008	1	0	0
12507	51468706-330066-0-0	vz-ru.turbopages.org	0.000008	2	0	0
9866	0-216200-0-0	www.drive.ru	0.000074	1	0	0
14056	0-216200-0-0	tass.ru	0.000074	2	0	0
11909	6438395-353890-0-0	tv.mail.ru	0.000008	10	0	0
12509	65949452-515704-0-0	teleprogramma.pro	0.000008	4	0	0
12512	498578-26254-0-0	www.kp.ru	0.000008	1	0	0
12507	494474-102843-0-0	otzovik.com	0.000008	10	0	0
11865	55975826-355892-0-0	womaninstinct.ru	0.000074	1	0	0
11858	91483064-675473-0-0	www.tomat-pomidor.com	0.000008	1	0	0
12507	2412782-419507-0-0	m.avito.ru	0.000008	16	0	0
12507	3598907-329895-0-0	ntv-ru.turbopages.org	0.000008	2	0	0
12507	53377211-1355976-0-0	shtorydekor-ru.turbopages.org	0.000008	2	0	0
12507	407197-141296-0-0	ichip.ru	0.000008	1	0	0
11858	92519834-1339798-0-0	my.mp3ha.org	0.000008	2	0	0
9866	0-216200-0-0	tass.ru	0.000074	2	0	0
12509	65949452-542792-0-0	radiokp.ru	0.000008	2	0	0
10009	c4aa8308a439098c2d94c3869e427d33-c604565d027e38c77	com.blackfoxentertainment.driftlegends	0.000096	1	0	0
11868	1560494-268369-0-0	passion-ru.turbopages.org	0.000008	1	0	0
11857	20438162-563646-0-0	m.realnoevremya.ru	0.000008	1	0	0
12507	5510286-138138-0-0	razlozhi.ru	0.000008	1	0	0
11909	3293020-129405-0-0	cosmo-ru.turbopages.org	0.000008	1	0	0
12507	1801033-247350-0-0	mangalib.me	0.000074	13	0	0
12507	39446401-263737-0-0	stavropolye.tv	0.000008	1	0	0
12513	65101275-447180-0-0	pogoda.e1.ru	0.000008	1	0	0
12507	407197-158840-0-0	lisa-ru.turbopages.org	0.000008	2	0	0
12507	95451974-1318821-0-0	avto-russia.ru	0.000008	1	0	0
12507	69891566-602765-0-0	udipedia-live.ru	0.000008	1	0	0
12507	80528601-603934-0-0	ozva.ru	0.000008	1	0	0
12507	441536-99196-0-0	fapl.ru	0.000008	2	0	0
11868	34382785-242460-0-0	chelyabinsk.vsn.ru	0.000008	1	0	0
12507	10018531-248049-0-0	1tulatv.ru	0.000008	1	0	0
11865	91864171-708690-0-0	www.vesti.ru	0.000074	1	0	0
11909	33397807-230529-0-0	tsargrad.tv	0.000008	3	0	0
11858	2412782-419506-0-0	www.avito.ru	0.000008	25	0	0
12507	5944285-618764-0-0	womantell.ru	0.000008	1	0	0
12512	44687504-280924-0-0	itsmycity.ru	0.000008	1	0	0
11865	88690383-611984-0-0	jaomix.ru	0.000074	1	0	0
11858	33337629-229707-0-0	domikelectrica.ru	0.000008	1	0	0
11904	30815141-201717-0-0	thedifference.ru	0.000008	1	0	0
11857	41724942-333441-0-0	libcat.ru	0.000008	2	0	0
12507	85690375-582820-0-0	35media-ru.turbopages.org	0.000008	1	0	0
11857	38661274-725920-0-0	doramiru.com	0.000008	1	0	0
11868	51468706-330066-0-0	vz-ru.turbopages.org	0.000008	1	0	0
12509	65949452-453595-0-0	rg.ru	0.000008	1	0	0
12507	3293020-129367-0-0	popmech-ru.turbopages.org	0.000008	8	0	0
12507	3259070-533192-0-0	sysadmin--note-ru.turbopages.org	0.000008	1	0	0
12507	8153363-187978-0-0	foodandhealth-ru.turbopages.org	0.000008	2	0	0
11864	65101275-447118-0-0	do.e1.ru	0.000008	1	0	0
11857	24142277-191235-0-0	vyatka-grad.ru	0.000008	1	0	0
13420	3172124-7e829b6e510b447e345e321d187c07f3-0-Solitai	com.cardgame.solitaire.fishdom	0.000096	1	0	0
11905	2112549-91685-0-0	mirtesen.ru	0.000008	7	0	0
12507	5225850-135725-0-0	m.4rav.ru	0.000008	1	0	0
11905	91380035-669450-0-0	posmotre.li	0.000008	1	0	0
11860	88121411-603873-0-0	4eva.ru	0.000074	1	0	0
11865	93335226-830873-0-0	www.eg.ru	0.000074	3	0	0
11858	7867970-208469-0-0	sinonim.org	0.000008	1	0	0
12507	47669093-650320-0-0	vemiru.ru	0.000074	1	0	0
12507	36493473-331594-0-0	konkurent.ru	0.001011	1	0	0
13266	1-0	sortpuz.water.sort.puzzle.game	0.00012	0	2	0
11868	61554-46902-0-0	kulturologia-ru.turbopages.org	0.000008	1	0	0
14123	1-3330343132373434365f3237393838-0-PerfectVideoCut	video.cut.editor	0.000898	2	0	0
11909	36493473-331129-0-0	primpress.ru	0.000008	7	0	0
11909	49905584-324706-0-0	amp.sport24.ru	0.000008	2	0	0
11905	90953166-652908-0-0	megadizajn.ru	0.000008	1	0	0
11865	8562776-752596-0-0	www.sport-express.ru	0.000074	1	0	0
11791	9df7f8c0217efca328edc86154acacfe-8d35c5efeee10c053	com.dodreams.driveahead	0.000096	1	0	0
11864	18373836-576995-0-0	online.anidub.com	0.000008	4	0	0
11864	5350121-136704-0-0	football.kulichki.net	0.000008	2	0	0
9866	0-216200-0-0	www.lentainform.com	0.000074	8	0	0
11858	45726564-284850-0-0	clipart-db.ru	0.000008	1	0	0
11865	3429425-123112-0-0	www.dusterclubs.ru	0.000008	1	0	0
12507	91235966-660718-0-0	lifehacker-ru.turbopages.org	0.000008	7	0	0
11868	897808-143560-0-0	ru.mobifactor.aifnews	0.000096	1	0	0
12507	31266300-205913-0-0	riavrn.ru	0.000008	1	0	0
11864	7611998-149255-0-0	professionali.ru	0.000074	1	0	0
11857	1560494-344753-0-0	gazeta-ru.turbopages.org	0.000008	1	0	0
11860	1728009-162266-0-0	www.1tv.ru	0.000008	1	0	0
12507	7632479-149419-0-0	riafan.ru	0.000008	1	0	0
11868	68448282-496563-0-0	ru.nardecasino.game	0.000096	1	0	0
12507	92651734-741400-0-0	forums.kuban.ru	0.000008	1	0	0
11865	8562776-1204013-0-0	m.realnoevremya.ru	0.000008	1	0	0
12507	51898059-1290934-0-0	playmaker24.ru	0.000008	1	0	0
12507	2150714-95972-0-0	www.forens-med.ru	0.000008	1	0	0
11857	51468706-330066-0-0	m.vz.ru	0.000008	8	0	0
11868	3003711-114821-0-0	russian7.ru	0.000008	1	0	0
11868	8240168-505071-0-0	ru.thousandcardgame.android	0.000096	2	0	0
12509	65949452-777073-0-0	tass.ru	0.000074	2	0	0
11864	2214953-342128-0-0	www.ural56.ru	0.000008	1	0	0
11868	1560494-327099-0-0	travel.rambler.ru	0.000008	1	0	0
12507	2268602-268597-0-0	androidinsider-ru.turbopages.org	0.000008	1	0	0
12507	61554-46902-0-0	kulturologia-ru.turbopages.org	0.000008	2	0	0
12512	407197-196583-0-0	forum.ivd.ru	0.000008	1	0	0
12507	498578-196262-0-0	kp-ru.turbopages.org	0.000008	6	0	0
11857	14912667-223742-0-0	stories--of--success-ru.turbopages.org	0.000008	1	0	0
11858	1428778-62775-0-0	forum.littleone.ru	0.000008	1	0	0
11858	5584162-138578-0-0	gb.anekdot.ru	0.000008	1	0	0
11909	90720690-643887-0-0	mir-knig.com	0.000008	8	0	0
12509	73222433-496671-0-0	d3.ru	0.000008	1	0	0
11868	35650980-513061-0-0	ktv-ray.ru	0.000008	4	0	0
11868	8562776-752096-0-0	www.vesti.ru	0.000074	1	0	0
12507	907113-1271193-0-0	knigochei.org	0.000008	3	0	0
11857	999596-50346-0-0	gtrk--vyatka-ru.turbopages.org	0.000008	1	0	0
11857	65101275-578374-0-0	m.nn.ru	0.000008	1	0	0
11909	88830169-613977-0-0	kvartelia.ru	0.000008	1	0	0
11909	1718328-210972-0-0	cont.ws	0.000008	1	0	0
11864	6438395-142108-0-0	e.mail.ru	0.000008	16	0	0
11858	61678927-1206244-0-0	bookzip.avivas.online	0.000008	1	0	0
12507	5092531-223754-0-0	ura-news.turbopages.org	0.000008	1	0	0
11868	8240168-514831-0-0	com.thousandcardgame.android.huawei	0.000096	1	0	0
11857	1810758-88753-0-0	ivbb.ru	0.000008	1	0	0
12507	49849497-1288459-0-0	zensovet-ru.turbopages.org	0.000008	1	0	0
11864	51898059-487857-0-0	kg-portal.ru	0.000008	1	0	0
11909	974947-49517-0-0	9111-ru.turbopages.org	0.000008	1	0	0
11865	92519834-1274099-0-0	muzup.ru	0.000008	1	0	0
13420	36277-70b4a2c378f9688094b50375c1dcde9d-0-Let's^20Be^20	com.kwalee.letsbecops	0.000096	1	0	0
11865	46431776-287922-0-0	reactor.cc	0.000008	2	0	0
12507	1322075-70350-0-0	fb-ru.turbopages.org	0.000008	2	0	0
11865	41406407-474492-0-0	maslohelp.ru	0.000008	1	0	0
12507	91864171-708690-0-0	www.vesti.ru	0.000074	3	0	0
12507	34408360-242635-0-0	psy.wikireading.ru	0.000074	1	0	0
11868	77224909-536401-0-0	com.streu.wordsinword	0.000096	1	0	0
12507	1412746-580826-0-0	www.litmir.me	0.000008	3	0	0
12507	51526388-614055-0-0	stranamam-ru.turbopages.org	0.000008	1	0	0
11904	41406407-474492-0-0	maslohelp.ru	0.000008	1	0	0
12507	38661274-637001-0-0	knigkindom.ru	0.000008	1	0	0
12509	67632165-464019-0-0	kartaslov.ru	0.000008	1	0	0
12507	64003581-441043-0-0	rosserial.be	0.000008	1	0	0
12507	65101275-447131-0-0	e1-ru.turbopages.org	0.000008	1	0	0
12507	504193-28011-0-0	zr-ru.turbopages.org	0.000008	1	0	0
12507	26809064-675583-0-0	avtika.ru	0.000008	1	0	0
11865	89739637-1263037-0-0	www.eg.ru	0.000074	1	0	0
11791	3e52d973e5514591aa33dfa9944a22c0-2dea3e9d2e35437c2	com.hgamesart.ropemummy	0.000096	1	0	0
11909	46930085-289483-0-0	hozobzor.ru	0.000008	1	0	0
11868	34382785-242460-0-0	bataysk.vsn.ru	0.000008	1	0	0
12507	51526388-237403-0-0	povarenok-ru.turbopages.org	0.000008	2	0	0
12507	15075416-182841-0-0	vestiprim.ru	0.000008	1	0	0
12507	65101275-578603-0-0	www.fontanka.ru	0.000008	3	0	0
11868	34382785-242460-0-0	kudrovo.vsn.ru	0.000008	1	0	0
11858	39777815-409217-0-0	com.easybrain.jigsaw.puzzles	0.000096	2	0	0
14055	0-216200-0-0	sonnik.expert	0.000074	1	0	0
12512	34722893-243892-0-0	podolsk.jsprav.ru	0.000008	1	0	0
14123	1-32373937355f3237393838-0-Mini-Golf:-Retro	com.bitofgame.minigolfretro	0.000898	1	0	0
11857	4682439-130997-0-0	sevastopol.su	0.000008	1	0	0
11865	1435761-144233-0-0	gto-normativy.ru	0.000008	1	0	0
11857	7632479-149419-0-0	riafan-ru.turbopages.org	0.000008	1	0	0
12507	94471171-1347064-0-0	avr.next-video.ru	0.000008	15	0	0
12507	1616916-722899-0-0	brodude-ru.turbopages.org	0.000008	1	0	0
11909	91004178-649966-0-0	bigspravka.ru	0.000008	1	0	0
12507	14130694-738461-0-0	toppeoples.ru	0.000008	2	0	0
12507	82757547-564359-0-0	izhlife.ru	0.000008	1	0	0
11857	54709207-344888-0-0	com.fugo.wow	0.000096	21	0	0
12509	44042202-381862-0-0	intertat.tatar	0.000008	1	0	0
12507	26809064-715176-0-0	lemzspb.ru	0.000008	1	0	0
11868	3090793-147280-0-0	pravoved.ru	0.000008	3	0	0
12507	1528997-89051-0-0	ladyelena-ru.turbopages.org	0.000008	2	0	0
12507	2276753-214687-0-0	bokovina-ru.turbopages.org	0.000008	1	0	0
11909	410659-1400-0-0	www.f1news.ru	0.000008	4	0	0
11904	4624495-130614-0-0	www.vazhno.ru	0.000008	1	0	0
12507	60593289-405812-0-0	parcelsapp.com	0.000008	1	0	0
12507	7404181-196322-0-0	delaemrukami.org	0.000008	1	0	0
12507	5092869-134625-0-0	echo-msk-ru.turbopages.org	0.000008	2	0	0
11864	75907078-522316-0-0	fotostrana.ru	0.000008	2	0	0
12507	33245886-336658-0-0	moskva.ocinkoff.ru	0.000008	1	0	0
12507	6601699-142265-0-0	ilive-com-ua.turbopages.org	0.000008	1	0	0
12507	974947-49517-0-0	www.9111.ru	0.000008	2	0	0
11909	26809064-671192-0-0	shtyknozh.ru	0.000008	1	0	0
11868	6509802-145530-0-0	autotopik-ru.turbopages.org	0.000008	1	0	0
11868	65101275-480388-0-0	ru.rugion.android.news.r74	0.000096	1	0	0
11857	54497203-471364-0-0	autogear.ru	0.000008	1	0	0
11857	24111355-1291364-0-0	readmanga.io	0.000008	2	0	0
11909	462441-60136-0-0	tourister-ru.turbopages.org	0.000008	1	0	0
12507	92241066-721159-0-0	yablyk-com.turbopages.org	0.000008	1	0	0
12512	87810737-598884-0-0	acat.online	0.000008	1	0	0
12507	4817705-131942-0-0	www.u-mama.ru	0.000008	2	0	0
12509	65949452-515704-0-0	teleprogramma.pro	0.000074	5	0	0
12507	1256762-218002-0-0	wiki-org.ru	0.000008	1	0	0
11868	8562776-752125-0-0	www.mk.ru	0.000074	1	0	0
11857	2260376-120219-0-0	idealnijdom.ru	0.000008	1	0	0
12507	90484702-639714-0-0	csn--tv-ru.turbopages.org	0.000008	1	0	0
11909	87276007-592219-0-0	www.mk.ru	0.000008	1	0	0
11904	398937-30942-0-0	spb.bestru.ru	0.000008	1	0	0
11868	49905584-324706-0-0	sport24.ru	0.000008	1	0	0
11868	70390261-778636-0-0	onlinetv.one	0.000008	2	0	0
12507	89459135-727929-0-0	camodelkin-ru.turbopages.org	0.000008	1	0	0
11905	2112549-91685-0-0	kvartira.mirtesen.ru	0.000008	1	0	0
11868	7295714-188279-0-0	russian.rt.com	0.000008	1	0	0
12507	6734741-154950-0-0	drive2-ru.turbopages.org	0.000008	2	0	0
11909	26809064-1301270-0-0	mon-ecole.ru	0.000008	1	0	0
11868	65101275-476028-0-0	com.rugion.rugionnews29	0.000096	1	0	0
11860	31256329-496537-0-0	ideas.homechart.ru	0.000008	1	0	0
11865	8562776-752125-0-0	www.mk.ru	0.000074	1	0	0
11909	92108183-714917-0-0	azerhistory.com	0.000008	1	0	0
12507	37176852-256897-0-0	neogranka.ru	0.000008	1	0	0
11865	6955159-146347-0-0	www.tnu.in.ua	0.000008	1	0	0
11865	65101275-579437-0-0	www.parents.ru	0.000008	1	0	0
11858	39300875-1238075-0-0	sliv.one	0.000008	1	0	0
12507	59767463-727863-0-0	book-online.com.ua	0.000008	1	0	0
12507	1591201-108029-0-0	fighttime.ru	0.000008	2	0	0
12507	33263340-551203-0-0	infotime.co	0.000008	1	0	0
12507	94346353-1299351-0-0	www.cyberforum.ru	0.000008	1	0	0
11865	63646563-428448-0-0	neva.today	0.000008	1	0	0
11791	d175edc338fd33fa1c8c2da3918f86ef-0149c445b91eaf9aa	com.futbin	0.000096	1	0	0
11865	3054160-135846-0-0	viperson.ru	0.000008	1	0	0
12507	473106-94916-0-0	anekdotov.net	0.000008	1	0	0
11857	87936520-601046-0-0	love.mail.ru	0.000008	2	0	0
11865	66475862-456131-0-0	karelinform.ru	0.000008	1	0	0
12507	65443695-449419-0-0	www.ok-magazine.ru	0.000008	2	0	0
11857	2004221-94787-0-0	berkat.ru	0.000008	1	0	0
11904	82182983-561692-0-0	vyborexperta.ru	0.000008	1	0	0
12507	2103170-497885-0-0	dni24-com.turbopages.org	0.000008	2	0	0
12507	897808-247369-0-0	nn-aif-ru.turbopages.org	0.000008	1	0	0
11904	61678927-1206244-0-0	bookzip.avivas.online	0.000008	1	0	0
11905	2112549-91685-0-0	slavdok.mirtesen.ru	0.000008	1	0	0
11858	7510134-402847-0-0	livacha.com	0.000008	1	0	0
12507	8379705-159020-0-0	smart-lab.ru	0.000008	1	0	0
12507	1374984-732752-0-0	sprashivalka.com	0.000008	1	0	0
11865	7689119-407816-0-0	serdce-moe.ru	0.000008	1	0	0
11860	88404570-674443-0-0	rdb-rt.ru	0.000008	1	0	0
11858	87936520-601046-0-0	www.mamba.ru	0.000008	3	0	0
12507	33791503-235111-0-0	alcodistillers.ru	0.000008	1	0	0
11864	6438395-143097-0-0	otvet.mail.ru	0.000008	1	0	0
11909	5584162-138578-0-0	www.anekdot.ru	0.000008	1	0	0
12507	66810155-458492-0-0	24smi-org.turbopages.org	0.000008	1	0	0
11865	1151239-249152-0-0	kupidonia.ru	0.000008	1	0	0
11904	32781733-221907-0-0	yuzhno-sahalinsk.move.ru	0.000008	1	0	0
11857	57962572-393338-0-0	greypey-ru.turbopages.org	0.000008	2	0	0
11909	65101275-578603-0-0	www.fontanka.ru	0.000008	1	0	0
11905	2112549-91685-0-0	smallivingworld.mirtesen.ru	0.000008	1	0	0
11864	56953682-478194-0-0	food.inmyroom.ru	0.000008	1	0	0
12507	93836300-1210014-0-0	www.bolshoyvopros.ru	0.000008	2	0	0
12507	62999121-479150-0-0	sharp--worlds-ru.turbopages.org	0.000008	1	0	0
12507	354367-6817-0-0	tvcenter.ru	0.000008	1	0	0
11857	51452342-714624-0-0	www.avtovzglyad.ru	0.000008	1	0	0
11857	67999687-466396-0-0	xn----7sbhaldrafo0catmhegeecb4a9nme.xn--p1acf	0.000008	1	0	0
11904	8054248-216855-0-0	ir-center.ru	0.000008	1	0	0
12507	2268602-102464-0-0	hi--news-ru.turbopages.org	0.000008	1	0	0
11864	3090793-147280-0-0	pravoved.ru	0.000008	1	0	0
12507	74440337-532612-0-0	ncov.blog	0.000074	1	0	0
11904	3309915-347598-0-0	ferma.expert	0.000008	1	0	0
12507	73270905-496993-0-0	penza--press-ru.turbopages.org	0.000008	1	0	0
11865	494474-102843-0-0	otzovik.com	0.000008	4	0	0
11909	57648680-392466-0-0	onrealt.ru	0.000008	2	0	0
11868	32626022-295779-0-0	com.rexplayer.app	0.000096	1	0	0
12512	71813031-490450-0-0	www.gismeteo.ru	0.000008	4	0	0
11909	974947-49517-0-0	www.9111.ru	0.000008	1	0	0
11857	1180293-56287-0-0	www.kaluga-poisk.ru	0.000008	1	0	0
13420	1055001-868784846bebc5330412c10ded4b374a-0-Water^20S	com.os.falcon.st8863.color.sort.puzzle.pour.water	0.000096	1	0	0
11857	1428778-62775-0-0	forum.littleone.ru	0.000008	2	0	0
12507	50363257-327452-0-0	m.beboo.ru	0.000008	2	0	0
11864	6438395-149027-0-0	tv.mail.ru	0.000008	1	0	0
11909	59767463-418972-0-0	book-online.com.ua	0.000008	1	0	0
12507	87914028-1248069-0-0	diyor.tj	0.000008	1	0	0
13420	11065-8b8cf4dc2309b20b2b4075db1966e80e-0-Words^20of^20	com.fugo.wow	0.000096	1	0	0
11865	6438395-248298-0-0	youla.ru	0.000008	2	0	0
11864	6438395-152036-0-0	sportmail.ru	0.000008	3	0	0
12507	33162632-226336-0-0	newizv-ru.turbopages.org	0.000008	2	0	0
11858	2412782-189903-0-0	www.avito.ru	0.000008	1	0	0
11865	39195624-262846-0-0	blankionline.ru	0.000008	1	0	0
11865	36895075-810107-0-0	belarusvdv.com	0.000008	1	0	0
12509	51898059-1210844-0-0	m.bombardir.ru	0.000008	1	0	0
11868	1650869-69381-0-0	novayagazeta.ru	0.000008	1	0	0
14056	0-216200-0-0	teleprogramma.pro	0.000074	1	0	0
11868	18373836-578071-0-0	gastrotract.ru	0.000008	1	0	0
12507	92173042-718002-0-0	mandarinka-info.turbopages.org	0.000008	1	0	0
12507	1081974-53448-0-0	5koleso.ru	0.000008	1	0	0
11864	3849096-126345-0-0	www.gorodche.ru	0.000008	1	0	0
13420	1308322-562e4b10315189a9ccf0cde37f5a48e9-0-Idle^20Co	com.gpp.idleconstruction	0.000096	1	0	0
11909	6438395-353890-0-0	kino.mail.ru	0.000008	1	0	0
11909	1322075-130167-0-0	businessman.ru	0.000008	1	0	0
11868	7689119-762213-0-0	moi-zhivotnye.ru	0.000008	1	0	0
11909	2112549-91685-0-0	social.trendymen.ru	0.000074	1	0	0
11909	1228849-117050-0-0	ayzdorov-ru.turbopages.org	0.000008	3	0	0
12509	33530085-232061-0-0	spb.cian.ru	0.000008	1	0	0
14123	12058-3239333830313631325f3337313231-0-0	desixxx.org	0.000898	1	0	0
11860	1683593-210293-0-0	egorevsk.jobfilter.ru	0.000008	1	0	0
11909	494474-102843-0-0	otzovik.com	0.000008	3	0	0
11857	7295714-153743-0-0	russian.rt.com	0.000008	1	0	0
11904	5510286-138138-0-0	razlozhi.ru	0.000008	3	0	0
12509	73222433-496671-0-0	historyporn.d3.ru	0.000008	1	0	0
11904	1026390-204678-0-0	tkanchik.ru	0.000008	1	0	0
11791	c4aa8308a439098c2d94c3869e427d33-8d35c5efeee10c053	com.dodreams.driveahead	0.000096	2	0	0
11864	65101275-578374-0-0	www.nn.ru	0.000008	1	0	0
11858	77163618-882225-0-0	com.veraxen.jigsaw	0.000096	2	0	0
11857	504193-28011-0-0	zr-ru.turbopages.org	0.000008	1	0	0
11865	91778783-710282-0-0	uralkozha.ru	0.000008	2	0	0
11857	36493473-331129-0-0	primpress.ru	0.000008	1	0	0
10009	0b34674083a20231af59488de164fcd0-defcacae8bc8948e2	com.superbox.aos.magiclamp	0.000096	1	0	0
11868	95025195-1281649-0-0	com.swiftsoft.anixartx	0.000096	1	0	0
11858	39777815-280116-0-0	com.easybrain.puzzles	0.000096	2	0	0
11909	94848661-1268895-0-0	povar-ru.turbopages.org	0.000008	1	0	0
11858	91864171-708690-0-0	www.vesti.ru	0.000008	1	0	0
11864	2412782-189903-0-0	www.avito.ru	0.000008	1	0	0
11909	52535961-573192-0-0	social.trendymen.ru	0.000074	1	0	0
12507	91841474-703076-0-0	nevnov-ru.turbopages.org	0.000008	2	0	0
11858	876951-48306-0-0	www.probios.ru	0.000008	1	0	0
12507	407197-196583-0-0	forum.ivd.ru	0.000008	1	0	0
11858	18373836-785934-0-0	tonais.ru	0.000008	1	0	0
11858	5092869-134625-0-0	echo.msk.ru	0.000008	1	0	0
11864	7797099-151523-0-0	inpot.ru	0.000008	2	0	0
12509	3090793-147280-0-0	pravoved.ru	0.000008	1	0	0
12507	1442126-79858-0-0	klikabol.com	0.000008	1	0	0
11909	84512616-582315-0-0	litfest.ru	0.000008	1	0	0
12507	5165396-135358-0-0	newsroom24-ru.turbopages.org	0.000008	1	0	0
11909	6557105-250544-0-0	interfax-ru.turbopages.org	0.000008	1	0	0
12507	91623033-683453-0-0	saint-petersburg.irr.ru	0.000008	1	0	0
11858	1718328-141569-0-0	cont.ws	0.000008	1	0	0
12507	51020038-328213-0-0	tvsamara-ru.turbopages.org	0.000008	1	0	0
11858	36882225-275320-0-0	www.sunhome.ru	0.000008	1	0	0
11860	2112549-91685-0-0	social.trendymen.ru	0.000074	1	0	0
11905	2112549-91685-0-0	zabarankoi.mirtesen.ru	0.000008	1	0	0
11909	5839191-236527-0-0	tvrain-ru.turbopages.org	0.000008	1	0	0
11864	6557105-250544-0-0	www.interfax.ru	0.000008	1	0	0
12509	6746465-148945-0-0	hhcdn.ru	0.000008	1	0	0
12507	1432019-400402-0-0	www.glaz.tv	0.000074	1	0	0
12507	1180293-536323-0-0	vologda--poisk-ru.turbopages.org	0.000008	2	0	0
12507	22778023-606326-0-0	list-of-movies.ru	0.000008	1	0	0
12509	90717299-643808-0-0	handmadefrom.ru	0.000008	1	0	0
12507	16951930-185267-0-0	mychildroom.ru	0.000008	1	0	0
10009	10-844-0-0	atastv.ru	0.000074	3	0	0
12507	8240866-155688-0-0	www.belnovosti.by	0.000008	2	0	0
11865	4342450-263322-0-0	topcor.ru	0.000008	1	0	0
11857	56336832-381479-0-0	m.tabor.ru	0.000008	1	0	0
12507	92928962-752036-0-0	animego.org	0.000074	1	0	0
11858	92519834-1268160-0-0	mp3uks.ru	0.000008	1	0	0
11857	1560494-670776-0-0	mail.rambler.ru	0.000008	1	0	0
11909	433984-1264547-0-0	telemetr.me	0.000008	1	0	0
11868	8234785-155845-0-0	kz.kolesa	0.000096	1	0	0
11858	4438373-129798-0-0	ru-an.info	0.000008	1	0	0
11868	1412746-580208-0-0	m.iamcook.ru	0.000008	1	0	0
11857	5092531-223754-0-0	m.ura.news	0.000008	1	0	0
11904	1977878-85197-0-0	moskovskaya-oblast.doski.ru	0.000008	1	0	0
11865	24795698-540842-0-0	www.tproekt.com	0.000008	1	0	0
11857	407197-158840-0-0	lisa-ru.turbopages.org	0.000008	1	0	0
12507	32002567-933894-0-0	fastmb-ru.turbopages.org	0.000008	1	0	0
12507	1199847-56816-0-0	rosbalt-ru.turbopages.org	0.000008	1	0	0
12507	7998805-224718-0-0	sovsport-ru.turbopages.org	0.000008	1	0	0
14123	1-32373937355f3237393838-0-Mini-Golf:-Retro	com.bitofgame.minigolfretro	0.001403	1	1	0
11909	77920991-1260281-0-0	zvukiknig.net	0.000008	1	0	0
11904	824402-44182-0-0	www.koolinar.ru	0.000008	1	0	0
11909	26809064-675583-0-0	avtika.ru	0.000008	4	0	0
12509	51898059-1212039-0-0	doramy.top	0.000074	1	0	0
12507	38661274-725731-0-0	mir-knigi.net	0.000008	1	0	0
11909	6438395-457268-0-0	youla.ru	0.000008	2	0	0
11857	2103170-497885-0-0	dni24-com.turbopages.org	0.000008	1	0	0
11868	509629-29789-0-0	rg.ru	0.000008	1	0	0
12507	42813817-276165-0-0	www.znak.com	0.000008	1	0	0
11865	91778881-706199-0-0	instanko.ru	0.000008	2	0	0
11865	3916508-284699-0-0	igra-pasyans.ru	0.000008	1	0	0
12507	3849096-126345-0-0	www.gorodche.ru	0.000008	1	0	0
11857	91411553-671414-0-0	intrigue.dating	0.000074	1	0	0
11858	1560494-660797-0-0	mail.rambler.ru	0.000008	1	0	0
12507	2175593-285908-0-0	emojio.ru	0.000008	1	0	0
12512	1386626-1294341-0-0	readmanga.io	0.000008	2	0	0
11909	93178036-774550-0-0	knijky.ru	0.000008	1	0	0
11868	65101275-480397-0-0	ru.rugion.android.news.r34	0.000096	1	0	0
11909	1287469-222338-0-0	omegapost.ru	0.000008	1	0	0
11857	3090793-147280-0-0	pravoved.ru	0.000008	1	0	0
11860	89527345-623512-0-0	oboiman.ru	0.000008	1	0	0
11857	53554919-337249-0-0	apteka24chasa-ru.turbopages.org	0.000008	1	0	0
12507	6078414-140849-0-0	www.bankturov.ru	0.000008	1	0	0
11868	393320-247170-0-0	www.comboplayer.ru	0.000008	4	0	0
11865	87276007-658216-0-0	www.sportmk.ru	0.000008	1	0	0
11864	532164-35333-0-0	forum.mfd.ru	0.000008	1	0	0
12507	1796140-74795-0-0	damataro.ru	0.000008	1	0	0
12509	1647838-69256-0-0	www.shkolazhizni.ru	0.000008	1	0	0
11909	421377-258196-0-0	b17-ru.turbopages.org	0.000008	1	0	0
12509	39030852-262260-0-0	plusiminusi.ru	0.000008	1	0	0
11909	5306121-710606-0-0	sdelai--lestnicu-ru.turbopages.org	0.000008	1	0	0
11857	3598907-324656-0-0	7days-ru.turbopages.org	0.000008	1	0	0
11909	548057-52397-0-0	www.astromeridian.ru	0.000074	1	0	0
11864	6438395-142108-0-0	e.mail.ru	0.001011	2	0	0
11791	75c1a7984038a7ee4c2dd36dfc2cb08a-c35660f8dbcca353f	462678375	0.000096	1	0	0
11865	3293020-125354-0-0	www.goodhouse.ru	0.000008	2	0	0
11909	36882225-456345-0-0	deita-ru.turbopages.org	0.000008	1	0	0
11864	75907078-916410-0-0	fotostrana.ru	0.000008	1	0	0
11857	92519834-734981-0-0	lightaudio.ru	0.000008	1	0	0
11868	509629-486824-0-0	rg-ru.turbopages.org	0.000008	1	0	0
10009	bc6f8ee4927b54c40d5637b00a1d7789-e9c1ad91e385d241d	com.tfgco.apps.coloring.free.color.by.number	0.000096	1	0	0
11909	91658681-1318845-0-0	pipe-s.ru	0.000008	2	0	0
12368	0-216200-0-0	tass.ru	0.000074	1	0	0
12507	54366066-341507-0-0	business--gazeta-ru.turbopages.org	0.000008	1	0	0
11857	1560494-348664-0-0	lenta-ru.turbopages.org	0.000008	3	0	0
11868	897669-56459-0-0	pikabu.ru	0.000008	2	0	0
11858	71195898-486717-0-0	sterlitamak.mbib.ru	0.000008	1	0	0
11864	71813031-490450-0-0	www.gismeteo.ru	0.000008	1	0	0
12507	8381155-721631-0-0	lek-103-ua.turbopages.org	0.000008	1	0	0
12507	49533561-511257-0-0	lvrach-ru.turbopages.org	0.000008	2	0	0
11905	64297897-441824-0-0	spasibovsem.ru	0.000008	1	0	0
10009	b0e92ca5d254de5b14bf5425e44c172b-2cdb9043518f76c12	1190849728	0.000096	2	0	0
12507	6308623-141255-0-0	dailyhoro.ru	0.000008	1	0	0
11909	548057-52397-0-0	astromeridian-ru.turbopages.org	0.000008	1	0	0
12507	88522591-609548-0-0	komnatnie-com.turbopages.org	0.000008	1	0	0
12507	8234785-158889-0-0	m.krisha.kz	0.000008	1	0	0
11909	37786383-259198-0-0	www.bolshoyvopros.ru	0.000008	2	0	0
11857	73647856-528283-0-0	samaraonline24-ru.turbopages.org	0.000008	1	0	0
10009	1a1e574e9702216c640af8d1c8ba1056-4e47b6e56f4122ad3	1514542157	0.000096	2	0	0
11858	88101756-754798-0-0	genshin-info.ru	0.000008	1	0	0
11909	51526388-115954-0-0	www.povarenok.ru	0.000008	1	0	0
11868	509780-660426-0-0	v102.ru	0.000008	1	0	0
11865	31804816-759125-0-0	svetofor-magazin.su	0.000008	1	0	0
11868	965566-175007-0-0	nplus1.ru	0.000008	1	0	0
12507	978569-751841-0-0	guitarissimo-ru.turbopages.org	0.000008	1	0	0
11857	92976814-782269-0-0	megaotkrytka-ru.turbopages.org	0.000008	1	0	0
12507	82862297-568515-0-0	dacha.help	0.000008	2	0	0
11868	1180293-56287-0-0	www.kaluga-poisk.ru	0.000008	1	0	0
12507	8381155-722011-0-0	apteka-103-by.turbopages.org	0.000008	1	0	0
11865	69816178-609280-0-0	avtostandart-m24.ru	0.000008	1	0	0
11865	7540198-154247-0-0	kursk.hipdir.com	0.000008	2	0	0
12509	31575695-208854-0-0	www.orgpage.ru	0.000008	1	0	0
11857	66810155-458492-0-0	24smi-org.turbopages.org	0.000008	3	0	0
12509	65949452-1262662-0-0	www.9111.ru	0.000008	1	0	0
12513	1374984-732752-0-0	sprashivalka.com	0.000008	1	0	0
11865	49862489-324101-0-0	lastmag.ru	0.000008	2	0	0
12512	49623587-700970-0-0	www.antik-forum.ru	0.000008	2	0	0
12507	2268602-274478-0-0	2bitcoins-ru.turbopages.org	0.000008	1	0	0
11868	1058248-575921-0-0	akbvavto.ru	0.000008	1	0	0
11857	34178939-240311-0-0	penzavzglyad-ru.turbopages.org	0.000008	1	0	0
12507	23951190-426202-0-0	givnost-ru.turbopages.org	0.000008	1	0	0
12507	1193920-237969-0-0	carsweek-ru.turbopages.org	0.000008	1	0	0
11858	49657268-323488-0-0	mastergrad.com	0.000008	1	0	0
11909	4100839-54830-0-0	www.newsler.ru	0.000008	1	0	0
12507	2412782-419506-0-0	www.avito.ru	0.000008	9	0	0
11909	2112549-91685-0-0	myotpusk.mirtesen.ru	0.000008	1	0	0
12507	49862489-324101-0-0	lastmag.ru	0.000008	1	0	0
11864	444832-78383-0-0	tragos.ru	0.000008	1	0	0
11858	475686-728766-0-0	amedia.online	0.000008	1	0	0
9866	0-216200-0-0	www.film.ru	0.000074	1	0	0
11865	92519834-1223907-0-0	ru.drivemusic.me	0.000008	1	0	0
12507	92442305-731887-0-0	mynewslent.com	0.000008	1	0	0
11905	2112549-91685-0-0	cmehopanorama.com	0.000074	2	0	0
11857	36493473-331594-0-0	konkurent.ru	0.000008	1	0	0
12507	7632479-149419-0-0	riafan-ru.turbopages.org	0.000008	1	0	0
11864	31759816-209403-0-0	dronomania.ru	0.000008	1	0	0
11865	897669-460527-0-0	pikabu.ru	0.000008	1	0	0
11868	65101275-579437-0-0	www.parents.ru	0.000008	1	0	0
11857	2983481-409927-0-0	vklist.ru	0.000008	1	0	0
11860	79258434-570403-0-0	stavnistavim.ru	0.000008	3	0	0
11864	357150-162372-0-0	beauty.net.ru	0.000008	1	0	0
10009	604c7ee8b4cd8212f2189c8f4efb51a7-98cf5012e959ecb65	com.cybernate.slapstickfighter	0.000096	1	0	0
11909	87276007-592219-0-0	www.mk.ru	0.000074	1	0	0
12507	91531139-1287754-0-0	severdv.ru	0.000008	1	0	0
12507	51898059-1306767-0-0	pythonpip.ru	0.000008	1	0	0
12507	20446927-188577-0-0	sdelaicomp.ru	0.000008	1	0	0
11909	38613224-260729-0-0	pereborom.ru	0.000008	1	0	0
11864	1846658-127884-0-0	dota2.ru	0.000008	1	0	0
12507	51526388-159406-0-0	www.stranamam.ru	0.000008	1	0	0
11865	7975544-153745-0-0	tass.ru	0.000074	3	0	0
12509	73222433-496671-0-0	rukojop.d3.ru	0.000008	1	0	0
11860	51898059-569211-0-0	4ege.ru	0.000008	2	0	0
11904	448817-45172-0-0	gotovim-doma.ru	0.000008	1	0	0
11865	91778881-1242459-0-0	pugachevsky-site.ru	0.000008	1	0	0
11858	38661274-725731-0-0	mir-knigi.net	0.000008	2	0	0
11860	93868403-991119-0-0	sportkp.ru	0.000008	1	0	0
12507	897808-247369-0-0	kuban-aif-ru.turbopages.org	0.000008	1	0	0
13420	3539365-3fd0dd63f3685edf7150d11dbe83950a-0-0	com.xxlgames.sonicexevsfnffridaynightfunkinmod	0.000096	1	0	0
12507	65101275-575586-0-0	m.forum.ngs.ru	0.000008	1	0	0
11865	91483064-675473-0-0	www.tomat-pomidor.com	0.000008	1	0	0
12507	1058798-327023-0-0	all-mods.ru	0.000008	1	0	0
11865	54817670-1312030-0-0	wsesw.ru	0.000008	1	0	0
11909	85679553-582756-0-0	sova.info	0.000008	1	0	0
12507	31295140-456118-0-0	betonov.com	0.000008	1	0	0
11858	50187661-326213-0-0	ryazan.life	0.000008	1	0	0
11858	1694625-291940-0-0	audioskazki-online.ru	0.000008	1	0	0
12507	1073234-73845-0-0	electrik.info	0.000008	1	0	0
12507	1988269-88666-0-0	mob--mobile-ru.turbopages.org	0.000008	1	0	0
11865	91774534-709723-0-0	aniko-gas.ru	0.000008	1	0	0
11864	32125188-427913-0-0	bloknot-voronezh.ru	0.000008	1	0	0
11865	6477779-284177-0-0	sims4pack.ru	0.000008	1	0	0
11857	7687782-448212-0-0	profile.ru	0.000074	1	0	0
11857	2983481-409927-0-0	vklist.ru	0.000074	1	0	0
11864	7008413-271974-0-0	www.tvigle.ru	0.000008	1	0	0
11909	5387468-155559-0-0	zebra-tv.ru	0.000008	2	0	0
11858	5092531-223754-0-0	ura.news	0.000008	1	0	0
11905	2112549-91685-0-0	givepaw.mirtesen.ru	0.000008	1	0	0
11909	92542978-736133-0-0	www.kommunalo4ka.ru	0.000008	1	0	0
12507	36493473-331594-0-0	konkurent.ru	0.000008	1	0	0
12507	36161251-250731-0-0	www.abw.by	0.000008	1	0	0
12507	1618555-325194-0-0	alkozalp.com	0.000008	1	0	0
12507	67138575-460538-0-0	dating.ru	0.000008	1	0	0
12507	14477514-740793-0-0	sib-fm.turbopages.org	0.000008	1	0	0
11868	571882-151527-0-0	ru.rian.reader	0.000096	1	0	0
9864	0-216200-0-0	m.pg21.ru	0.000074	1	0	0
11865	4908132-70775-0-0	www.photorecept.ru	0.000008	1	0	0
12507	7235217-255279-0-0	dachamechty.ru	0.000074	1	0	0
11864	6438395-147025-0-0	my.mail.ru	0.000008	3	0	0
12507	33530085-232061-0-0	hmao.cian.ru	0.000008	2	0	0
11865	91411553-671414-0-0	intrigue.dating	0.000074	1	0	0
12507	42453682-392306-0-0	tvjam-ru.turbopages.org	0.000008	1	0	0
12507	65101275-684050-0-0	starhit-ru.turbopages.org	0.000008	1	0	0
11868	1560494-250397-0-0	woman-rambler-ru.turbopages.org	0.000008	1	0	0
12507	7132534-584636-0-0	remont--book-com.turbopages.org	0.000008	1	0	0
11904	1484066-550386-0-0	listtopa.ru	0.000008	1	0	0
12507	1600226-68252-0-0	orenburg-bezformata-com.turbopages.org	0.000008	1	0	0
11909	1322075-70350-0-0	fb-ru.turbopages.org	0.000008	1	0	0
11864	6746465-142629-0-0	spb.hh.ru	0.000008	1	0	0
11865	4360456-149156-0-0	www.kremlinrus.ru	0.000008	1	0	0
11858	1054260-72839-0-0	myrouble.ru	0.000008	1	0	0
11905	5350121-136704-0-0	football.kulichki.net	0.000008	1	0	0
12507	1602544-173131-0-0	www.snowmobile.ru	0.000008	1	0	0
11909	3598907-324656-0-0	7days-ru.turbopages.org	0.000008	1	0	0
11858	38661274-637001-0-0	knigkindom.ru	0.000008	1	0	0
11868	91864171-708690-0-0	www.vesti.ru	0.000074	1	0	0
12509	65101275-578839-0-0	www.psychologies.ru	0.000008	1	0	0
11858	7546835-148644-0-0	chess-samara.ru	0.000008	1	0	0
11904	1694625-291940-0-0	audioskazki-online.ru	0.000008	1	0	0
11857	36493473-331129-0-0	primpress.ru	0.000074	1	0	0
11857	509629-196263-0-0	rg-ru.turbopages.org	0.001011	1	0	0
11909	91159049-655744-0-0	remanga.org	0.000008	1	0	0
11858	77224909-536301-0-0	com.streu.wordsinword	0.000096	1	0	0
12507	8620790-178081-0-0	newkuban-ru.turbopages.org	0.000008	1	0	0
12507	36882225-356036-0-0	kolesa-ru.turbopages.org	0.000008	2	0	0
12507	89359914-620662-0-0	progorod58-ru.turbopages.org	0.000008	1	0	0
