BidCostStat	2.5
2021-11-08
12509	1647838-69257-0-0	www.calend.ru	0.000074	1	0	0
11858	65101275-576825-0-0	ngs24.ru	0.000008	1	0	0
11864	57031605-389555-0-0	litclubbs.ru	0.000096	1	0	0
11909	33397807-230529-0-0	nn.tsargrad.tv	0.000008	1	0	0
12507	2571917-108562-0-0	www.penzainform.ru	0.000008	1	0	0
11865	54770757-1313019-0-0	gnt24.ru	0.000008	1	0	0
11865	91774418-710347-0-0	paes250.ru	0.000008	1	0	0
11858	395772-80569-0-0	www.hibiny.com	0.000008	1	0	0
11909	930360-287353-0-0	otzyvru-com.turbopages.org	0.000008	1	0	0
12507	2257173-66223-0-0	moskidka.ru	0.000008	1	0	0
9012	42919-605074-0-0	zetserial.online	0.000005	1	0	0
12507	65101275-578603-0-0	www.fontanka.ru	0.000008	1	0	0
11857	728568-69138-0-0	pozdravok.ru	0.000008	1	0	0
12507	67230557-694901-0-0	queenofstyle.ru	0.000008	2	0	0
12507	48356093-295022-0-0	mr--build-ru.turbopages.org	0.000008	1	0	0
12507	50363257-327452-0-0	m.beboo.ru	0.000001	1	0	0
11864	4482117-129967-0-0	aftershock.news	0.000008	1	0	0
11905	4482117-129967-0-0	aftershock.news	0.000008	1	0	0
12513	1913064-81259-0-0	rusradio.ru	0.000074	1	0	0
11868	36493473-331129-0-0	primpress.ru	0.000055	1	0	0
11868	70390261-778636-0-0	onlinetv.one	0.000008	1	0	0
11904	5807085-258491-0-0	cross.expert	0.000008	1	0	0
11868	65101275-447181-0-0	m.pogoda.ngs.ru	0.000007	1	0	0
12507	65101275-575586-0-0	ngs.ru	0.000008	1	0	0
11868	93546597-919831-0-0	spb.mk.ru	0.000074	1	0	0
11857	36695137-256447-0-0	mash-xxl.info	0.000004	1	0	0
14143	15737-576542-0-atastv.ru	atastv.ru	0.000064	1	0	0
10009	18755fa7b1f3741715cd1f7d99533ac4-3110464737921cc81	1193508329	0.000033	1	0	0
11868	7687782-448212-0-0	profile.ru	0.00003	1	0	0
11909	65101275-447175-0-0	ngs24-ru.turbopages.org	0.000008	1	0	0
11909	1606471-185733-0-0	trubanet-ru.turbopages.org	0.000008	1	0	0
11865	86269387-1261276-0-0	instanavigation.com	0.000008	1	0	0
12509	91025405-650271-0-0	inoeda.com	0.000008	1	0	0
11857	1848013-444350-0-0	privet--rostov-ru.turbopages.org	0.000008	1	0	0
9866	0-216200-0-0	m.7days.ru	0.000048	1	0	0
12507	5869909-139728-0-0	kuroed.com	0.000008	1	0	0
14057	36195-472385-0-0	www.mk.ru	0.000074	1	0	0
11868	2390032-356923-0-0	www.msn.com	0.000004	1	0	0
11791	10-844-0-0	budu5.com	0.000008	1	0	0
12509	6746465-142629-0-0	ekaterinburg.hh.ru	0.000008	1	0	0
11909	1044708-284939-0-0	hodstroitelstva.ru	0.000008	1	0	0
12507	35760745-250343-0-0	countryhouse.pro	0.000074	1	0	0
12507	19652095-989223-0-0	namenu.ru	0.000008	1	0	0
14142	15737-576542-0-video.sibnet.ru	video.sibnet.ru	0.000074	1	0	0
11857	5092531-241790-0-0	ura-news.turbopages.org	0.000096	1	0	0
12507	39468809-264423-0-0	business--class-su.turbopages.org	0.000008	1	0	0
11865	89459135-1336859-0-0	sc-stroy.ru	0.000008	1	0	0
11857	2960135-423316-0-0	primpress.ru	0.000074	1	0	0
11864	7797099-151523-0-0	inpot.ru	0.000008	1	0	0
11865	30570339-709362-0-0	moevideo.biz	0.000008	1	0	0
9012	40621-491126-0-0	i-znatok.ru	0.000007	1	0	0
11858	8240866-155688-0-0	www.belnovosti.by	0.000008	1	0	0
11857	18373836-585822-0-0	baikal24.ru	0.000008	1	0	0
13677	40621-491126-0-0	www.gorno-altaisk.info	0.000062	1	0	0
11868	51898059-1210844-0-0	m.bombardir.ru	0.000008	1	0	0
13898	9df7f8c0217efca328edc86154acacfe-938697193-0-com.s	com.sushirolls.app	0.00011	1	0	0
11898	15737-576542-0-atastv.ru	atastv.ru	0.000074	1	0	0
12507	498578-196262-0-0	perm-kp-ru.turbopages.org	0.000008	1	0	0
11868	89739637-846703-0-0	gorobzor.ru	0.000008	1	0	0
9866	0-216200-0-0	www.lentainform.com	0.000067	1	0	0
12507	30414588-243703-0-0	glavnyecennosti-ru.turbopages.org	0.000008	3	0	0
11865	2412782-419506-0-0	www.avito.ru	0.000002	1	0	0
12512	7295714-188279-0-0	russian.rt.com	0.000074	2	0	0
11904	523900-450380-0-0	teleprogramma.pro	0.000008	1	0	0
11858	92519834-1339798-0-0	my.mp3ha.org	0.000008	1	0	0
11909	37786383-259198-0-0	www.bolshoyvopros.ru	0.000008	1	0	0
11865	54817670-1312071-0-0	wsesw.ru	0.000008	1	0	0
11868	478096-57509-0-0	www.inpearls.ru	0.000096	1	0	0
11858	34172799-240415-0-0	antiwomen.ru	0.000008	1	0	0
11865	8562776-752596-0-0	www.sport-express.ru	0.000074	1	0	0
11865	91774534-710196-0-0	glkey.ru	0.000008	1	0	0
11909	38116592-269784-0-0	progorod76-ru.turbopages.org	0.000008	1	0	0
11857	24111355-1291364-0-0	readmanga.io	0.000096	1	0	0
11860	2112549-91685-0-0	opolitike.mirtesen.ru	0.000008	1	0	0
12507	407197-141296-0-0	ichip-ru.turbopages.org	0.000008	1	0	0
11864	2029124-87589-0-0	www.vzsar.ru	0.000008	1	0	0
12507	17303435-184594-0-0	zavtra.ru	0.000008	1	0	0
11909	93836300-1210014-0-0	www.bolshoyvopros.ru	0.000008	2	0	0
11857	54709207-344888-0-0	com.fugo.wow	0.000079	1	0	0
11865	46046317-671781-0-0	www.360.ru	0.000008	1	0	0
11865	30570339-692376-0-0	www.business.ru	0.000074	1	0	0
13256	8083-0	com.fugo.wow	0.000096	1	0	0
12512	396626-1140-0-0	www.stroyportal.ru	0.000008	1	0	0
12507	86767760-588857-0-0	alice--journal-ru.turbopages.org	0.000008	1	0	0
12507	38661274-637001-0-0	knigkindom.ru	0.000008	1	0	0
12507	9769798-290213-0-0	wowmoon.ru	0.000004	1	0	0
13256	1-0	com.emoji.coolkeyboard	0.000096	1	0	0
11857	81813107-558602-0-0	avtobez.com	0.000008	1	0	0
11865	88690383-611984-0-0	jaomix.ru	0.000074	1	0	0
11864	65101275-447176-0-0	www.nn.ru	0.000008	1	0	0
11858	65101275-575586-0-0	ngs.ru	0.000008	1	0	0
11858	31446184-207688-0-0	www.trudohrana.ru	0.000008	1	0	0
12507	2141267-648906-0-0	hozayushkam.ru	0.000008	1	0	0
12509	65949452-1215721-0-0	www.tourprom.ru	0.000074	1	0	0
11909	49905584-324706-0-0	amp.sport24.ru	0.000008	1	0	0
12507	95287173-1304023-0-0	tripfarea.com	0.000001	1	0	0
11868	88121411-603877-0-0	glavnoe.net	0.000014	1	0	0
11909	89977920-630226-0-0	examenpdd.com	0.000008	1	0	0
11905	93313137-820915-0-0	foe-blog.blogspot.com	0.000007	1	0	0
11865	1978471-493205-0-0	pomoshdengami.ru	0.000008	1	0	0
12507	91083793-1238393-0-0	jobsavior.com	0.000008	1	0	0
11857	33397807-230529-0-0	tsargrad-tv.turbopages.org	0.000005	1	0	0
12507	32157426-442296-0-0	detskie--skazki-net.turbopages.org	0.000008	1	0	0
10009	18755fa7b1f3741715cd1f7d99533ac4-3110464737921cc81	1193508329	0.000096	1	0	0
11865	65135482-540606-0-0	dvasoseda.ru	0.000008	1	0	0
11858	1749178-79794-0-0	r-hockey.ru	0.000008	1	0	0
11858	55326833-350803-0-0	news.ru	0.000008	1	0	0
11868	65135482-540606-0-0	dvasoseda.ru	0.000008	1	0	0
12507	4140396-127625-0-0	newkaliningrad-ru.turbopages.org	0.000004	1	0	0
12507	5273496-140520-0-0	prozhivem.com	0.000004	1	0	0
12507	3281497-226986-0-0	sport--express-ru.turbopages.org	0.000008	2	0	0
11904	464493-111364-0-0	www.mamba.ru	0.000008	1	0	0
11857	508343-153996-0-0	www.gastronom.ru	0.000008	1	0	0
11909	799371-41196-0-0	www.sport.ru	0.000074	1	0	0
12507	30025181-246104-0-0	discover24-ru.turbopages.org	0.000008	1	0	0
11865	93746985-985848-0-0	www.pogodaiklimat.ru	0.000008	1	0	0
11857	91864171-708690-0-0	vesti-ru.turbopages.org	0.000008	1	0	0
11909	65101275-576513-0-0	v1.ru	0.000008	1	0	0
12507	32810368-417522-0-0	russian-rt-com.turbopages.org	0.000008	1	0	0
11868	3090793-147280-0-0	pravoved.ru	0.000001	1	0	0
11868	65101275-447095-0-0	161-ru.turbopages.org	0.000008	2	0	0
12507	49608361-418964-0-0	1000.menu	0.000005	1	0	0
8669	10-844-0-0	www.gorno-altaisk.info	0.000039	1	0	0
12512	31446184-207706-0-0	www.budgetnik.ru	0.000074	1	0	0
11865	3054160-135846-0-0	viperson.ru	0.000007	1	0	0
11904	51468706-330066-0-0	vz.ru	0.000008	2	0	0
12507	2745-45551-0-0	forumhouse-ru.turbopages.org	0.000008	1	0	0
11868	1728009-162266-0-0	www.1tv.ru	0.000008	1	0	0
11868	38597905-260645-0-0	transportspb.com	0.000008	1	0	0
11865	1174939-276867-0-0	august4u.top	0.000008	1	0	0
12507	93868403-1225377-0-0	sportkp-ru.turbopages.org	0.000008	1	0	0
11865	3054160-135846-0-0	melnikov.viperson.ru	0.000008	1	0	0
12512	6746465-142629-0-0	krasnodar.hh.ru	0.000008	2	0	0
11904	93110714-761020-0-0	www.defsmeta.com	0.000008	2	0	0
11857	1560494-670776-0-0	mail.rambler.ru	0.000008	1	0	0
11865	9598552-1285752-0-0	hbr-russia.ru	0.000008	1	0	0
11909	66475862-459160-0-0	mkset-ru.turbopages.org	0.000008	1	0	0
11868	91864171-708690-0-0	www.vesti.ru	0.000067	1	0	0
11909	3293020-129405-0-0	cosmo-ru.turbopages.org	0.000008	1	0	0
11791	c4aa8308a439098c2d94c3869e427d33-205b75adb05bdc788	com.sushirolls.app	0.00011	1	0	0
11868	8562776-752096-0-0	www.vesti.ru	0.000074	2	0	0
11865	92147898-1212383-0-0	kamuflyzh.ru	0.000008	1	0	0
11857	4849602-135139-0-0	summercamp-ru.turbopages.org	0.000008	1	0	0
12507	74438527-508575-0-0	qalampir.uz	0.000008	1	0	0
11865	38597905-260645-0-0	transportspb.com	0.000008	1	0	0
12507	36493473-331129-0-0	primpress.ru	0.000002	1	0	0
11857	412843-381236-0-0	podomu-info.turbopages.org	0.000008	1	0	0
12509	93261812-810117-0-0	doramalive.ru	0.000074	1	0	0
11865	47915752-514913-0-0	znanieinfo.ru	0.000008	1	0	0
11909	34521910-350478-0-0	mediasalt.ru	0.000008	1	0	0
11909	52902843-579520-0-0	www.meteovesti.ru	0.000008	1	0	0
11865	40220325-603717-0-0	xn--80aanyip7d.xn--p1ai	0.000008	2	0	0
11857	915412-108160-0-0	1prime.ru	0.000008	1	0	0
12507	51898059-1238537-0-0	ucrazy.ru	0.000002	1	0	0
12507	55583379-352874-0-0	propositive.ru	0.000008	1	0	0
11865	5827144-387813-0-0	psichologvsadu.ru	0.000008	2	0	0
12507	70381402-480827-0-0	tverigrad.ru	0.000008	1	0	0
11857	16951930-184419-0-0	kitchendecorium.ru	0.000074	1	0	0
11865	89739637-1263037-0-0	www.eg.ru	0.000074	2	0	0
11865	74444959-508690-0-0	sad9.ru	0.000005	1	0	0
11857	61934491-415282-0-0	russia.superjob.ru	0.000008	1	0	0
11864	88580613-1281867-0-0	finbi.ru	0.000008	1	0	0
12507	8381155-722011-0-0	mag-103-by.turbopages.org	0.000008	1	0	0
12507	34489038-242981-0-0	pressa.tv	0.000074	1	0	0
12507	1412746-1325270-0-0	www.litmir.me	0.000008	1	0	0
11868	508343-49826-0-0	gastronom-ru.turbopages.org	0.000002	1	0	0
12513	1374984-732752-0-0	sprashivalka.com	0.000008	1	0	0
11868	9598552-175106-0-0	www.forbes.ru	0.000074	1	0	0
11865	9418536-220978-0-0	bukvaprava.ru	0.000008	1	0	0
12507	396747-241690-0-0	rzn-info.turbopages.org	0.000008	1	0	0
11868	420734-42319-0-0	forum.sibmama.ru	0.000008	1	0	0
11860	91437683-992150-0-0	setafi.com	0.000008	1	0	0
11860	2112549-91685-0-0	zvezdy.mirtesen.ru	0.000008	1	0	0
13812	9df7f8c0217efca328edc86154acacfe-938697193-0-com.s	com.sushirolls.app	0.00011	2	0	0
11858	478574-219390-0-0	roomester.ru	0.000074	1	0	0
11865	36338709-257091-0-0	visasam.ru	0.000008	1	0	0
11909	1955115-430451-0-0	poisklekarstv-com.turbopages.org	0.000007	1	0	0
12507	39416916-263597-0-0	lipetskmedia.ru	0.000008	1	0	0
12507	534741-348455-0-0	www.ku66.ru	0.000008	1	0	0
12509	30477641-200831-0-0	www.trud.com	0.000008	1	0	0
11857	31734734-354099-0-0	m.tabor.ru	0.000006	1	0	0
9866	0-216200-0-0	xn----7sbahrplyfdaxfotk.xn--p1ai	0.000071	1	0	0
12507	82182983-561692-0-0	vyborexperta.ru	0.000005	1	0	0
11909	7235217-751645-0-0	kinofilmpro.ru	0.000074	1	0	0
12509	65949452-542792-0-0	radiokp.ru	0.000002	1	0	0
11868	3090793-147280-0-0	pravoved.ru	0.000008	2	0	0
12507	442787-473988-0-0	altermama-ru.turbopages.org	0.000008	1	0	0
9866	0-216200-0-0	ren.tv	0.000074	1	0	0
11857	452669-10552-0-0	www.tutu.ru	0.000008	1	0	0
11864	6438395-147025-0-0	my.mail.ru	0.000045	1	0	0
12507	64173066-444849-0-0	radiokp-ru.turbopages.org	0.000008	1	0	0
11860	81525561-557333-0-0	promtu.ru	0.000008	1	0	0
11864	65101275-578603-0-0	www.fontanka.ru	0.000008	1	0	0
11909	9255990-186886-0-0	rubrikator.org	0.000002	1	0	0
12507	32906194-223432-0-0	1000inf-ru.turbopages.org	0.000008	1	0	0
11909	66475862-459160-0-0	tagilcity-ru.turbopages.org	0.000006	1	0	0
11864	5804892-188569-0-0	domsdelat.ru	0.000005	1	0	0
11864	6438395-149027-0-0	tv.mail.ru	0.000096	1	0	0
12507	6383435-141302-0-0	millionstatusov.ru	0.000008	1	0	0
11857	84665160-613734-0-0	www.zaycev.fm	0.000008	1	0	0
11905	2905505-113096-0-0	kerch.fm	0.000008	1	0	0
11864	42813817-276165-0-0	www.znak.com	0.000008	1	0	0
11858	526810-58356-0-0	www.ds52.ru	0.000001	1	0	0
11864	6438395-152034-0-0	hi-tech.mail.ru	0.000008	1	0	0
11858	5092531-223754-0-0	ura.news	0.000008	1	0	0
9866	0-216200-0-0	www.m24.ru	0.000074	1	0	0
11868	90484702-639714-0-0	csn-tv.ru	0.000008	1	0	0
11857	2960135-423316-0-0	primpress.ru	0.000096	1	0	0
11909	3849096-126345-0-0	www.gorodche.ru	0.000008	1	0	0
12507	51452342-452088-0-0	abnews.ru	0.000008	1	0	0
11905	42409428-274898-0-0	poetov.net	0.000008	1	0	0
11868	24142277-191235-0-0	vyatka-grad.ru	0.000008	1	0	0
13815	1947888790-465245072-0-0	m.7days.ru	0.000096	1	0	0
11865	2412782-419506-0-0	www.avito.ru	0.000001	2	0	0
11864	65101275-577857-0-0	72.ru	0.000008	1	0	0
12507	4806916-284875-0-0	reytingelektroniki-ru.turbopages.org	0.000008	1	0	0
13812	1947888790-465245072-0-0	m.7days.ru	0.000096	1	0	0
12507	412843-381236-0-0	podomu-info.turbopages.org	0.000008	1	0	0
11864	450596-615627-0-0	www.profinance.ru	0.000008	1	0	0
11909	91498187-676345-0-0	donday-ru.turbopages.org	0.000008	1	0	0
11860	93940860-1242372-0-0	tkgorod.ru	0.000008	1	0	0
11909	684119-253094-0-0	domosedi.ru	0.000008	1	0	0
12509	8234785-155718-0-0	kolesa.kz	0.000008	1	0	0
11857	34521910-357240-0-0	kaprizulka.mediasole.ru	0.000008	1	0	0
12512	65101275-447176-0-0	www.nn.ru	0.000008	1	0	0
11865	91778991-715171-0-0	scherbinka-dom.ru	0.000008	1	0	0
13256	18864-0	www.fontanka.ru	0.000008	1	0	0
11904	46431776-287922-0-0	joyreactor.cc	0.000008	1	0	0
11865	1600226-68252-0-0	korsakov.bezformata.com	0.000008	1	0	0
12513	1913064-81259-0-0	rusradio.ru	0.000008	1	0	0
11904	73622320-500250-0-0	ktv-ray.ru	0.000008	2	0	0
12507	89917519-628951-0-0	altapress-ru.turbopages.org	0.000008	1	0	0
11909	93584132-938732-0-0	wer-ru.turbopages.org	0.000008	1	0	0
12507	91235966-660718-0-0	lifehacker-ru.turbopages.org	0.000004	1	0	0
12507	43976001-278949-0-0	huntportal-ru.turbopages.org	0.000008	1	0	0
12509	6746465-142629-0-0	perm.hh.ru	0.000006	1	0	0
11858	30477641-200831-0-0	www.trud.com	0.000008	1	0	0
11864	6438395-142108-0-0	e.mail.ru	0.000005	8	0	0
9012	35566-603693-0-0	www.kleo.ru	0.000051	1	0	0
11864	71885840-490795-0-0	www.nur.kz	0.000008	1	0	0
11909	51020038-328213-0-0	tvsamara.ru	0.000008	3	0	0
12507	91437683-992150-0-0	setafi-com.turbopages.org	0.000008	1	0	0
11858	87936520-601046-0-0	www.mamba.ru	0.000008	4	0	0
11791	817-4102-0-0	kuly-nar.ru	0.000096	1	0	0
11909	92150295-716961-0-0	www.lsgeotar.ru	0.000008	2	0	0
9012	42919-605074-0-0	turkish-tv-series.ru	0.00001	1	1	0
11865	47706996-292692-0-0	m.satka74.ru	0.000008	1	0	0
11860	1728009-162266-0-0	www.1tv.ru	0.000008	1	0	0
11857	89739637-1263037-0-0	www.eg.ru	0.000007	1	0	0
11865	65101275-579434-0-0	www.elledecoration.ru	0.000007	1	0	0
11857	504193-28011-0-0	zr-ru.turbopages.org	0.000008	1	0	0
12507	1951870-212907-0-0	tutknow-ru.turbopages.org	0.000008	1	0	0
12507	41531702-829641-0-0	re.kufar.by	0.000008	1	0	0
11864	49905584-324706-0-0	sport24.ru	0.000008	3	0	0
11904	5350121-136704-0-0	football.kulichki.net	0.000008	1	0	0
11857	65101275-446895-0-0	www.maximonline.ru	0.000096	1	0	0
11868	93016036-755726-0-0	lafoy.ru	0.000008	1	0	0
11909	61657907-412959-0-0	m.spletnik.ru	0.000008	1	0	0
11865	91622640-1337106-0-0	kardiokbr.ru	0.000008	1	0	0
12507	8620790-178081-0-0	newkuban-ru.turbopages.org	0.000008	1	0	0
11904	2150714-99352-0-0	mkb-10.com	0.000008	1	0	0
12507	1072605-202772-0-0	stroychik-ru.turbopages.org	0.000008	2	0	0
12507	482002-23934-0-0	www.volzsky.ru	0.000008	1	0	0
12507	65949452-542792-0-0	radiokp.ru	0.000004	1	0	0
11864	65101275-575586-0-0	ngs.ru	0.000008	8	0	0
9866	0-216200-0-0	www.lentainform.com	0.000042	1	0	0
12507	91864171-708690-0-0	www.vesti.ru	0.000074	3	0	0
11864	65101275-576494-0-0	ufa1.ru	0.000008	1	0	0
11904	2412782-419506-0-0	www.avito.ru	0.000008	2	0	0
12507	7687782-448212-0-0	profile.ru	0.000074	1	0	0
12507	494474-102843-0-0	otzovik.com	0.000007	1	0	0
9012	42919-605074-0-0	zetserial.online	0.000007	3	0	0
11864	34351736-270437-0-0	www.yaplakal.com	0.000096	1	0	0
12513	450596-615627-0-0	www.profinance.ru	0.000008	1	0	0
11865	8562776-1318837-0-0	www.gorodche.ru	0.000008	3	0	0
12512	51898059-1238537-0-0	ucrazy.ru	0.000008	4	0	0
13898	b09c72c8e5195935d427ec0563ea8184-1058200691-0-Sudo	draziw.karavan.sudoku	0.00011	1	0	0
11909	36882225-456345-0-0	deita-ru.turbopages.org	0.000003	1	0	0
12507	65101275-447185-0-0	ufa1-ru.turbopages.org	0.000001	1	0	0
11860	51898059-577766-0-0	autosport.com.ru	0.000008	1	0	0
11868	58905162-397624-0-0	m.somon.tj	0.000008	1	0	0
11865	4100839-54830-0-0	www.newsler.ru	0.000008	2	0	0
11905	51898059-1255444-0-0	www.holtv9.ru	0.000008	1	0	0
11864	58118541-394095-0-0	rustxt.ru	0.000008	1	0	0
11858	369305-1038-0-0	3dnews.ru	0.000008	3	0	0
11858	18373836-447385-0-0	mod-land.ru	0.000008	1	0	0
11868	36882225-271972-0-0	altapress.ru	0.000007	1	0	0
12507	92542978-736133-0-0	www.kommunalo4ka.ru	0.000008	1	0	0
12507	64173066-443007-0-0	radiokp.ru	0.000008	4	0	0
11865	985920-49912-0-0	www.vidal.ru	0.000008	1	0	0
11791	99a0a80cb122880dce4d03670a132b79-96ea700835d4d9f8c	com.noxgroup.app.cleaner	0.000096	1	0	0
11909	65101275-447164-0-0	m.love.e1.ru	0.000008	1	0	0
12507	93335226-830873-0-0	www.eg.ru	0.000006	1	0	0
8592	d7d6b4e2ecbdcb4576d8c630e7cfcfcf-31ca334041a79a185	com.fugo.wow	0.000096	1	0	0
11865	2412782-419506-0-0	www.avito.ru	0.000008	50	0	0
11858	91611416-682887-0-0	fotoplaza.ru	0.000008	1	0	0
11864	32125188-427918-0-0	bloknot-volgodonsk.ru	0.000004	1	0	0
12507	7632479-149419-0-0	riafan.ru	0.000007	1	0	0
11857	5092869-134625-0-0	echo-msk-ru.turbopages.org	0.000008	1	0	0
12507	91778991-1212139-0-0	mariantas-ru.turbopages.org	0.000008	2	0	0
11864	65101275-575584-0-0	www.e1.ru	0.000008	10	0	0
12507	36143836-272894-0-0	car-ru.turbopages.org	0.000008	1	0	0
11857	87936520-601046-0-0	m.love.mail.ru	0.000008	1	0	0
11904	36882225-267966-0-0	rusvesna.su	0.000008	1	0	0
12507	1011571-227717-0-0	argumenti-ru.turbopages.org	0.000002	1	0	0
11865	88537174-609693-0-0	live.amur.info	0.000008	1	0	0
11868	87276007-592219-0-0	www.mk.ru	0.000074	1	0	0
11865	67883832-465416-0-0	24warez.ru	0.000008	1	0	0
12507	91849938-704418-0-0	travart.ru	0.000008	1	0	0
11858	93087228-768550-0-0	www.expertcen.ru	0.000008	1	0	0
11858	32125188-427416-0-0	bloknot-volgograd.ru	0.000008	2	0	0
11904	32629291-322023-0-0	addons-wow.ru	0.000074	1	0	0
12507	87276007-592219-0-0	www.mk.ru	0.000074	1	0	0
12509	67632165-464019-0-0	kartaslov.ru	0.000008	1	0	0
12507	2412782-419507-0-0	m.avito.ru	0.000008	3	0	0
11864	70390261-742194-0-0	sportliga.fun	0.000096	1	0	0
11857	31734734-354099-0-0	m.tabor.ru	0.000008	11	0	0
11909	66475862-459160-0-0	nashgorod-ru.turbopages.org	0.000008	1	0	0
11860	71813031-490450-0-0	www.gismeteo.ru	0.000008	2	0	0
13812	a644ddb514ec83e02ef96095155ffe47-1772238481-0-0	com.sushirolls.app	0.00011	1	0	0
11868	18373836-407993-0-0	www.u-mama.ru	0.000008	2	0	0
13420	11065-8b8cf4dc2309b20b2b4075db1966e80e-0-Words^20of^20	com.fugo.wow	0.000096	1	0	0
14123	1-313535353435385f3237393838-0-Trial^20and^20Error:^20Ha	com.bitofgame.trialanderrorhalloween	0.001123	0	1	0
11857	37557057-259341-0-0	tests24.su	0.000008	1	0	0
11865	54464709-342612-0-0	korzik.net	0.000008	2	0	0
11865	91778783-710053-0-0	grand-haus.ru	0.000008	1	0	0
11909	93261812-810117-0-0	doramalive.ru	0.000008	1	0	0
11905	4225301-440073-0-0	vprl.ru	0.000008	1	0	0
12507	7295714-153743-0-0	russian.rt.com	0.000007	1	0	0
11868	1180293-56287-0-0	www.kaluga-poisk.ru	0.000096	1	0	0
11868	5092869-134625-0-0	echo.msk.ru	0.000096	1	0	0
12507	69891566-602765-0-0	udipedia-live.ru	0.000008	3	0	0
12507	3046664-115800-0-0	www.sunhome.ru	0.000008	1	0	0
12507	8562776-755147-0-0	www.adme.ru	0.000008	1	0	0
11864	6438395-147024-0-0	horo.mail.ru	0.000001	1	0	0
12507	9866563-170093-0-0	crimeapress-info.turbopages.org	0.000008	1	0	0
11857	91343324-684932-0-0	sanwel.ru	0.000008	1	0	0
11868	93683367-979907-0-0	aktnews.ru	0.000008	4	0	0
11864	1913085-81261-0-0	montecarlo.ru	0.000008	3	0	0
12507	50264598-537567-0-0	jamfm.ru	0.000008	1	0	0
12507	7664547-442805-0-0	m--strana-ru.turbopages.org	0.000006	1	0	0
11857	56336832-381479-0-0	m.tabor.ru	0.000008	2	0	0
12507	30952014-579430-0-0	punkt--a-info.turbopages.org	0.000008	1	0	0
12513	1913056-81260-0-0	dfm.ru	0.000008	5	0	0
12507	8240866-155688-0-0	www.belnovosti.by	0.000008	2	0	0
11864	4971922-136726-0-0	www.revda-info.ru	0.000008	1	0	0
12507	65949452-542792-0-0	radiokp.ru	0.000008	1	0	0
11858	1728009-162266-0-0	www.1tv.ru	0.000008	1	0	0
9866	0-216200-0-0	www.lentainform.com	0.000061	1	0	0
11868	37713809-441277-0-0	alenakraeva.com	0.000008	1	0	0
11865	32815881-248951-0-0	womans.ws	0.000008	1	0	0
11905	6622038-491998-0-0	cleany.biz	0.000008	1	0	0
11868	30477641-200831-0-0	www.trud.com	0.000008	2	0	0
11857	8044674-267076-0-0	kak2z.ru	0.000008	1	0	0
11905	5601425-267201-0-0	penzanews.ru	0.000008	1	0	0
11864	6438395-142108-0-0	e.mail.ru	0.000002	5	0	0
11864	65101275-577872-0-0	74.ru	0.000008	1	0	0
12507	88683488-611878-0-0	pohod-lifehack.ru	0.000008	1	0	0
12507	36882225-356036-0-0	kolesa-ru.turbopages.org	0.000008	1	0	0
11868	9598552-175106-0-0	www.forbes.ru	0.000053	1	0	0
13252	6598-0	fanat1k.ru	0.000008	1	0	0
9012	42617-606792-0-0	rossaprimavera.ru	0.000062	1	0	0
12507	60593289-405812-0-0	parcelsapp.com	0.000002	1	0	0
11858	38661274-637001-0-0	knigkindom.ru	0.000008	1	0	0
12509	65949452-736446-0-0	rsnnews.ru	0.000008	1	0	0
12507	6727102-142542-0-0	v-kosmose.com	0.000008	1	0	0
11858	951248-127611-0-0	ru.infox.sg	0.000008	1	0	0
12507	7839840-186633-0-0	fitnessera-ru.turbopages.org	0.000008	1	0	0
11865	91778991-715171-0-0	scherbinka-dom.ru	0.000006	1	0	0
12507	498578-196262-0-0	ryazan-kp-ru.turbopages.org	0.000005	1	0	0
11858	2412782-189903-0-0	www.avito.ru	0.000008	1	0	0
9866	0-187544-0-0	www.lentainform.com	0.000074	1	0	0
11860	65765803-451325-0-0	vetta.tv	0.000008	1	0	0
11909	494474-102843-0-0	otzovik.com	0.000008	1	0	0
11857	64003581-441043-0-0	rosserial.be	0.000008	1	0	0
11868	8562776-753104-0-0	www.inmyroom.ru	0.000008	1	0	0
12507	1769765-73403-0-0	www.kp40.ru	0.000006	1	0	0
12507	65101275-575584-0-0	www.e1.ru	0.000007	1	0	0
11864	94106155-1217793-0-0	progorodnn.ru	0.000008	1	0	0
11857	88040569-602926-0-0	com.karmangames.solitaire	0.00011	1	0	0
11909	67329156-462096-0-0	1001goroskop.ru	0.000008	1	0	0
11905	2112549-91685-0-0	opolitike.mirtesen.ru	0.000008	1	0	0
12507	1026890-333015-0-0	city-glam.com	0.000008	1	0	0
11857	51468706-330066-0-0	m.vz.ru	0.000008	4	0	0
13266	1764-0	nz.news.yahoo.com	0.000007	1	0	0
12507	36493473-331129-0-0	primpress.ru	0.000074	2	0	0
12507	89527345-623512-0-0	oboiman-ru.turbopages.org	0.000008	1	0	0
11857	65101275-575586-0-0	m.love.e1.ru	0.000008	1	0	0
11909	410659-1400-0-0	www.f1news.ru	0.000008	3	0	0
11909	3293020-129405-0-0	www.cosmo.ru	0.000006	1	0	0
12507	1180293-536323-0-0	vologda--poisk-ru.turbopages.org	0.000008	1	0	0
12507	8379705-159020-0-0	smart--lab-ru.turbopages.org	0.000008	1	0	0
11865	4342450-263322-0-0	topcor.ru	0.000008	1	0	0
12507	8562776-777206-0-0	rg.ru	0.000008	1	0	0
11858	93335226-830873-0-0	www.eg.ru	0.000096	1	0	0
12513	70390261-778636-0-0	onlinetv.one	0.000008	1	0	0
11904	87276007-592219-0-0	www.mk.ru	0.000074	1	0	0
11857	40110191-477864-0-0	beelead-com.turbopages.org	0.000008	1	0	0
12368	0-216200-0-0	www.om1.ru	0.000074	1	0	0
11864	65101275-576825-0-0	ngs24.ru	0.000008	2	0	0
11865	93360914-840292-0-0	avia.pro	0.000008	1	0	0
11868	492185-414669-0-0	yuga-ru.turbopages.org	0.000008	1	0	0
11858	544535-243374-0-0	urexpert.online	0.000008	1	0	0
11909	874982-46249-0-0	svpressa.ru	0.000008	4	0	0
12509	91864171-708690-0-0	www.vesti.ru	0.000074	2	0	0
14003	15737-576542-0-xn----7sbahrplyfdaxfotk.xn--p1ai	xn----7sbahrplyfdaxfotk.xn--p1ai	0.000062	1	0	0
11857	1560494-344753-0-0	gazeta-ru.turbopages.org	0.000008	7	0	0
12507	39315718-263889-0-0	bimru-ru.turbopages.org	0.000008	5	0	0
11868	2412782-419507-0-0	m.avito.ru	0.000008	2	0	0
11909	5092869-134625-0-0	echo.msk.ru	0.000008	3	0	0
12507	88546469-708736-0-0	www.kleo.ru	0.000074	1	0	0
12507	1499252-470099-0-0	superplanshet-ru.turbopages.org	0.000008	1	0	0
12507	90720690-643887-0-0	mir-knig.com	0.000008	14	0	0
11864	36520651-255057-0-0	homes.ngs.ru	0.000008	1	0	0
12512	5934165-150266-0-0	mestarf.ru	0.000008	1	0	0
11791	817-3516-0-0	onlinetv.one	0.000096	1	0	0
11909	7131413-144524-0-0	24gadget.ru	0.000008	1	0	0
14056	0-216200-0-0	teleprogramma.pro	0.000074	1	0	0
12512	491717-23629-0-0	formz.ru	0.000008	1	0	0
11864	91159049-655744-0-0	remanga.org	0.000008	1	0	0
11791	71-412-0-0	meduza.io	0.000096	1	0	0
11909	93016036-755726-0-0	lafoy-ru.turbopages.org	0.000008	1	0	0
12507	985920-49912-0-0	www.vidal.ru	0.000008	2	0	0
11857	5092531-223754-0-0	m.ura.news	0.000006	1	0	0
11865	8562776-1293070-0-0	russian7.ru	0.000008	1	0	0
11868	92928962-752036-0-0	animego.org	0.000008	1	0	0
11868	482002-592239-0-0	popugaychiki.com	0.000008	1	0	0
12507	2103170-497885-0-0	dni24-com.turbopages.org	0.000008	3	0	0
11864	51526388-115954-0-0	www.povarenok.ru	0.000008	1	0	0
11868	61557392-411874-0-0	lifeinsect-ru.turbopages.org	0.000004	1	0	0
12507	55879175-355102-0-0	wiki--dacha-ru.turbopages.org	0.000008	1	0	0
11864	532164-35333-0-0	forum.mfd.ru	0.000008	1	0	0
12507	783088-1358490-0-0	realika-ru.turbopages.org	0.000008	1	0	0
11858	902346-59644-0-0	biysk24.ru	0.000005	1	0	0
12507	1180293-244437-0-0	cher--poisk-ru.turbopages.org	0.000008	1	0	0
11858	65101275-577872-0-0	74.ru	0.000008	1	0	0
11909	43061655-276631-0-0	m.vz.ru	0.000008	1	0	0
11865	57442076-588838-0-0	vegatrend.ru	0.000008	1	0	0
12509	1913107-81264-0-0	hitfm.ru	0.000008	3	0	0
12509	391591-136601-0-0	forum.vashdom.ru	0.000008	1	0	0
12507	931235-747347-0-0	my-calend.ru	0.000008	2	0	0
9866	0-216200-0-0	clck.lentainform.com	0.000074	1	0	0
11857	65101275-447162-0-0	www.fontanka.ru	0.000008	5	0	0
12509	3090793-147280-0-0	pravoved.ru	0.000005	1	0	0
12507	31578174-208651-0-0	www.drive2.ru	0.000008	1	0	0
12507	509629-486824-0-0	rg-ru.turbopages.org	0.000008	7	0	0
11791	6f74b1d4b2ed506a17af3512d3fe8687-7a4768dd42d5d74b9	turkru.tv	0.000074	1	0	0
11865	91774534-710196-0-0	glkey.ru	0.000001	1	0	0
11858	82757547-564359-0-0	izhlife.ru	0.000008	1	0	0
11858	89834739-627758-0-0	www.meteonova.ru	0.000008	1	0	0
11909	35999230-271197-0-0	bezopasnik-info.turbopages.org	0.000008	1	0	0
12507	7762060-209389-0-0	fclmnews.ru	0.000008	1	0	0
11865	8562776-753210-0-0	www.spletnik.ru	0.000008	1	0	0
12509	65949452-583306-0-0	sobesednik.ru	0.000074	1	0	0
11868	498578-196262-0-0	kp-ru.turbopages.org	0.000008	1	0	0
11858	36882225-267966-0-0	rusvesna.su	0.000008	1	0	0
11857	1560494-348664-0-0	lenta-ru.turbopages.org	0.000008	10	0	0
11868	50264598-326188-0-0	www.radioc.ru	0.000008	1	0	0
12507	2112549-91685-0-0	temydnya.mirtesen.ru	0.000008	1	0	0
12507	9593815-380204-0-0	feiky.net	0.000008	1	0	0
13812	c4aa8308a439098c2d94c3869e427d33-938697193-0-com.s	com.sushirolls.app	0.00011	2	0	0
12509	65949452-570891-0-0	www.sunhome.ru	0.000008	1	0	0
11864	2214953-342128-0-0	www.ural56.ru	0.000008	1	0	0
12509	65949452-515704-0-0	teleprogramma.pro	0.000014	1	0	0
9866	0-216200-0-0	m.7days.ru	0.000074	6	0	0
11909	31821067-209915-0-0	tests24.ru	0.000008	1	0	0
12507	42813817-276165-0-0	www.znak.com	0.000002	1	0	0
12507	1113378-132705-0-0	centro--pol-ru.turbopages.org	0.000008	1	0	0
11909	2447581-1336074-0-0	m.sibkray.ru	0.000008	5	0	0
13420	11065-8b8cf4dc2309b20b2b4075db1966e80e-0-Words^20of^20	com.fugo.wow	0.000015	1	0	0
12507	34166535-239974-0-0	1gai-ru.turbopages.org	0.000008	1	0	0
11909	90483939-684094-0-0	blmb.ru	0.000003	1	0	0
11909	1199847-56816-0-0	rosbalt-ru.turbopages.org	0.000008	1	0	0
12507	1322075-70350-0-0	fb-ru.turbopages.org	0.000008	3	0	0
11909	70028346-490244-0-0	offshoreview.eu	0.000074	2	0	0
11865	95237519-1321095-0-0	dekormyhome.ru	0.000008	1	0	0
11909	93335226-830873-0-0	www.eg.ru	0.000008	3	0	0
12507	8381155-722011-0-0	apteka-103-by.turbopages.org	0.000008	5	0	0
14123	1-313535353435385f3237393838-0-Trial^20and^20Error:^20Ha	com.bitofgame.trialanderrorhalloween	0.000898	1	0	0
12507	3849096-126345-0-0	www.gorodche.ru	0.000002	1	0	0
12507	489104-59468-0-0	irecommend.ru	0.000008	1	0	0
11857	54329152-341213-0-0	brl.mk.ru	0.000074	1	0	0
12507	32657900-220340-0-0	iz-ru.turbopages.org	0.000008	5	0	0
12507	86224776-585364-0-0	glam--lady-ru.turbopages.org	0.000008	1	0	0
11868	91864171-708690-0-0	www.vesti.ru	0.000074	5	0	0
12507	3598907-329895-0-0	ntv-ru.turbopages.org	0.000008	1	0	0
11857	1560494-348664-0-0	lenta-ru.turbopages.org	0.000004	1	0	0
11868	71813031-545728-0-0	www.gismeteo.ru	0.000002	1	0	0
11865	54817670-1313091-0-0	wisely.su	0.000008	1	0	0
12512	61657907-412959-0-0	www.spletnik.ru	0.000008	1	0	0
11905	2112549-91685-0-0	news.mirtesen.ru	0.000008	2	0	0
11857	5092531-241790-0-0	ura-news.turbopages.org	0.000001	1	0	0
11909	93261812-810117-0-0	doramalive.ru	0.000074	1	0	0
13898	01c805c53049664e9e27430ecb979458-1839100016-0-0	com.tilemaster.puzzle.block.match	0.00011	1	0	0
11857	1913078-162571-0-0	life-ru.turbopages.org	0.000008	2	0	0
11865	54817670-462059-0-0	tale.su	0.000008	1	0	0
11865	61657907-412959-0-0	www.spletnik.ru	0.000008	1	0	0
12509	65101275-446897-0-0	www.vokrugsveta.ru	0.000008	1	0	0
11868	89834739-627758-0-0	m.meteonova.ru	0.000008	1	0	0
11864	9598552-175106-0-0	www.forbes.ru	0.000074	1	0	0
12507	18218482-186487-0-0	pogoda7.ru	0.000008	1	0	0
11865	92453275-732287-0-0	11novosti.ru	0.000008	2	0	0
11868	9598552-175106-0-0	www.forbes.ru	0.000008	3	0	0
11864	3849096-126345-0-0	www.gorodche.ru	0.000008	3	0	0
11865	3160678-117540-0-0	www.city-n.ru	0.000074	1	0	0
11858	5878455-139705-0-0	7dach.ru	0.000043	1	0	0
11857	1859385-78743-0-0	www.airwar.ru	0.000008	1	0	0
11864	6438395-142108-0-0	e.mail.ru	0.000001	4	0	0
10208	817-3599-0-0	top-mods.ru	0.000096	1	0	0
11857	7632479-149420-0-0	nation--news-ru.turbopages.org	0.000008	3	0	0
12507	1818286-494149-0-0	sovet-ingenera.com	0.000008	1	0	0
9011	40517-489803-0-0	www.yaplakal.com	0.000007	2	0	0
11868	65101275-446884-0-0	woman-ru.turbopages.org	0.000008	1	0	0
9012	42919-605074-0-0	turkcinema.org	0.000004	1	0	0
11868	1024057-50948-0-0	eva.ru	0.000008	1	0	0
12507	1322075-130167-0-0	businessman-ru.turbopages.org	0.000008	1	0	0
11857	5092531-241790-0-0	ura-news.turbopages.org	0.000008	1	0	0
11864	6438395-142108-0-0	e.mail.ru	0.000003	5	0	0
11868	91864171-708690-0-0	www.vesti.ru	0.000096	1	0	0
14003	15737-576542-0-rossaprimavera.ru	rossaprimavera.ru	0.000074	1	0	0
9011	40517-489803-0-0	www.yaplakal.com	0.000006	1	0	0
11909	36493473-331129-0-0	primpress.ru	0.000074	5	0	0
10717	26694-78050-0-0	www.popcornnews.ru	0.000084	3	0	0
9012	41316-586119-0-0	m.7days.ru	0.00005	1	0	0
12507	93584132-938732-0-0	wer-ru.turbopages.org	0.000006	1	0	0
12507	89459135-727941-0-0	zolotoe--runo--sl-ru.turbopages.org	0.000008	1	0	0
11865	91778991-1212137-0-0	licey-istra.ru	0.000008	1	0	0
11909	42813817-276165-0-0	www.znak.com	0.000003	1	0	0
12507	87338212-592796-0-0	teplospec-com.turbopages.org	0.000008	1	0	0
11865	2412782-419506-0-0	www.avito.ru	0.000007	1	0	0
12507	93868403-991120-0-0	sportkp.ru	0.000008	1	0	0
11864	6438395-147024-0-0	horo.mail.ru	0.000008	3	0	0
11909	69891566-602765-0-0	udipedia-live.ru	0.000008	1	0	0
12507	49905584-324706-0-0	sport24.ru	0.000008	2	0	0
12512	51898059-1212039-0-0	doramy.top	0.000074	1	0	0
11864	6438395-147024-0-0	lady.mail.ru	0.000096	1	0	0
11865	94982353-1318740-0-0	www.gorodche.ru	0.000008	3	0	0
12509	1913064-81259-0-0	rusradio.ru	0.000008	2	0	0
8592	70d374d66c472d64a7af5d9064635d9d-8481510a1b6348640	bubble.shoot.fruit.splash.game2	0.000096	1	0	0
11858	45441959-284328-0-0	calculatori.ru	0.000008	1	0	0
11858	3046664-115800-0-0	www.sunhome.ru	0.000008	1	0	0
11864	800047-595979-0-0	mix.sibnet.ru	0.000008	1	0	0
9012	36195-472385-0-0	www.mk.ru	0.000093	1	1	0
11909	974947-49517-0-0	9111-ru.turbopages.org	0.000007	1	0	0
14003	15737-576542-0-leagueofgraphs.com	www.leagueofgraphs.com	0.000096	1	0	0
11909	974947-49517-0-0	9111-ru.turbopages.org	0.000008	1	0	0
11857	16951930-184419-0-0	kitchendecorium.ru	0.000008	1	0	0
12507	3293020-129405-0-0	cosmo-ru.turbopages.org	0.000008	4	0	0
11868	36493473-331129-0-0	primpress.ru	0.000096	2	0	0
11864	3420410-122989-0-0	birobidzhan.regmarkets.ru	0.000008	1	0	0
11865	30570339-681432-0-0	moevideo.biz	0.000008	2	0	0
14123	1-313535353435385f3237393838-0-Trial^20and^20Error:^20Ha	com.bitofgame.trialanderrorhalloween	0.001403	1	1	0
11857	2960135-423316-0-0	primpress.ru	0.000008	1	0	0
11864	6438395-147025-0-0	my.mail.ru	0.000008	2	0	0
12507	54613514-398276-0-0	evrabota.blogspot.com	0.000008	1	0	0
14055	0-216200-0-0	www.om1.ru	0.000074	1	0	0
12507	9725529-168387-0-0	kaspyinfo-ru.turbopages.org	0.000008	1	0	0
11904	5510286-138138-0-0	razlozhi.ru	0.000008	7	0	0
11857	89459135-727938-0-0	valis--mebel-ru.turbopages.org	0.000008	1	0	0
11909	36493473-331129-0-0	primpress.ru	0.000008	15	0	0
11857	728568-69138-0-0	pozdravok.ru	0.000002	2	0	0
11865	91083793-1238391-0-0	ru.jobsora.com	0.000008	1	0	0
11865	93335226-830873-0-0	www.eg.ru	0.000008	6	0	0
12507	1769765-73403-0-0	www.kp40.ru	0.000008	1	0	0
11857	5092531-241790-0-0	ura-news.turbopages.org	0.000006	1	0	0
11905	32475165-218795-0-0	spravkidoc.ru	0.000006	1	0	0
11857	2571917-108562-0-0	www.penzainform.ru	0.000096	1	1	0
11909	974947-49517-0-0	9111-ru.turbopages.org	0.000002	1	0	0
11857	14912667-1249224-0-0	med-ram.ru	0.000004	1	0	0
12507	494474-102843-0-0	otzovik.com	0.000008	7	0	0
12507	1951458-83219-0-0	ppt.ru	0.000008	1	0	0
12507	2268602-268597-0-0	androidinsider-ru.turbopages.org	0.000008	1	0	0
11868	1560494-327099-0-0	travel.rambler.ru	0.000008	2	0	0
12507	1412746-580826-0-0	www.litmir.me	0.000008	1	0	0
11865	1432019-400402-0-0	www.glaz.tv	0.000074	1	0	0
11858	54604955-656156-0-0	freeprograms.me	0.000008	1	0	0
12507	33263340-255619-0-0	4eva.ru	0.000074	1	0	0
11868	7687782-448212-0-0	profile.ru	0.000008	1	0	0
11909	88830169-613977-0-0	kvartelia.ru	0.000008	2	0	0
11909	1718328-210972-0-0	cont.ws	0.000008	1	0	0
11860	2390032-356910-0-0	www.msn.com	0.000008	1	0	0
9012	41316-586119-0-0	m.7days.ru	0.000062	1	0	0
12507	1600226-68252-0-0	korsakov.bezformata.com	0.000008	3	0	0
12507	24111355-1291364-0-0	readmanga.io	0.000004	1	0	0
11864	87828462-739756-0-0	blognesco.ru	0.000008	2	0	0
12176	1-0	com.vpnredcat.vpn	0.000898	1	0	0
11865	38781906-882492-0-0	testsmart.ru	0.000074	1	0	0
9866	0-216200-0-0	www.tourprom.ru	0.000074	2	0	0
13683	36195-472385-0-0	www.mk.ru	0.000062	1	0	0
12509	883984-55588-0-0	www.popcornnews.ru	0.000003	1	0	0
11858	93335226-830873-0-0	www.eg.ru	0.000008	2	0	0
11864	93380387-848875-0-0	www.nim.ru	0.000008	1	0	0
12507	68133542-467211-0-0	osnmedia-ru.turbopages.org	0.000008	5	0	0
11868	88121411-603878-0-0	radarmedia.net	0.000074	1	0	0
12507	3293020-129405-0-0	www.cosmo.ru	0.000008	2	0	0
11857	3598907-329895-0-0	ntv-ru.turbopages.org	0.000008	1	0	0
12513	1913056-81260-0-0	dfm.ru	0.000074	1	0	0
12507	93736421-989340-0-0	kylinariya-ru.turbopages.org	0.000008	1	0	0
12507	4923530-721898-0-0	ob.ksk66.ru	0.000008	1	0	0
12507	498578-196262-0-0	samara-kp-ru.turbopages.org	0.000008	2	0	0
12509	4817705-131942-0-0	www.u-mama.ru	0.000008	1	0	0
11857	65101275-446888-0-0	www.ellegirl.ru	0.000008	1	0	0
11858	2412782-419506-0-0	www.avito.ru	0.000008	25	0	0
12507	3849096-126345-0-0	www.gorodche.ru	0.000008	1	0	0
11857	3046664-115800-0-0	sunhome-ru.turbopages.org	0.000008	1	0	0
12507	3293020-129367-0-0	popmech-ru.turbopages.org	0.000008	2	0	0
11864	6438395-142108-0-0	e.mail.ru	0.000096	4	0	0
11858	65101275-575584-0-0	www.e1.ru	0.000008	2	0	0
12512	35200580-246767-0-0	bazarpnz.ru	0.000008	1	0	0
11857	31023497-255643-0-0	zachestnyibiznes.ru	0.000008	1	0	0
11905	2112549-91685-0-0	puls-planeta.mirtesen.ru	0.000008	1	0	0
11858	51452342-582170-0-0	news.news-evi.net	0.000008	1	0	0
12507	57475108-389073-0-0	online47-ru.turbopages.org	0.000007	1	0	0
11858	570920-38708-0-0	news.vtomske.ru	0.000074	1	0	0
11857	1180293-56287-0-0	www.kaluga-poisk.ru	0.000008	2	0	0
12507	1921488-1203255-0-0	go31-ru.turbopages.org	0.000008	2	0	0
11858	951248-127611-0-0	infox.sg	0.000096	1	0	0
11909	36493473-331129-0-0	primpress.ru	0.000004	1	0	0
12509	65949452-542792-0-0	radiokp.ru	0.000008	1	0	0
12507	9264259-189680-0-0	finansy.name	0.000008	2	0	0
11909	1913085-81261-0-0	montecarlo.ru	0.000008	6	0	0
12507	498578-196262-0-0	kp-ru.turbopages.org	0.000008	7	0	0
12513	65101275-447180-0-0	pogoda.e1.ru	0.000007	1	0	0
11904	823359-62733-0-0	gallerix.ru	0.000008	1	0	0
11857	5092531-223754-0-0	m.ura.news	0.000008	10	0	0
12507	91864171-708690-0-0	vesti-ru.turbopages.org	0.000008	1	0	0
12507	9132820-163508-0-0	vesiskitim-ru.turbopages.org	0.000008	1	0	0
11905	2112549-91685-0-0	mirtesen.ru	0.000008	3	0	0
11904	30477641-200831-0-0	sankt-peterburg.trud.com	0.000008	2	0	0
11868	509629-29789-0-0	rg.ru	0.000008	3	0	0
11909	33263340-551203-0-0	infotime.co	0.000074	1	0	0
11865	3293020-129405-0-0	www.cosmo.ru	0.000008	1	0	0
12507	7139667-144398-0-0	astv.ru	0.000008	1	0	0
14123	1-3330343132373434365f3237393838-0-PerfectVideoCut	video.cut.editor	0.000898	1	0	0
11905	52535961-573192-0-0	social.ren.tv	0.000074	1	0	0
11857	2983481-409927-0-0	vklist.ru	0.000008	1	0	0
12507	504193-28011-0-0	www.zr.ru	0.000008	8	0	0
11905	2362117-320299-0-0	www.bnkomi.ru	0.000008	1	0	0
12507	8562776-751411-0-0	dni.ru	0.000008	1	0	0
12509	73222433-496671-0-0	shapito.d3.ru	0.000008	1	0	0
11857	54709207-344888-0-0	com.fugo.wow	0.000095	1	0	0
12507	49608361-418964-0-0	1000.menu	0.000008	1	0	0
11909	478574-219390-0-0	roomester-ru.turbopages.org	0.000006	1	0	0
12507	18373836-444062-0-0	privet--rostov-ru.turbopages.org	0.000008	1	0	0
11858	36882225-268047-0-0	cont.ws	0.000008	2	0	0
11868	35650980-513061-0-0	www.ktv-ray.ru	0.000008	1	0	0
11868	5092869-134625-0-0	echo-msk-ru.turbopages.org	0.000008	1	0	0
11865	5092869-134625-0-0	echo.msk.ru	0.000008	1	0	0
11865	8381155-722011-0-0	apteka.103.by	0.000008	1	0	0
11868	56953682-478194-0-0	www.inmyroom.ru	0.000008	2	0	0
11858	51898059-628750-0-0	glavkniga.ru	0.000008	1	0	0
12507	65101275-579437-0-0	www.parents.ru	0.000008	1	0	0
11905	1426764-126740-0-0	files.stroyinf.ru	0.000008	1	0	0
11905	1811904-116200-0-0	www.e-kuzbass.ru	0.000008	1	0	0
11857	8044674-267076-0-0	kak2z.ru	0.000004	1	0	0
9866	0-216200-0-0	www.lentainform.com	0.000074	8	0	0
12507	4684670-155160-0-0	ogorod-ru.turbopages.org	0.000008	1	0	0
11857	728568-69138-0-0	pozdravok.ru	0.000001	1	0	0
11857	7687782-448212-0-0	profile.ru	0.000008	2	0	0
11868	498578-167170-0-0	www.hab.kp.ru	0.000008	1	0	0
11864	5550422-138437-0-0	tvzvezda.ru	0.000096	1	0	0
11868	1412746-580826-0-0	www.litmir.me	0.000096	1	0	0
12507	91841474-703076-0-0	nevnov-ru.turbopages.org	0.000008	1	0	0
11904	8562776-752596-0-0	m.sport-express.ru	0.000074	1	0	0
11909	38748038-260973-0-0	www.bashinform.ru	0.000002	1	0	0
12513	65101275-447180-0-0	pogoda.e1.ru	0.000008	4	0	0
11791	24-3434-0-0	podruzke.ru	0.000096	3	0	0
12507	367997-40901-0-0	vibirai.ru	0.000008	1	0	0
11857	54709207-344888-0-0	com.fugo.wow	0.000096	7	0	0
11858	58502698-395640-0-0	www.yapokupayu.ru	0.000008	1	0	0
11865	3874619-125894-0-0	bash.im	0.000008	3	0	0
13251	8995-0	irecommend.ru	0.000008	1	0	0
11858	61934491-415282-0-0	www.superjob.ru	0.000008	1	0	0
11857	1428778-62775-0-0	forum.littleone.ru	0.000008	1	0	0
11909	489260-186679-0-0	vkys.info	0.000008	1	0	0
11865	93212188-810576-0-0	relasko.ru	0.000008	1	0	0
11865	897669-460527-0-0	pikabu.ru	0.000008	3	0	0
9012	42919-605074-0-0	turkcinema.org	0.000093	0	1	0
11909	55152308-450216-0-0	toppress.kz	0.000008	1	0	0
12507	56210309-357925-0-0	nnmama.ru	0.000008	1	0	0
11857	40110191-477864-0-0	beelead-com.turbopages.org	0.000007	1	0	0
11858	6539562-142065-0-0	nsk.zarplata.ru	0.000008	1	0	0
12367	0-216200-0-0	tass.ru	0.000074	2	0	0
11858	93836300-1210014-0-0	www.bolshoyvopros.ru	0.000008	1	0	0
11857	15044768-265786-0-0	mangahub.ru	0.000074	1	0	0
11864	6438395-248298-0-0	youla.ru	0.000008	3	0	0
12513	6438395-142108-0-0	e.mail.ru	0.000008	1	0	0
12507	509629-29789-0-0	rg.ru	0.000008	1	0	0
11868	897808-138129-0-0	aif.ru	0.000008	2	0	0
12512	2771619-333640-0-0	7ooo.ru	0.000008	1	0	0
12509	54840048-346152-0-0	expert.ru	0.000003	1	0	0
11791	65bd063b3720d703fa73072dcabb277a-9c78d4358b08e3587	animeonline.cc	0.000074	1	0	0
11858	2412782-419506-0-0	www.avito.ru	0.000002	1	0	0
12507	52946227-335165-0-0	business--gazeta-ru.turbopages.org	0.000008	1	0	0
12507	3046664-278919-0-0	sunhome-ru.turbopages.org	0.000008	2	0	0
11858	1808940-94217-0-0	allhockey.ru	0.000008	1	0	0
12507	67966842-471260-0-0	islamnews.ru	0.000008	1	0	0
12507	450317-238073-0-0	zagovormaga-ru.turbopages.org	0.000008	1	0	0
12507	1386626-1294341-0-0	readmanga.io	0.000008	2	0	0
12507	64173066-444849-0-0	radiokp-ru.turbopages.org	0.000003	1	0	0
12507	471383-17418-0-0	www.bmwclub.ru	0.000008	1	0	0
11868	5092869-134625-0-0	echo.msk.ru	0.000008	2	0	0
11858	48982972-532351-0-0	kaskad.tv	0.000008	1	0	0
11909	1560494-250894-0-0	www.rambler.ru	0.000003	1	0	0
12507	974947-49517-0-0	9111-ru.turbopages.org	0.000008	3	0	0
11909	56637581-802757-0-0	odstroy.ru	0.000008	1	0	0
11857	94020429-1206705-0-0	uzbekistangid.ru	0.000008	1	0	0
11864	6438395-147025-0-0	my.mail.ru	0.000074	4	0	0
11909	25702679-191501-0-0	mos.proshoper.ru	0.000008	1	0	0
11858	63430708-502338-0-0	myturcija.ru	0.000008	1	0	0
11909	32657900-220340-0-0	iz-ru.turbopages.org	0.000008	1	0	0
11909	10906108-175361-0-0	www.eastrussia.ru	0.000008	1	0	0
12507	94624243-1256505-0-0	twizz.ru	0.000008	2	0	0
11865	39315718-636644-0-0	mednovelty.ru	0.000008	1	0	0
11868	70390261-778636-0-0	onlinetv.one	0.000091	0	1	0
12507	7664547-442805-0-0	m--strana-ru.turbopages.org	0.000008	1	0	0
14139	15737-576542-0-profile.ru	profile.ru	0.000074	1	0	0
11904	46431776-287922-0-0	joyreactor.cc	0.000006	1	0	0
12507	36859922-255561-0-0	medside-ru.turbopages.org	0.000008	2	0	0
11864	6438395-142108-0-0	e.mail.ru	0.000007	6	0	0
11909	498578-196262-0-0	kp-ru.turbopages.org	0.000008	1	0	0
11905	6732883-142543-0-0	base.garant.ru	0.000008	2	0	0
11904	5092531-223754-0-0	ura.news	0.000008	4	0	0
13256	1-0	com.rubenmayayo.reddit	0.00012	0	1	0
11909	1450059-63504-0-0	m.47news.ru	0.000008	1	0	0
11858	7490678-322588-0-0	ontvtime.tv	0.000008	1	0	0
12512	71813031-490450-0-0	www.gismeteo.ru	0.000008	7	0	0
12509	883984-55588-0-0	www.popcornnews.ru	0.000008	4	0	0
11865	40406530-608271-0-0	xn--80anjd4dyb.xn--p1ai	0.000008	1	0	0
11864	6438395-147024-0-0	horo.mail.ru	0.000005	1	0	0
11857	2412782-419507-0-0	m.avito.ru	0.000008	4	0	0
11865	61657907-412959-0-0	m.spletnik.ru	0.000008	2	0	0
12507	1647838-69256-0-0	www.shkolazhizni.ru	0.000074	1	0	0
12507	473106-94916-0-0	anekdotov.net	0.000008	1	0	0
11857	87936520-601046-0-0	love.mail.ru	0.000008	6	0	0
11909	32629291-322023-0-0	addons-wow.ru	0.000074	1	0	0
11905	2112549-91685-0-0	glagol.mirtesen.ru	0.000008	1	0	0
12507	5092531-223754-0-0	ura-news.turbopages.org	0.000007	1	0	0
12509	36493473-331129-0-0	primpress.ru	0.000008	1	0	0
11791	65bd063b3720d703fa73072dcabb277a-9c78d4358b08e3587	filmplace.ru	0.000026	1	0	0
9012	40621-491126-0-0	i-znatok.ru	0.000003	1	0	0
11909	31113536-204531-0-0	markakachestva.ru	0.000008	1	0	0
13683	42666-622170-0-0	profile.ru	0.000062	5	0	0
11865	65101275-447110-0-0	63.ru	0.000008	1	0	0
11865	91411553-671414-0-0	intrigue.dating	0.000008	5	0	0
11868	6509802-145530-0-0	autotopik-ru.turbopages.org	0.000008	1	0	0
11909	83384515-567219-0-0	orenday.ru	0.000008	2	0	0
13686	40517-489803-0-0	www.yaplakal.com	0.000007	4	0	0
13683	42666-622170-0-0	profile.ru	0.000038	1	0	0
9866	0-216200-0-0	xn----7sbahrplyfdaxfotk.xn--p1ai	0.000093	0	1	0
11868	89739637-639816-0-0	www.gorno-altaisk.info	0.000074	1	0	0
12507	56364423-381774-0-0	rifey-ru.turbopages.org	0.000008	1	0	0
11865	494474-102843-0-0	otzovik.com	0.000008	5	0	0
11909	57648680-392466-0-0	onrealt.ru	0.000008	1	0	0
11864	65101275-577826-0-0	59.ru	0.000008	2	0	0
12507	354367-6817-0-0	tvcenter-ru.turbopages.org	0.000008	1	0	0
12507	89976696-630193-0-0	overclockers.ru	0.000008	1	0	0
11857	1560494-348687-0-0	24--00chasa-livejournal-com.turbopages.org	0.000008	1	0	0
12509	1103819-233690-0-0	vseprotruby.ru	0.000008	1	0	0
12507	2201084-842821-0-0	pepelac.news	0.000008	1	0	0
11909	2918101-163843-0-0	www.u-mama.ru	0.000008	1	0	0
11865	42813817-276165-0-0	www.znak.com	0.000007	1	0	0
11865	3033405-185642-0-0	motorist.expert	0.000002	1	0	0
12507	897669-56459-0-0	pikabu-ru.turbopages.org	0.000008	3	0	0
11865	91411553-671414-0-0	intrigue.dating	0.000074	1	0	0
12507	93016036-755726-0-0	lafoy-ru.turbopages.org	0.000008	1	0	0
12507	3293020-125354-0-0	goodhouse-ru.turbopages.org	0.000008	2	0	0
12509	65949452-453595-0-0	rg.ru	0.000008	9	0	0
11865	54389841-341730-0-0	ribolovrus.ru	0.000008	1	0	0
12507	1180293-56287-0-0	www.kaluga-poisk.ru	0.000008	5	0	0
11909	42813817-276165-0-0	www.znak.com	0.000008	1	0	0
12507	94471171-1347064-0-0	avr.next-video.ru	0.000008	4	0	0
12507	8153363-187978-0-0	foodandhealth-ru.turbopages.org	0.000008	1	0	0
11858	65949452-453595-0-0	rg.ru	0.000008	2	0	0
12507	94624243-1256506-0-0	top10a.ru	0.000008	1	0	0
11865	2112549-91685-0-0	mirtesen.sputnik.ru	0.000074	1	0	0
12507	50363257-327452-0-0	beboo.ru	0.000008	1	0	0
11860	88404192-1298766-0-0	hammer-shop.ru	0.000003	1	0	0
11860	2112549-91685-0-0	social.ren.tv	0.000074	1	0	0
11857	571882-1255923-0-0	crimea.ria.ru	0.000008	1	0	0
11864	37098483-256588-0-0	oktools.ru	0.000008	1	0	0
11909	93915523-1216602-0-0	happymodern.ru	0.000008	3	0	0
11857	1431309-188212-0-0	fbm.ru	0.000074	1	0	0
12509	571882-179755-0-0	armeniasputnik.am	0.000008	1	0	0
11857	3090793-147280-0-0	pravoved.ru	0.000008	4	0	0
11858	75381992-755155-0-0	holty3martishri.vsite.biz	0.000008	1	0	0
11857	90345299-637118-0-0	medinfo-yar.ru	0.000008	1	0	0
9864	0-216200-0-0	m.7days.ru	0.000074	2	0	0
12507	51526388-237403-0-0	povarenok-ru.turbopages.org	0.000008	1	0	0
12507	36882225-614172-0-0	trikky.ru	0.000008	1	0	0
12507	24111355-1291364-0-0	readmanga.io	0.000008	3	0	0
11868	371996-604547-0-0	lapkins.ru	0.000008	2	0	0
11909	2113007-332091-0-0	www.ltran.ru	0.000008	1	0	0
11865	91622640-1337085-0-0	gil-service.ru	0.000008	1	0	0
11865	422981-185913-0-0	meharossii.ru	0.000008	1	0	0
11864	65101275-575586-0-0	ngs.ru	0.000002	1	0	0
11860	2390032-357673-0-0	www.msn.com	0.000008	1	0	0
11864	7139667-144398-0-0	astv.ru	0.000008	1	0	0
11868	70390261-778636-0-0	onlinetv.one	0.00012	0	2	0
12507	65949452-453595-0-0	rg.ru	0.000008	1	0	0
11864	6438395-142108-0-0	e.mail.ru	0.000008	300	0	0
11868	49905584-324706-0-0	sport24.ru	0.000008	3	0	0
11904	87276007-592219-0-0	www.mk.ru	0.000008	1	0	0
11857	420727-447573-0-0	ilibrary.ru	0.000008	1	0	0
14123	10130-34373535363831325f3336363236-0-0	files.im	0.000607	1	0	0
10009	b2ebca6eba370ba3ec81c0c930b1fa58-e51f82ea9d9d1a62d	turkcinema.org	0.000074	1	0	0
11857	24111355-1291364-0-0	readmanga.io	0.000008	3	0	0
12507	45746419-284959-0-0	schlock.ru	0.000074	1	0	0
11909	87276007-592220-0-0	www.avtovzglyad.ru	0.000003	1	0	0
11905	934786-83481-0-0	puzkarapuz.ru	0.000008	1	0	0
11904	498578-26254-0-0	www.kp.ru	0.000008	1	0	0
12512	4624495-130614-0-0	www.vazhno.ru	0.000008	2	0	0
11858	1055963-816214-0-0	gdespaces.com	0.000008	1	0	0
11905	92386429-872461-0-0	cxem.net	0.000008	1	0	0
11909	3293020-129405-0-0	www.cosmo.ru	0.000008	1	0	0
12507	31404833-345840-0-0	fermersadovod.ru	0.000008	1	0	0
11858	38661274-725731-0-0	mir-knigi.net	0.000008	1	0	0
11858	2418212-530502-0-0	lifehacker.ru	0.000008	1	0	0
11868	1380725-208191-0-0	gazetabiznes.ru	0.000008	4	0	0
12507	5538648-138320-0-0	bragazeta-ru.turbopages.org	0.000008	1	0	0
11857	24142277-191235-0-0	vyatka-grad.ru	0.000008	1	0	0
11865	82862297-568515-0-0	dacha.help	0.000008	1	0	0
11858	90484702-639714-0-0	csn-tv.ru	0.000096	1	0	0
11858	2918101-113120-0-0	www.u-mama.ru	0.000008	1	0	0
14049	36195-472385-0-0	chel.mk.ru	0.000074	1	0	0
11860	932583-57178-0-0	nnov.nuipogoda.ru	0.000096	1	0	0
11858	1426764-126740-0-0	files.stroyinf.ru	0.000008	1	0	0
11864	6438395-147023-0-0	news.mail.ru	0.000008	8	0	0
11857	1114383-242664-0-0	avtonovostidnya-ru.turbopages.org	0.000008	1	0	0
14056	0-216200-0-0	sonnik.expert	0.000074	3	0	0
13898	68b46d282bfd1d35652e7b12e149b982-3256142177-0-K-Sn	com.pyrogames.squidsniper3d	0.00011	1	0	0
11865	3293020-125354-0-0	www.goodhouse.ru	0.000008	1	0	0
11865	2412782-419506-0-0	www.avito.ru	0.000005	2	0	0
11904	617084-92823-0-0	erudit.1-1.su	0.000003	1	0	0
12507	498578-196262-0-0	dv-kp-ru.turbopages.org	0.000008	1	0	0
12507	91437683-775204-0-0	tkaner-com.turbopages.org	0.000008	1	0	0
11865	6490011-512550-0-0	energiaqi.ru	0.000008	1	0	0
11868	2390032-357688-0-0	www.msn.com	0.000008	1	0	0
11857	36493473-331129-0-0	primpress.ru	0.000008	11	0	0
11858	91611416-682887-0-0	fotoplaza.ru	0.000096	1	0	0
11904	3900291-175272-0-0	kraska.guru	0.000008	1	0	0
12507	88683488-618977-0-0	izyskon.com	0.000007	1	0	0
11857	36493473-331129-0-0	primpress.ru	0.000074	1	0	0
11857	1560494-225212-0-0	championat-com.turbopages.org	0.000096	1	0	0
11905	64173066-440960-0-0	radiokp.ru	0.000007	1	0	0
11909	66433664-455709-0-0	zenamoda.ru	0.000008	1	0	0
11857	5092869-134625-0-0	echo.msk.ru	0.000008	1	0	0
13812	d6c8911b0f0ae4019a0045388abb4751-1543307289-0-Simp	com.simplesandbox2	0.00011	1	0	0
11865	318248-1228920-0-0	coronavirus-monitor.ru	0.000008	1	0	0
11868	9598552-175106-0-0	www.forbes.ru	0.000001	1	0	0
11909	67329156-462096-0-0	1001goroskop.ru	0.000007	1	0	0
11909	9598552-175106-0-0	www.forbes.ru	0.000074	1	0	0
11860	71191770-486682-0-0	mainstyles.ru	0.000008	1	0	0
11909	1156153-193723-0-0	www.biz300.ru	0.000008	1	0	0
11909	548057-52397-0-0	astromeridian-ru.turbopages.org	0.000008	3	0	0
11858	50054301-325932-0-0	ifreedom.su	0.000008	1	0	0
11905	87936520-601046-0-0	www.mamba.ru	0.000008	3	0	0
11905	56330162-381389-0-0	pavlovo.mebel-store.com	0.000008	1	0	0
11858	91864171-708690-0-0	www.vesti.ru	0.000074	1	0	0
12507	2412782-419506-0-0	www.avito.ru	0.000008	4	0	0
12507	93335226-830873-0-0	www.eg.ru	0.000074	1	0	0
11909	997092-142443-0-0	travelask.ru	0.000074	1	0	0
12507	36493473-331594-0-0	konkurent.ru	0.000008	2	0	0
11868	467408-251653-0-0	liveposts-ru.turbopages.org	0.000008	1	0	0
12507	1448522-80672-0-0	medside.ru	0.000008	1	0	0
11904	30477641-200831-0-0	www.trud.com	0.000008	2	0	0
12507	89976696-630193-0-0	overclockers-ru.turbopages.org	0.000008	2	0	0
12512	24111355-1291364-0-0	readmanga.io	0.000004	1	0	0
11909	36882225-267966-0-0	rusvesna.su	0.000008	1	0	0
11865	483008-20811-0-0	www.webapteka.ru	0.000008	1	0	0
11909	498578-284388-0-0	www.kp.ru	0.000001	1	0	0
12507	84615388-613349-0-0	muzhyazheny.ru	0.000008	1	0	0
11864	65101275-447165-0-0	love.ngs.ru	0.000008	2	0	0
11909	36880868-255677-0-0	monolith.in.ua	0.000008	1	0	0
12507	94848661-1268895-0-0	povar-ru.turbopages.org	0.000008	4	0	0
12507	54464709-342612-0-0	korzik.net	0.000008	2	0	0
12507	7687782-448212-0-0	profile.ru	0.000046	1	0	0
11857	39389203-293832-0-0	ulfishing.ru	0.000006	1	0	0
12507	90720690-643887-0-0	mir-knig.com	0.000006	1	0	0
12507	35799708-268281-0-0	anapa--ch-ru.turbopages.org	0.000008	2	0	0
11909	985920-49912-0-0	www.vidal.ru	0.000008	3	0	0
11909	90720690-643887-0-0	mir-knig.com	0.000007	1	0	0
11858	36882225-267966-0-0	rusvesna.su	0.000096	1	0	0
11864	937881-114546-0-0	omsk.mlsn.ru	0.000008	1	0	0
11904	450596-9524-0-0	www.profinance.ru	0.000008	1	0	0
12507	9598552-175106-0-0	www.forbes.ru	0.000074	1	0	0
11909	6734741-142545-0-0	www.drive2.ru	0.000008	2	0	0
11857	4682439-130997-0-0	sevastopol.su	0.000096	1	0	0
11857	74844495-513294-0-0	rus--kostroma-ru.turbopages.org	0.000008	1	0	0
12507	5024298-136264-0-0	spravkainform.ru	0.000008	2	0	0
11909	8562776-751706-0-0	www.kp.ru	0.000008	1	0	0
11864	384037-1170-0-0	helpix.ru	0.000007	1	0	0
12507	5165396-135358-0-0	newsroom24-ru.turbopages.org	0.000008	1	0	0
13812	9df7f8c0217efca328edc86154acacfe-938697193-0-com.s	com.sushirolls.app	0.000104	1	0	0
12507	1532269-141463-0-0	kedem.ru	0.000008	1	0	0
12507	83315865-649351-0-0	rossaprimavera-ru.turbopages.org	0.000008	1	0	0
11909	1560494-250894-0-0	www.rambler.ru	0.000008	3	0	0
12507	3221863-119162-0-0	paranormal--news-ru.turbopages.org	0.000008	1	0	0
12512	1124250-54642-0-0	krsk.au.ru	0.000008	1	0	0
11868	897669-56459-0-0	pikabu.ru	0.000008	3	0	0
11865	4342450-128930-0-0	topwar.ru	0.000008	1	0	0
11909	509629-196263-0-0	rg.ru	0.000008	2	0	0
12509	33530085-232061-0-0	krasnoyarsk.cian.ru	0.000008	1	0	0
12507	65101275-575584-0-0	www.e1.ru	0.000008	2	0	0
12507	5092531-241790-0-0	ura-news.turbopages.org	0.000008	1	0	0
12507	1801033-247350-0-0	mangalib.me	0.000008	1	0	0
11858	9598552-175106-0-0	www.forbes.ru	0.000074	1	0	0
11864	6438395-142108-0-0	octavius.mail.ru	0.000008	1	0	0
12507	915412-108160-0-0	1prime.ru	0.000008	1	0	0
12513	1728009-162266-0-0	www.1tv.ru	0.000008	1	0	0
12507	92945426-752689-0-0	sibdepo-ru.turbopages.org	0.000008	2	0	0
11858	38748038-260973-0-0	www.bashinform.ru	0.000008	1	0	0
11868	32505382-243349-0-0	6cotok.boltai.com	0.000008	1	0	0
11909	56663774-602227-0-0	m.7days.ru	0.000008	1	0	0
11865	1945809-266974-0-0	healthperfect.ru	0.000008	1	0	0
11909	92098312-714340-0-0	www.fishingsib.ru	0.000008	1	0	0
11909	14477514-740793-0-0	sib-fm.turbopages.org	0.000008	2	0	0
12507	89976696-630193-0-0	overclockers.ru	0.000074	1	0	0
11868	56663774-593146-0-0	dni.ru	0.000008	1	0	0
11909	4684670-155160-0-0	www.ogorod.ru	0.000008	1	0	0
11857	509629-196263-0-0	rg-ru.turbopages.org	0.000008	3	0	0
12507	32002567-933894-0-0	fastmb-ru.turbopages.org	0.000006	1	0	0
11868	1412746-580208-0-0	m.iamcook.ru	0.000008	1	0	0
11909	1395755-454808-0-0	fshoke.com	0.000008	1	0	0
11909	36493473-331129-0-0	primpress.ru	0.000006	1	0	0
12509	42409428-274898-0-0	poetov.net	0.000008	1	0	0
12507	36493473-331129-0-0	primpress.ru	0.000008	10	0	0
11857	51452342-714624-0-0	www.avtovzglyad.ru	0.000008	1	0	0
11865	44559083-677656-0-0	isvest.ru	0.000008	1	0	0
11864	384037-1170-0-0	helpix.ru	0.000002	1	0	0
11909	3221863-119162-0-0	paranormal--news-ru.turbopages.org	0.000008	1	0	0
11909	38748038-260973-0-0	www.bashinform.ru	0.000008	2	0	0
12507	91977965-709745-0-0	newsvo-ru.turbopages.org	0.000008	1	0	0
11909	54464709-342612-0-0	korzik.net	0.000008	1	0	0
12507	3451193-1242292-0-0	mir-knigi.info	0.000008	1	0	0
11909	92641480-740723-0-0	zapad24.ru	0.000001	1	0	0
12507	65443695-449419-0-0	www.ok-magazine.ru	0.000008	1	0	0
12507	94450274-1248247-0-0	mobilych.com.ua	0.000008	1	0	0
11857	1591201-108029-0-0	fighttime.ru	0.000008	1	0	0
12507	3536686-170218-0-0	medaboutme-ru.turbopages.org	0.000008	1	0	0
14123	1-3132343831315f3237393838-0-Bike-Tricks:-Mine-Stu	com.bitofgame.biketricksminestunts	0.001403	1	1	0
12507	2983481-409927-0-0	vklist.ru	0.000001	1	0	0
14003	15740-120372644-0-com.sushirolls.app	com.sushirolls.app	0.00011	1	0	0
11864	6438395-142108-0-0	e.mail.ru	0.000006	5	0	0
12509	33720538-234760-0-0	grazhdaninu.com	0.000008	1	0	0
11864	31446184-207704-0-0	www.gazeta-unp.ru	0.000008	1	0	0
12507	6601699-142265-0-0	ilive-com-ua.turbopages.org	0.000008	2	0	0
11909	6438395-467395-0-0	hi--tech-mail-ru.turbopages.org	0.000004	1	0	0
11864	1244907-2197-0-0	www.amalgama-lab.com	0.000008	1	0	0
11857	7687782-448212-0-0	profile.ru	0.000074	3	0	0
14123	7-313535353434385f3237393838-0-impossible^20car^20stun	com.impossible.tracks.real.race.games	0.001123	0	1	0
11858	77920991-674480-0-0	knizhkin.org	0.000008	1	0	0
11791	96e00b81195e8976bced116faf5f246c-144819225bf7f735a	podruzke.ru	0.000096	1	0	0
11909	90720690-643887-0-0	mir-knig.com	0.000008	14	0	0
11904	617084-92823-0-0	erudit.1-1.su	0.000008	1	0	0
12507	91235966-660718-0-0	lifehacker-ru.turbopages.org	0.000008	2	0	0
12507	37098483-256588-0-0	oktools.ru	0.000008	1	0	0
11868	48084745-293947-0-0	mediametrics.ru	0.000008	1	0	0
11909	49905584-324706-0-0	sport24-ru.turbopages.org	0.000007	1	0	0
11858	951248-127611-0-0	infox.sg	0.000008	1	0	0
9012	36195-472385-0-0	www.mk.ru	0.000062	1	0	0
12507	87448464-1270929-0-0	neuro--ural-ru.turbopages.org	0.000008	1	0	0
11868	38638301-291580-0-0	www.tarbie.kz	0.000008	1	0	0
11858	53838711-339155-0-0	gameguru.ru	0.000008	1	0	0
9012	42919-605074-0-0	turkcinema.org	0.000007	1	0	0
11865	410659-1400-0-0	www.f1news.ru	0.000008	4	0	0
12509	1366953-230172-0-0	novosibirsk.ktogdeest.com	0.000008	1	0	0
11858	8623006-161494-0-0	www.radiorecord.ru	0.000008	1	0	0
11868	70390261-778636-0-0	onlinetv.one	0.000096	2	0	0
12509	91864171-708690-0-0	www.vesti.ru	0.000008	1	0	0
11909	6438395-467395-0-0	hi--tech-mail-ru.turbopages.org	0.000008	1	0	0
11909	9598552-175106-0-0	www.forbes.ru	0.000008	1	0	0
11857	42813817-276165-0-0	www.znak.com	0.000008	1	0	0
11864	6438395-142108-0-0	e.mail.ru	0.000004	4	0	0
12509	89976696-630193-0-0	overclockers.ru	0.000074	1	0	0
12507	5092531-223754-0-0	ura-news.turbopages.org	0.000004	1	0	0
11858	1124250-54642-0-0	krsk.au.ru	0.000002	1	0	0
11868	8562776-753408-0-0	pda.orsk.ru	0.000008	1	0	0
11865	88690383-611984-0-0	jaomix.ru	0.000008	3	0	0
12507	2103170-226960-0-0	actualnews-org.turbopages.org	0.000008	1	0	0
11857	33263340-255619-0-0	4eva.ru	0.000074	1	0	0
11868	2375180-104774-0-0	vestitambov-ru.turbopages.org	0.000008	1	0	0
11857	509629-29789-0-0	rg.ru	0.000008	1	0	0
12512	45267088-281953-0-0	ytro.news	0.000008	1	0	0
12507	89739637-1264075-0-0	xn--e1adcaacuhnujm.xn--p1ai	0.000008	1	0	0
11865	483376-272737-0-0	teleconom.ru	0.000008	1	0	0
11904	1124250-54642-0-0	au.ru	0.000008	1	0	0
11864	5350121-136704-0-0	football.kulichki.net	0.000008	1	0	0
11857	93918555-994494-0-0	www.gs.by	0.000008	1	0	0
11864	2771619-333640-0-0	7ooo.ru	0.000008	1	0	0
11904	68543924-531163-0-0	cars.av.by	0.000008	1	0	0
12507	38781906-882492-0-0	testsmart.ru	0.000074	1	0	0
11791	15-26-0-0	rusvesna.su	0.000096	2	0	0
12509	65949452-563305-0-0	www.perm.kp.ru	0.000008	1	0	0
12507	1801033-247350-0-0	mangalib.me	0.000074	7	0	0
11857	1560494-225219-0-0	news-rambler-ru.turbopages.org	0.000008	3	0	0
11857	36493473-331129-0-0	primpress.ru	0.000007	1	0	0
9866	0-216200-0-0	doctorpiter.ru	0.000074	2	0	0
11857	56336832-381479-0-0	m.tabor.ru	0.000006	1	0	0
12507	42813817-276165-0-0	www.znak.com	0.000008	2	0	0
12512	5448391-139620-0-0	vologda.po-aptekam.ru	0.000008	1	0	0
11858	384037-1170-0-0	helpix.ru	0.000008	1	0	0
11868	897669-56459-0-0	pikabu.ru	0.000005	1	0	0
11864	7132534-584636-0-0	remont-book.com	0.000008	1	0	0
9012	36392-475082-0-0	teleprogramma.pro	0.000062	3	0	0
11868	8562776-752105-0-0	postila.ru	0.000008	1	0	0
12507	3291206-727067-0-0	nversia-ru.turbopages.org	0.000005	1	0	0
12507	4682439-130997-0-0	sevastopol-su.turbopages.org	0.000008	1	0	0
12507	1124250-54642-0-0	krsk.au.ru	0.000008	1	0	0
12507	30394981-245919-0-0	polzablog.ru	0.000008	1	0	0
12507	51020038-328213-0-0	tvsamara-ru.turbopages.org	0.000008	1	0	0
12507	8984986-322099-0-0	poleznii-site.ru	0.000008	1	0	0
11858	3756359-125339-0-0	mama.tomsk.ru	0.000007	1	0	0
11864	51898059-530470-0-0	gallerix.ru	0.000008	1	0	0
12507	65101275-576079-0-0	161.ru	0.000008	2	0	0
11868	947503-35996-0-0	detdom-vidnoe.ru	0.000008	2	0	0
11860	18373836-455813-0-0	top-mods.ru	0.00012	0	2	0
12507	87276007-606542-0-0	baikal-mk-ru.turbopages.org	0.000008	1	0	0
12513	92453275-732287-0-0	11novosti.ru	0.000008	2	0	0
11857	1560494-225212-0-0	championat-com.turbopages.org	0.000006	1	0	0
8592	d175edc338fd33fa1c8c2da3918f86ef-2daad82c7df619a58	devian.tubemate.home	0.000096	1	0	0
12507	7295714-153743-0-0	russian.rt.com	0.000074	1	0	0
12507	87909282-600685-0-0	kapital--rus-ru.turbopages.org	0.000007	1	0	0
11858	5092869-134625-0-0	echo.msk.ru	0.000008	6	0	0
11857	8083377-192439-0-0	petstime.ru	0.000074	1	0	0
11858	38205555-260220-0-0	traveller-eu.ru	0.000008	1	0	0
12507	91864171-708690-0-0	www.vesti.ru	0.000008	1	0	0
11868	874982-46249-0-0	svpressa.ru	0.000008	1	0	0
12507	9848988-169278-0-0	ped-kopilka.ru	0.000008	1	0	0
12507	33530085-232061-0-0	chita.cian.ru	0.000008	1	0	0
11791	24-3434-0-0	podruzke.ru	0.00012	0	1	0
10009	29cb292c42713b8bf50376245d45d72e-9ed0512af0a914ff0	com.ouazgames.spidermaster	0.000096	1	0	0
14003	15737-576542-0-onlinetv.one	onlinetv.one	0.000096	1	0	0
14123	1-32373937355f3237393838-0-Mini-Golf:-Retro	com.bitofgame.minigolfretro	0.001403	1	1	0
12507	997092-142443-0-0	travelask.ru	0.000008	1	0	0
11868	71813031-545728-0-0	www.gismeteo.ru	0.000008	6	0	0
11909	95287173-1304023-0-0	tripfarea.com	0.000008	1	0	0
9012	40621-491126-0-0	budu5.com	0.000007	1	0	0
11868	36493473-331129-0-0	primpress.ru	0.000008	1	0	0
12509	2050914-1314955-0-0	portalvirtualreality.ru	0.000008	1	0	0
8592	24-3434-0-0	podruzke.ru	0.000096	2	0	0
12507	88185568-607121-0-0	mybarbos.com	0.000008	1	0	0
12507	73892239-502951-0-0	cheb--live-ru.turbopages.org	0.000008	1	0	0
11868	93546597-919831-0-0	spb-mk-ru.turbopages.org	0.000008	1	0	0
13252	3505-0	znanija.com	0.000008	1	0	0
11865	7619909-149291-0-0	other.avtotochki.ru	0.000008	1	0	0
11858	9255990-186886-0-0	rubrikator.org	0.000008	1	0	0
11868	36493473-331129-0-0	primpress.ru	0.000074	11	0	0
11857	1560494-350937-0-0	moslenta-ru.turbopages.org	0.000008	2	0	0
11905	60604549-734779-0-0	agrospectehnika.online	0.000008	1	0	0
11904	22813635-189184-0-0	rydo.ru	0.000008	2	0	0
11868	1180293-56287-0-0	www.kaluga-poisk.ru	0.000008	2	0	0
11909	93335226-830873-0-0	www.eg.ru	0.000074	4	0	0
12507	407197-158840-0-0	lisa-ru.turbopages.org	0.000008	1	0	0
11858	40879015-268596-0-0	naavtotrasse.ru	0.000007	1	0	0
11865	54613514-398276-0-0	evrabota.blogspot.com	0.000008	1	0	0
11857	6078256-142910-0-0	www.infoniac.ru	0.000008	1	0	0
9864	0-216200-0-0	m.7days.ru	0.000055	1	0	0
12507	50264598-326188-0-0	www.radioc.ru	0.000008	1	0	0
11909	54566465-343617-0-0	vsvoemdome.ru	0.000008	1	0	0
12507	65101275-577870-0-0	ngs55.ru	0.000008	1	0	0
11909	41249544-270318-0-0	tekhnar.ru	0.000008	1	0	0
11868	92928962-752036-0-0	animego.org	0.000074	2	0	0
11865	54817670-1313016-0-0	wisely.su	0.000008	1	0	0
11904	369305-1038-0-0	3dnews.ru	0.000008	2	0	0
12507	68543924-531163-0-0	cars.av.by	0.000008	1	0	0
11865	2412782-419506-0-0	www.avito.ru	0.000004	1	0	0
11868	7295714-188279-0-0	russian.rt.com	0.000008	1	0	0
11864	31446184-207708-0-0	www.26-2.ru	0.000008	1	0	0
11904	874982-46249-0-0	svpressa.ru	0.000008	1	0	0
11868	51452342-496695-0-0	zb-es.daily-inform.ru	0.000008	1	0	0
12513	3293020-129405-0-0	www.cosmo.ru	0.000008	3	0	0
11865	65101275-579434-0-0	www.elledecoration.ru	0.000008	1	0	0
11865	7286645-580131-0-0	realt.onliner.by	0.000008	1	0	0
11864	7687782-448212-0-0	profile.ru	0.000074	1	0	0
11857	7295714-153743-0-0	russian.rt.com	0.000074	1	0	0
12507	3291206-727067-0-0	nversia-ru.turbopages.org	0.000008	1	0	0
11909	4331537-266727-0-0	trudogolikam-ru.turbopages.org	0.000008	2	0	0
12507	40879015-268596-0-0	naavtotrasse.ru	0.000003	1	0	0
11868	1560494-251983-0-0	finance.rambler.ru	0.000006	1	0	0
8589	2556903250-4176228025-0-0	www.yaplakal.com	0.000096	2	0	0
11865	54770757-1321622-0-0	trewq.ru	0.000008	1	0	0
11857	1228101-102592-0-0	www.100bestbooks.ru	0.000008	1	0	0
12509	65949452-515704-0-0	teleprogramma.pro	0.000008	7	0	0
13815	2946652953-2656764784-0-0	sonnik.expert	0.000096	1	0	0
11791	21fee56a7508a045067e16181bb7cc2c-e4a26f930c0db018d	a01.animeonline.cc	0.000074	1	0	0
11864	575797-141668-0-0	newsorel.ru	0.000074	1	0	0
11791	65bd063b3720d703fa73072dcabb277a-9c78d4358b08e3587	allserial.org	0.000008	1	0	0
11864	7687782-448212-0-0	profile.ru	0.000004	1	0	0
11868	18373836-407993-0-0	www.u-mama.ru	0.000096	1	0	0
12507	49533561-511257-0-0	lvrach-ru.turbopages.org	0.000008	3	0	0
12507	1412746-1258509-0-0	www.litmir.me	0.000008	1	0	0
12509	65949452-563305-0-0	www.kuban.kp.ru	0.000008	1	0	0
11909	56663774-602227-0-0	m.7days.ru	0.000074	3	0	0
11868	51898059-589588-0-0	capitalgains.ru	0.000002	1	0	0
11868	3003711-114821-0-0	russian7.ru	0.000001	1	0	0
12507	498578-167170-0-0	www.ufa.kp.ru	0.000008	1	0	0
11909	88830169-613977-0-0	kvartelia.ru	0.000007	1	0	0
11858	475686-728766-0-0	amedia.online	0.000005	1	0	0
9012	36392-475082-0-0	teleprogramma.pro	0.000036	1	0	0
12507	39315718-577156-0-0	rk--news-com.turbopages.org	0.000002	1	0	0
12507	1410868-286567-0-0	u-ksyushi.ru	0.000004	1	0	0
12507	498578-196262-0-0	ryazan-kp-ru.turbopages.org	0.000008	1	0	0
12507	2447581-1336074-0-0	m.sibkray.ru	0.000008	2	0	0
11865	54817670-1312050-0-0	wsesw.ru	0.000008	1	0	0
11909	1399964-1311574-0-0	pythonru.com	0.000004	1	0	0
12507	50264598-333111-0-0	www.100i6fm.ru	0.000008	1	0	0
11868	38661274-281904-0-0	tengrinews.kz	0.000008	1	0	0
11865	7975544-153745-0-0	tass.ru	0.000074	1	0	0
12509	73222433-496671-0-0	tc.d3.ru	0.000008	1	0	0
11865	56379771-756414-0-0	xn--90aoy.xn--p1ai	0.000008	1	0	0
12507	90484702-639714-0-0	csn--tv-ru.turbopages.org	0.000005	1	0	0
11864	6438395-525739-0-0	news.mail.ru	0.000008	1	0	0
11857	87936520-601046-0-0	www.mamba.ru	0.000008	8	0	0
11868	5314155-136380-0-0	dni.ru	0.000008	1	0	0
11868	897669-56459-0-0	pikabu.ru	0.000001	1	0	0
9866	0-216200-0-0	360tv.ru	0.00002	1	0	0
11864	1124250-54642-0-0	krsk.au.ru	0.000008	2	0	0
11909	1718328-141569-0-0	cont.ws	0.000008	1	0	0
11864	6438395-152036-0-0	sportmail.ru	0.000008	2	0	0
11864	24109265-241001-0-0	dekoriko.ru	0.000008	1	0	0
12507	51898059-569211-0-0	4ege.ru	0.000008	1	0	0
11868	1435993-595993-0-0	edimdoma-ru.turbopages.org	0.000008	1	0	0
12507	7687782-448212-0-0	profile.ru	0.000008	4	0	0
11858	66979868-459765-0-0	mayaksbor.ru	0.000008	1	0	0
11864	508343-49826-0-0	www.gastronom.ru	0.000008	1	0	0
11868	71813031-545728-0-0	www.gismeteo.ru	0.000006	1	0	0
11858	9848988-169278-0-0	ped-kopilka.ru	0.000008	1	0	0
12507	36882225-1243602-0-0	ru.abcdef.wiki	0.000003	1	0	0
12507	5092869-134625-0-0	echo.msk.ru	0.000001	1	0	0
12507	498578-167170-0-0	www.kp.ru	0.000008	1	0	0
11857	87936520-601046-0-0	wap.love.mail.ru	0.000008	4	0	0
11909	70822726-484107-0-0	www.riatomsk.ru	0.000008	1	0	0
12513	19595962-187721-0-0	www.kommersant.ru	0.000074	2	0	0
11858	7344752-714806-0-0	jut-su.net	0.000001	1	0	0
12507	73647856-528283-0-0	samaraonline24-ru.turbopages.org	0.000008	1	0	0
11791	79-1797-0-0	budu5.com	0.000008	2	0	0
12509	51898059-1210844-0-0	m.bombardir.ru	0.000008	1	0	0
11857	2412782-419507-0-0	m.avito.ru	0.000004	1	0	0
11909	1228849-117050-0-0	ayzdorov-ru.turbopages.org	0.000008	2	0	0
11858	34776665-725258-0-0	perm.svetofors.ru	0.000008	1	0	0
12507	2172096-752040-0-0	calcus.ru	0.000008	1	0	0
12507	34800523-244434-0-0	inewscast.ru	0.000008	1	0	0
11904	1366953-230172-0-0	novosibirsk.ktogdeest.com	0.000008	1	0	0
11864	71813031-490450-0-0	www.gismeteo.ru	0.000008	2	0	0
12507	50264598-333108-0-0	www.alfafm.ru	0.000008	1	0	0
11904	2008420-257549-0-0	piterzavtra.ru	0.000008	1	0	0
14123	7-313535353630385f3237393838-0-Screen^20broadcaster	com.smamolot.gusher	0.000898	1	0	0
12507	5306121-724698-0-0	vashnarkolog.com	0.000008	1	0	0
11909	87276007-592219-0-0	www.mk.ru	0.000074	3	0	0
11865	89879165-628347-0-0	vidfinans.ru	0.000008	1	0	0
11865	7226200-154932-0-0	www.chita.ru	0.000008	1	0	0
11857	30945741-606177-0-0	com.appoli.smscongratulate	0.000096	1	0	0
12513	19595962-187721-0-0	www.kommersant.ru	0.000008	1	0	0
12507	62513698-669227-0-0	clinica--opora-ru.turbopages.org	0.000008	1	0	0
11905	2112549-91685-0-0	mudrost.mirtesen.ru	0.000008	1	0	0
11865	91774534-698991-0-0	burforum.ru	0.000008	1	0	0
12507	1193920-237969-0-0	carsweek-ru.turbopages.org	0.000008	1	0	0
12512	65101275-575584-0-0	www.e1.ru	0.000008	1	0	0
12507	2393642-489917-0-0	multi-mama.ru	0.000008	1	0	0
11857	478574-219390-0-0	roomester.ru	0.000008	1	0	0
11865	6557105-250544-0-0	www.interfax.ru	0.000074	1	0	0
11858	94655083-1259083-0-0	livebir.ru	0.000008	1	0	0
11904	4624495-130614-0-0	www.vazhno.ru	0.000008	1	0	0
12507	458434-13011-0-0	www.samru.ru	0.000074	1	0	0
11865	54770757-1314125-0-0	xn----btbkutdbneel0i.xn--p1ai	0.000008	1	0	0
11868	37211197-257005-0-0	forums.rusmedserv.com	0.000008	3	0	0
11858	6746465-142629-0-0	abakan.hh.ru	0.000008	1	0	0
11904	2225060-97076-0-0	ekb.narule.ru	0.000008	2	0	0
11868	571882-1255923-0-0	crimea.ria.ru	0.000008	1	0	0
12507	93379862-1308094-0-0	banki-loans.turbopages.org	0.000008	5	0	0
11909	93047565-1336218-0-0	orbar.ru	0.000008	1	0	0
12507	65101275-447131-0-0	e1-ru.turbopages.org	0.000008	1	0	0
12507	48537776-547400-0-0	jut.su	0.000074	1	0	0
9866	0-216200-0-0	www.film.ru	0.000074	1	0	0
11858	475686-728766-0-0	amedia.online	0.000008	2	0	0
11868	92386429-746409-0-0	telik.top	0.000008	2	0	0
11868	93335226-830873-0-0	www.eg.ru	0.000008	1	0	0
11868	8379705-159020-0-0	smart-lab.ru	0.000002	1	0	0
12507	1600226-68252-0-0	novosibirsk.bezformata.com	0.000008	1	0	0
12507	7797099-623497-0-0	inpot.ru	0.000008	1	0	0
11909	24142277-191235-0-0	vyatka-grad.ru	0.000008	1	0	0
12512	42813817-276165-0-0	www.znak.com	0.000008	1	0	0
11909	7234779-240630-0-0	kommersant-ru.turbopages.org	0.000008	2	0	0
11909	66979868-459765-0-0	mayaksbor.ru	0.000008	1	0	0
11864	526151-320628-0-0	cubiq.ru	0.000008	1	0	0
11865	91774534-710195-0-0	texnotoys.ru	0.000008	1	0	0
11909	91531139-706771-0-0	onelove.su	0.000008	1	0	0
13686	40517-489803-0-0	www.yaplakal.com	0.000006	1	0	0
11865	27846208-192432-0-0	msk.spravka.city	0.000008	1	0	0
13252	20843-0	rostov.mk.ru	0.000074	1	0	0
11909	521211-64100-0-0	mototip.ru	0.000008	1	0	0
12507	783088-1358496-0-0	stroimdom21-ru.turbopages.org	0.000008	1	0	0
11868	91320665-688690-0-0	yastatic.net	0.000074	1	0	0
12509	65949452-515704-0-0	teleprogramma.pro	0.000074	7	0	0
12507	93335226-830873-0-0	eg-ru.turbopages.org	0.000008	1	0	0
12507	83501580-567834-0-0	24-kz.turbopages.org	0.000008	1	0	0
12507	83199702-566184-0-0	vestart.ru	0.000008	1	0	0
11868	1560494-251983-0-0	finance.rambler.ru	0.000008	2	0	0
11868	27064358-192495-0-0	pravoved.ru	0.000008	10	0	0
11865	2412782-419506-0-0	www.avito.ru	0.000006	1	0	0
12507	51898059-1238537-0-0	ucrazy.ru	0.000008	1	0	0
11868	7687782-448212-0-0	profile-ru.turbopages.org	0.000008	1	0	0
11909	6438395-353890-0-0	tv.mail.ru	0.000008	3	0	0
11858	39769321-506418-0-0	old.autopiter.ru	0.000008	2	0	0
12507	44486434-280347-0-0	rupoland-com.turbopages.org	0.000008	1	0	0
12507	39836068-265277-0-0	dvinatoday-ru.turbopages.org	0.000008	2	0	0
11865	54817670-1312065-0-0	wsesw.ru	0.000008	1	0	0
9012	35566-603693-0-0	www.kleo.ru	0.000062	1	0	0
11909	93587778-986558-0-0	rusnewsonline24.ru	0.000008	1	0	0
11865	8562776-1276450-0-0	ngs.ru	0.000008	1	0	0
11857	24111355-260558-0-0	grouple.co	0.000008	1	0	0
11857	88689873-612941-0-0	com.mocomediallc.fastfriend	0.00011	1	0	0
12507	1412746-989956-0-0	www.litmir.me	0.000008	1	0	0
11858	1560494-660797-0-0	mail.rambler.ru	0.000008	4	0	0
12507	92493306-733615-0-0	bez-makiyazha.ru	0.000007	1	0	0
12507	84615388-613349-0-0	muzhyazheny.ru	0.000074	2	0	0
11909	66475862-459160-0-0	newsnn-ru.turbopages.org	0.000004	1	0	0
11902	91350352-671518-0-0	com.nevosoft.mylittleplanet	0.000113	1	0	0
11860	2390032-357684-0-0	www.msn.com	0.000008	1	0	0
11904	68133542-467211-0-0	www.osnmedia.ru	0.000008	2	0	0
11909	33397807-230529-0-0	tsargrad.tv	0.000008	1	0	0
11857	49276947-322118-0-0	vmo24-ru.turbopages.org	0.000008	1	0	0
12507	71195898-486717-0-0	mbib.ru	0.000008	1	0	0
11909	65101275-575584-0-0	www.e1.ru	0.000008	2	0	0
11858	3309915-347598-0-0	ferma.expert	0.000008	1	0	0
11860	93683367-979907-0-0	aktnews.ru	0.000008	1	0	0
14056	0-216200-0-0	teleprogramma.pro	0.000048	1	0	0
11868	7226200-154932-0-0	www.chita.ru	0.000008	2	0	0
11860	18373836-455813-0-0	top-mods.ru	0.000096	1	0	0
12507	38661274-635651-0-0	mir-knigi.info	0.000008	1	0	0
11902	75328932-517465-0-0	cloud.money.server.mining	0.000113	1	0	0
11857	2571917-108562-0-0	www.penzainform.ru	0.000008	1	0	0
11858	1055963-816214-0-0	spaces.im	0.000008	4	0	0
11864	9725529-168387-0-0	kaspyinfo.ru	0.000008	1	0	0
11860	5706550-281826-0-0	ren.tv	0.000074	1	0	0
13266	6619-0	trinixy.ru	0.000074	1	0	0
11865	93335226-830873-0-0	www.eg.ru	0.000074	3	0	0
