BidCostStat	2.5
2021-11-03
12507	1412746-717079-0-0	m.iamcook.ru	0.000008	1	0	0
11857	2004221-94787-0-0	berkat.ru	0.000074	1	0	0
12507	1650869-235105-0-0	novayagazeta-ru.turbopages.org	0.000008	1	0	0
11858	1560494-348682-0-0	daily.afisha.ru	0.000008	1	0	0
11864	32125188-427918-0-0	bloknot-volgodonsk.ru	0.000008	1	0	0
11857	51602228-754700-0-0	club-romance.ru	0.000008	1	0	0
12507	4923530-721898-0-0	ob.ksk66.ru	0.000008	1	0	0
11868	91320665-688690-0-0	yastatic.net	0.000074	1	0	0
11858	5092531-223754-0-0	ura.news	0.000008	1	0	0
11904	82182983-561692-0-0	vyborexperta.ru	0.000008	1	0	0
11909	93335226-830873-0-0	www.eg.ru	0.000008	1	0	0
12507	6727102-142542-0-0	v-kosmose.com	0.000008	1	0	0
12507	83273717-566993-0-0	newadmin.ru	0.000008	1	0	0
12512	51452342-714624-0-0	www.avtovzglyad.ru	0.000008	1	0	0
11858	34776665-725258-0-0	dzerginsk.svetofors.ru	0.000008	1	0	0
12507	64627433-552015-0-0	avtoshkolak.ru	0.000008	1	0	0
12507	8236148-168743-0-0	baby-ru.turbopages.org	0.000008	1	0	0
11858	41724942-336240-0-0	libking.ru	0.000008	1	0	0
12507	91108459-1214222-0-0	mrmetall-ru.turbopages.org	0.000008	1	0	0
11865	388132-180306-0-0	webferma.com	0.000008	1	0	0
11858	1885574-80022-0-0	www.mmsk.ru	0.000008	1	0	0
11865	6557105-250544-0-0	www.interfax.ru	0.000074	1	0	0
11909	93836300-1210023-0-0	www.remotvet.ru	0.000008	1	0	0
12507	51526388-614055-0-0	stranamam-ru.turbopages.org	0.000008	1	0	0
11909	26809064-675583-0-0	avtika.ru	0.000008	1	0	0
12507	90484702-639714-0-0	csn--tv-ru.turbopages.org	0.000008	1	0	0
11865	61657907-412959-0-0	m.spletnik.ru	0.000008	1	0	0
11865	36882225-743489-0-0	ekabu.ru	0.000074	1	0	0
12507	26809064-675583-0-0	avtika.ru	0.000008	1	0	0
12507	53367389-336591-0-0	disgustingmen-com.turbopages.org	0.000008	1	0	0
11865	89739637-990882-0-0	avtika.ru	0.000008	1	0	0
11868	1560494-485869-0-0	lenta.ru	0.000074	1	0	0
11909	7867970-208469-0-0	sinonim.org	0.000008	1	0	0
12507	92453275-732287-0-0	11novosti.ru	0.000008	1	0	0
11858	87936520-601046-0-0	www.mamba.ru	0.000008	1	0	0
11864	7687782-448212-0-0	profile.ru	0.000074	2	0	0
12507	50521278-327084-0-0	360tv-ru.turbopages.org	0.000008	1	0	0
11865	4342450-128930-0-0	topwar.ru	0.000008	1	0	0
12507	421377-258196-0-0	b17-ru.turbopages.org	0.000008	1	0	0
11868	66475862-459160-0-0	rostovgazeta-ru.turbopages.org	0.000008	1	0	0
12507	1011571-50615-0-0	argumenti.ru	0.000008	1	0	0
11857	34408402-501669-0-0	krutomama-ru.turbopages.org	0.000008	1	0	0
12509	94346353-1267224-0-0	alimero.ru	0.000008	1	0	0
11857	57648680-392466-0-0	onrealt.ru	0.000008	1	0	0
12507	93727595-984168-0-0	vsepredohraniteli.ru	0.000008	1	0	0
11904	5481492-514620-0-0	melodrama1.com	0.000008	2	0	0
11860	18373836-455813-0-0	top-mods.ru	0.000008	1	0	0
11865	91774534-710195-0-0	texnotoys.ru	0.000074	1	0	0
12507	2103170-497885-0-0	dni24-com.turbopages.org	0.000008	1	0	0
12512	396626-1140-0-0	www.stroyportal.ru	0.000008	1	0	0
11865	92453275-732287-0-0	11novosti.ru	0.000008	2	0	0
12507	93379862-1308094-0-0	banki-loans.turbopages.org	0.000008	3	0	0
11857	1560494-670776-0-0	mail.rambler.ru	0.000008	1	0	0
11865	91411553-671414-0-0	intrigue.dating	0.000074	1	0	0
11865	40220325-603717-0-0	xn--80aanyip7d.xn--p1ai	0.000008	1	0	0
12507	38661274-635651-0-0	mir-knigi.info	0.000008	1	0	0
11858	82182983-561692-0-0	vyborexperta.ru	0.000008	1	0	0
11904	8157577-352414-0-0	love.ru	0.000008	2	0	0
11868	509780-660426-0-0	v102.ru	0.000008	1	0	0
11865	36882225-477278-0-0	secondstreet.ru	0.000008	1	0	0
12507	32657900-220340-0-0	iz-ru.turbopages.org	0.000008	2	0	0
11857	1560494-348687-0-0	admin--minsk-livejournal-com.turbopages.org	0.000008	1	0	0
12512	36882225-743489-0-0	ekabu.ru	0.000074	1	0	0
11909	87658317-603170-0-0	helpsophia.ru	0.000008	2	0	0
12507	60975921-658555-0-0	russian7.ru	0.000008	1	0	0
11865	55050351-348704-0-0	prosto-ekonom.ru	0.000008	1	0	0
11909	79428861-545653-0-0	ranobes.com	0.000008	1	0	0
13812	1935994556-3061097771-0-0	www.4kalyans.ru	0.001007	1	0	0
14144	3136973192-3316609552-0-0	www.4kalyans.ru	0.001007	1	0	0
11865	6557105-250544-0-0	www.interfax.ru	0.000008	1	0	0
12507	3049060-115805-0-0	ng-ru.turbopages.org	0.000008	1	0	0
11909	51452342-496695-0-0	daily-inform.ru	0.000008	1	0	0
11858	51452342-496695-0-0	daily-inform.ru	0.000008	1	0	0
11868	91235966-660717-0-0	burninghut-ru.turbopages.org	0.000008	1	0	0
11868	27064358-192495-0-0	pravoved.ru	0.000008	4	0	0
12507	86314102-586150-0-0	seyminfo-ru.turbopages.org	0.000008	1	0	0
11858	1322075-70350-0-0	fb.ru	0.000008	1	0	0
10209	65bd063b3720d703fa73072dcabb277a-b3da82ee89b108d3a	kvmarvel.ru	0.000008	1	0	0
8669	3938cf97ea84e2a9485f979e908bda87-6dd7f7a279120d51b	www.playground.ru	0.000008	2	0	0
11909	3598907-324656-0-0	7days-ru.turbopages.org	0.000008	2	0	0
12507	897795-261376-0-0	www.gametech.ru	0.000008	1	0	0
11865	92147898-844188-0-0	odeon-group.ru	0.000008	1	0	0
11909	68133542-467211-0-0	osnmedia-ru.turbopages.org	0.000008	1	0	0
12507	9631807-1284472-0-0	kakzarabativat.ru	0.000008	1	0	0
11905	475686-728766-0-0	amedia.online	0.000008	1	0	0
12507	89940597-629542-0-0	politnavigator-net.turbopages.org	0.000008	1	0	0
11865	8535048-159183-0-0	www.moyareklama.ru	0.000008	1	0	0
11865	91411553-671414-0-0	intrigue.dating	0.000008	1	0	0
12507	19379947-701880-0-0	genshinpedia.ru	0.000008	1	0	0
11865	88690383-611984-0-0	jaomix.ru	0.000008	2	0	0
12507	974947-49517-0-0	www.9111.ru	0.000008	1	0	0
12509	433984-1264547-0-0	www.telemetr.me	0.000008	1	0	0
11865	36882225-267966-0-0	rusvesna.su	0.000008	1	0	0
12507	91235966-660718-0-0	lifehacker-ru.turbopages.org	0.000008	1	0	0
13251	17878-0	pikabu.ru	0.000008	1	0	0
11858	91611416-682887-0-0	fotoplaza.ru	0.000008	1	0	0
11857	3331508-221963-0-0	bazaman.ru	0.000008	1	0	0
11904	513756-249000-0-0	carclub365.com	0.000008	1	0	0
11865	91301353-664984-0-0	litlife.club	0.000074	1	0	0
12507	419034-69122-0-0	autolada.ru	0.000008	1	0	0
9012	35566-608608-0-0	primpress.ru	0.000062	1	0	0
11868	66475862-459160-0-0	newstracker-ru.turbopages.org	0.000008	1	0	0
12509	6746465-142629-0-0	spb.hh.ru	0.000008	1	0	0
12507	6505879-209180-0-0	buhguru-com.turbopages.org	0.000008	1	0	0
11858	8176469-155098-0-0	forum.na-svyazi.ru	0.000008	1	0	0
14057	44057-620855-0-0	lobotomycorp.fandom.com	0.000074	1	0	0
11864	73163421-505330-0-0	enginehack.ru	0.000008	1	0	0
11865	92069694-713187-0-0	esliotravilsya.ru	0.000008	1	0	0
12507	54366066-341507-0-0	business--gazeta-ru.turbopages.org	0.000008	2	0	0
11857	1560494-225212-0-0	championat-com.turbopages.org	0.000008	1	0	0
12507	39959882-650256-0-0	libaka.com	0.000008	1	0	0
12507	3046664-115800-0-0	www.sunhome.ru	0.000008	1	0	0
11858	1683593-210293-0-0	moskva.jobfilter.ru	0.000008	1	0	0
12507	3394951-81999-0-0	snova-prazdnik.ru	0.000008	2	0	0
11857	21578748-255891-0-0	m.ideer.ru	0.000008	1	0	0
11865	89859194-628089-0-0	znatokpolov.ru	0.000008	1	0	0
12507	3223322-746020-0-0	agronom-guru.turbopages.org	0.000008	1	0	0
12507	2745-45551-0-0	forumhouse-ru.turbopages.org	0.000008	1	0	0
11865	91774418-710389-0-0	xn----7sbfy1aawk.xn--p1ai	0.000008	1	0	0
12507	93868403-991120-0-0	sportkp.ru	0.000008	1	0	0
11864	965566-175007-0-0	nplus1.ru	0.000008	1	0	0
11909	93087228-768550-0-0	www.expertcen.ru	0.000008	1	0	0
9012	42917-625449-0-0	bigpicture.ru	0.000062	1	0	0
13812	421749269-942096536-0-0	www.4kalyans.ru	0.001007	2	0	0
12507	91622640-1337158-0-0	kprfrd-su.turbopages.org	0.000008	1	0	0
11909	494474-102843-0-0	otzovik.com	0.000008	3	0	0
12512	31446184-207693-0-0	www.pro-personal.ru	0.000008	1	0	0
11905	2112549-91685-0-0	tainav.mirtesen.ru	0.000008	1	0	0
12507	33530085-232061-0-0	nn.cian.ru	0.000008	1	0	0
11868	7295714-153743-0-0	russian-rt-com.turbopages.org	0.000008	1	0	0
11857	8246734-252050-0-0	medicalinsider-ru.turbopages.org	0.000008	1	0	0
13815	2730780382-2498422494-0-0	dobiraemsya.ru	0.001007	1	0	0
11857	65101275-579344-0-0	doctorpiter.ru	0.000074	1	0	0
11868	2292871-100441-0-0	www.infpol.ru	0.000008	1	0	0
12513	3293020-129405-0-0	www.cosmo.ru	0.000008	1	0	0
12507	83311569-574490-0-0	medportal-ru.turbopages.org	0.000008	1	0	0
11909	2542823-256292-0-0	mygorods.ru	0.000008	1	0	0
11865	54770757-1321635-0-0	trewq.ru	0.000008	1	0	0
11860	1380725-208191-0-0	gazetabiznes.ru	0.000008	1	0	0
11865	92442305-731887-0-0	mynewslent.com	0.000008	1	0	0
11909	18373836-462288-0-0	asiaplustj.info	0.000008	1	0	0
11858	67341655-462145-0-0	for-ua.info	0.000008	1	0	0
13251	14978-0	www.futbin.com	0.000008	1	0	0
11909	4767427-247991-0-0	onlinemanuals.ru	0.000008	1	0	0
12507	1815196-94023-0-0	poncy.ru	0.000008	1	0	0
11868	49905584-324706-0-0	sport24.ru	0.000008	1	0	0
12507	43358822-1216308-0-0	hvorast.ru	0.000008	1	0	0
11858	65101275-578374-0-0	www.nn.ru	0.000008	1	0	0
12507	91083793-1238391-0-0	ru.jobsora.com	0.000008	1	0	0
11909	6734741-142545-0-0	www.drive2.ru	0.000008	1	0	0
11857	5482593-340710-0-0	lovetrue-ru.turbopages.org	0.000008	1	0	0
11858	1560494-660797-0-0	mail.rambler.ru	0.000008	2	0	0
11857	87161577-732187-0-0	gtrkkursk-ru.turbopages.org	0.000008	1	0	0
11858	77920991-1260281-0-0	zvukiknig.net	0.000008	1	0	0
11858	38661274-637001-0-0	knigkindom.ru	0.000008	1	0	0
11864	31266300-205913-0-0	riavrn.ru	0.000008	1	0	0
12507	4002563-180920-0-0	woman-ru.turbopages.org	0.000008	1	0	0
11857	7632479-149419-0-0	riafan-ru.turbopages.org	0.000008	1	0	0
12507	38661274-644362-0-0	knigi-audio.com	0.000074	1	0	0
11904	54815740-345947-0-0	gubdaily.ru	0.000074	1	0	0
12507	4817705-131942-0-0	www.u-mama.ru	0.000008	1	0	0
11909	93836300-1210014-0-0	www.bolshoyvopros.ru	0.000008	5	0	0
11909	1796140-74795-0-0	damataro.ru	0.000008	1	0	0
11909	6881361-143075-0-0	eka-mama.ru	0.000008	1	0	0
12507	3293020-129405-0-0	cosmo-ru.turbopages.org	0.000008	3	0	0
12507	50054301-325932-0-0	ifreedom.su	0.000008	1	0	0
12507	91072570-651429-0-0	kanobu.ru	0.000008	1	0	0
11905	522469-74936-0-0	www.qrz.ru	0.000008	1	0	0
12507	4624207-147599-0-0	taganrog-big--book--edu-ru.turbopages.org	0.000008	1	0	0
11857	82757547-652813-0-0	izhlife.ru	0.000008	1	0	0
12507	48537776-547400-0-0	jut.su	0.000008	1	0	0
11904	31113536-204531-0-0	markakachestva.ru	0.000008	1	0	0
12507	42367580-324151-0-0	m.berdsk-online.ru	0.000008	1	0	0
11857	1386626-1294341-0-0	readmanga.io	0.000008	1	0	0
13683	42666-622170-0-0	profile.ru	0.000062	2	0	0
11865	91774418-709812-0-0	narkopro.ru	0.000008	1	0	0
12507	48272767-989426-0-0	gb21perm-ru.turbopages.org	0.000008	1	0	0
12509	985920-49912-0-0	www.vidal.ru	0.000008	1	0	0
11858	1846658-127884-0-0	dota2.ru	0.000008	1	0	0
13254	2391-0	graziamagazine.ru	0.000008	1	0	0
12507	52072804-1270936-0-0	dom--i--remont-info.turbopages.org	0.000008	1	0	0
11857	2960135-423316-0-0	primpress.ru	0.000008	2	0	0
11857	15044768-265786-0-0	mangahub.ru	0.000008	1	0	0
12509	65949452-453595-0-0	rg.ru	0.000008	2	0	0
12507	41519228-343288-0-0	sonnik.expert	0.000008	1	0	0
11865	461352-14070-0-0	art.mau.ru	0.000008	1	0	0
12507	4767427-247991-0-0	onlinemanuals.ru	0.000008	3	0	0
12507	1412746-1325270-0-0	www.litmir.me	0.000008	1	0	0
12507	65101275-575584-0-0	www.e1.ru	0.000008	1	0	0
11909	509629-196263-0-0	rg.ru	0.000008	2	0	0
11865	5374579-293851-0-0	instrumentn.ru	0.000008	1	0	0
11865	68074758-466820-0-0	gt-news.ru	0.000008	1	0	0
11909	6438395-457268-0-0	youla.ru	0.000008	2	0	0
11858	4652173-239821-0-0	www.afanasy.biz	0.000008	1	0	0
11904	471024-17376-0-0	forum.ners.ru	0.000008	1	0	0
11909	94815218-1292524-0-0	vseobzornik.com	0.000008	1	0	0
11864	907113-1271193-0-0	knigochei.org	0.000008	1	0	0
12507	49533561-511257-0-0	lvrach-ru.turbopages.org	0.000008	3	0	0
11909	67329156-462096-0-0	1001goroskop.ru	0.000008	2	0	0
11868	3090793-147280-0-0	pravoved.ru	0.000008	1	0	0
11865	5432817-289920-0-0	7ogorod.ru	0.000074	1	0	0
11868	498578-167170-0-0	www.spb.kp.ru	0.000008	1	0	0
12507	3536686-170218-0-0	medaboutme-ru.turbopages.org	0.000008	1	0	0
12507	42813817-276165-0-0	znak-com.turbopages.org	0.000008	1	0	0
12507	49905584-324706-0-0	sport24.ru	0.000008	1	0	0
12507	33385524-258678-0-0	figaro-space.turbopages.org	0.000008	1	0	0
12507	91483064-675473-0-0	www.tomat-pomidor.com	0.000008	1	0	0
11865	36882225-743489-0-0	ekabu.ru	0.000008	1	0	0
12507	5878455-139705-0-0	7dach.ru	0.000074	1	0	0
11909	90720690-643887-0-0	mir-knig.com	0.000008	6	0	0
11909	65101275-578603-0-0	www.fontanka.ru	0.000008	3	0	0
11868	1380725-208191-0-0	gazetabiznes.ru	0.000008	2	0	0
11904	28654839-192901-0-0	vkusno-i-prosto.ru	0.000008	1	0	0
11857	36493473-331129-0-0	primpress.ru	0.000074	2	0	0
12509	65949452-548324-0-0	mel.fm	0.000008	1	0	0
12509	9382999-183136-0-0	m.leboard.ru	0.000008	1	0	0
11909	504193-28011-0-0	www.zr.ru	0.000008	1	0	0
11865	825192-584374-0-0	primetytut.ru	0.000008	1	0	0
10009	817-4481-0-0	animeonline.cc	0.000115	1	1	0
12507	33530085-232061-0-0	rostov.cian.ru	0.000008	1	0	0
11858	2412782-419506-0-0	www.avito.ru	0.000008	11	0	0
11857	65101275-446888-0-0	www.ellegirl.ru	0.000008	3	0	0
11868	37713809-488844-0-0	therumdiary.ru	0.000008	1	0	0
12507	33530085-232061-0-0	kaliningrad.cian.ru	0.000008	1	0	0
11858	87276007-592219-0-0	www.mk.ru	0.000074	1	0	0
12509	32644936-220260-0-0	1track.ru	0.000008	1	0	0
12509	51898059-1212039-0-0	doramy.top	0.000074	4	0	0
12507	1918592-279312-0-0	biographe-ru.turbopages.org	0.000008	4	0	0
12367	0-216200-0-0	m.7days.ru	0.000074	1	0	0
12507	31547064-208338-0-0	zdamsam.ru	0.000008	1	0	0
11857	36493473-331129-0-0	primpress.ru	0.000008	4	0	0
11905	1963474-84252-0-0	www.astrocentr.ru	0.000008	2	0	0
12507	4782430-188668-0-0	www.glaz.tv	0.000074	1	0	0
11905	2112549-91685-0-0	mirtesen.ru	0.000008	3	0	0
11858	65101275-578374-0-0	sova77.www.nn.ru	0.000008	1	0	0
11865	27571464-820903-0-0	pesikot.org	0.000008	2	0	0
11860	5706550-281826-0-0	ren.tv	0.000074	1	0	0
11909	24063418-483483-0-0	manrule.ru	0.000008	1	0	0
11858	91281576-663753-0-0	www.noob-club.ru	0.000008	1	0	0
12507	64251064-441513-0-0	kamin--expert-ru.turbopages.org	0.000008	1	0	0
12507	7664547-442805-0-0	m--strana-ru.turbopages.org	0.000008	3	0	0
13251	18537-0	tvrf.city	0.000008	1	0	0
9864	0-216200-0-0	ren.tv	0.000074	1	0	0
11865	89739637-993460-0-0	www.afanasy.biz	0.000008	1	0	0
12507	498578-196262-0-0	kp-ru.turbopages.org	0.000008	11	0	0
11857	41724942-336240-0-0	libking.ru	0.000008	1	0	0
11868	70028346-484447-0-0	ostrovrusa.ru	0.000008	1	0	0
12507	7517911-148375-0-0	5--tv-ru.turbopages.org	0.000008	1	0	0
12507	523900-231491-0-0	teleprogramma-pro.turbopages.org	0.000008	3	0	0
12507	8381155-722011-0-0	mag.103.by	0.000008	1	0	0
11865	91774534-709723-0-0	aniko-gas.ru	0.000008	1	0	0
11909	32402134-217631-0-0	wooordhunt.ru	0.000008	1	0	0
12507	84095089-571613-0-0	shkola-obozrevatel-com.turbopages.org	0.000008	1	0	0
12507	1450059-63504-0-0	m.47news.ru	0.000008	3	0	0
13254	6598-0	rusvesna.su	0.000008	1	0	0
12507	407197-141296-0-0	ichip.ru	0.000008	1	0	0
11858	31179145-204911-0-0	spb.russianrealty.ru	0.000008	1	0	0
12509	65949452-515704-0-0	teleprogramma.pro	0.000008	1	0	0
11864	6438395-147025-0-0	my.mail.ru	0.001007	1	0	0
11860	1560494-348658-0-0	lenta.ru	0.000074	1	0	0
11909	39315718-263889-0-0	bimru-ru.turbopages.org	0.000008	1	0	0
11865	8984986-205531-0-0	fermilon.ru	0.000008	1	0	0
9011	40621-491126-0-0	atastv.ru	0.000062	1	0	0
11857	54683525-699364-0-0	kzmp3.kz	0.000008	1	0	0
11857	3598907-324656-0-0	7days-ru.turbopages.org	0.000008	1	0	0
11909	37786383-259198-0-0	www.bolshoyvopros.ru	0.000008	1	0	0
12507	2745-45551-0-0	www.forumhouse.ru	0.000008	1	0	0
11909	48251261-294902-0-0	mpsh.ru	0.000008	1	0	0
12507	5015738-123551-0-0	kia-ceed.net	0.000008	1	0	0
12507	65443695-449419-0-0	www.ok-magazine.ru	0.000008	2	0	0
12513	997092-142443-0-0	travelask.ru	0.000008	1	0	0
10009	817-4481-0-0	animeonline.cc	0.000074	6	0	0
12507	34351736-270437-0-0	www.yaplakal.com	0.000008	1	0	0
11868	91864171-708690-0-0	www.vesti.ru	0.000074	3	0	0
11865	91774418-710190-0-0	bekasovo-rzd.ru	0.000008	1	0	0
9035	40621-491126-0-0	atastv.ru	0.000062	1	0	0
11858	51898059-974103-0-0	gisher.org	0.000008	1	0	0
11865	93915523-1288458-0-0	roomplan.ru	0.000008	2	0	0
11865	91778881-699059-0-0	seventools.ru	0.000008	1	0	0
11791	65bd063b3720d703fa73072dcabb277a-9c78d4358b08e3587	animeonline.cc	0.000074	1	0	0
12507	52946227-335165-0-0	business--gazeta-ru.turbopages.org	0.000008	1	0	0
11905	1718328-141569-0-0	cont.ws	0.000008	1	0	0
11865	1011571-50615-0-0	argumenti.ru	0.000008	1	0	0
11791	65bd063b3720d703fa73072dcabb277a-9c78d4358b08e3587	allserial.org	0.000008	1	0	0
11904	36882225-529990-0-0	gamesisart.ru	0.000008	1	0	0
11865	2175662-94656-0-0	secondstreet.ru	0.000008	1	0	0
11857	2412782-419507-0-0	m.avito.ru	0.000008	4	0	0
11857	51898059-569211-0-0	4ege.ru	0.000008	1	0	0
11909	38003043-351263-0-0	grazdano4ka.ru	0.000008	1	0	0
12507	93584132-938732-0-0	wer-ru.turbopages.org	0.000008	1	0	0
11904	6078256-142910-0-0	www.infoniac.ru	0.000008	1	0	0
11909	24111355-1291364-0-0	readmanga.io	0.000008	1	0	0
11864	70390261-623619-0-0	kinodomix.ru	0.000074	1	0	0
11909	498578-284388-0-0	www.kp.ru	0.000008	1	0	0
11857	65101275-447162-0-0	www.fontanka.ru	0.000008	15	0	0
11857	7687782-448212-0-0	profile.ru	0.000008	3	0	0
11857	66810155-458492-0-0	24smi-org.turbopages.org	0.000008	1	0	0
11857	7689119-762213-0-0	moi-zhivotnye.ru	0.000008	1	0	0
14123	10130-343934343037375f3336363236-0-0	speedostream.com	0.000895	2	0	0
11868	1180293-56287-0-0	www.kaluga-poisk.ru	0.000008	1	0	0
10009	65bd063b3720d703fa73072dcabb277a-9c78d4358b08e3587	zetserial.online	0.000008	1	0	0
11865	54817670-1312050-0-0	wsesw.ru	0.000008	1	0	0
11909	5306121-710606-0-0	sdelai--lestnicu-ru.turbopages.org	0.000008	1	0	0
11857	498578-196262-0-0	kp-ru.turbopages.org	0.000008	1	0	0
11864	91159049-655744-0-0	remanga.org	0.000008	1	0	0
12507	799271-60462-0-0	m.patee.ru	0.000008	1	0	0
12507	39315718-724782-0-0	informing-ru.turbopages.org	0.000008	1	0	0
11909	87276007-592219-0-0	www.mk.ru	0.000008	1	0	0
12507	498578-196262-0-0	murmansk-kp-ru.turbopages.org	0.000008	1	0	0
12507	38661274-637001-0-0	knigkindom.ru	0.000008	1	0	0
11868	95237519-1321104-0-0	kalina-2.ru	0.000008	1	0	0
14055	0-216200-0-0	m.7days.ru	0.000074	1	0	0
11865	41581925-498059-0-0	skvoz-sneg.ru	0.000008	1	0	0
11865	897669-460527-0-0	pikabu.ru	0.000008	2	0	0
11868	897669-56459-0-0	pikabu.ru	0.000008	4	0	0
11860	5706550-281826-0-0	ren.tv	0.000008	1	0	0
12507	1801033-247350-0-0	mangalib.me	0.000008	1	0	0
11868	498578-167170-0-0	www.kp.ru	0.000008	1	0	0
11909	420630-46055-0-0	forum.print-forum.ru	0.000008	1	0	0
12507	86767760-588857-0-0	alice--journal-ru.turbopages.org	0.000008	1	0	0
9012	42617-606792-0-0	rossaprimavera.ru	0.000062	1	0	0
12507	49849497-1288459-0-0	zensovet-ru.turbopages.org	0.000008	1	0	0
12507	2257173-66223-0-0	www.moskidka.ru	0.000008	3	0	0
11864	6438395-149027-0-0	tv.mail.ru	0.000008	1	0	0
11909	930360-287353-0-0	otzyvru-com.turbopages.org	0.000008	1	0	0
12507	1322075-70350-0-0	fb-ru.turbopages.org	0.000008	4	0	0
12507	39315718-636644-0-0	mednovelty-ru.turbopages.org	0.000008	1	0	0
12509	15911475-183515-0-0	meteoinfo.ru	0.000008	1	0	0
11909	36882225-267966-0-0	rusvesna.su	0.000008	1	0	0
11904	31446184-207693-0-0	www.pro-personal.ru	0.000008	1	0	0
11868	91864171-705182-0-0	smotrim.ru	0.000008	1	0	0
11908	1041287-141365-0-0	steaklovers.menu	0.000074	1	0	0
11860	31256329-496537-0-0	ideas.homechart.ru	0.000008	2	0	0
11904	4624495-130614-0-0	www.vazhno.ru	0.000008	1	0	0
12507	60593289-405812-0-0	parcelsapp.com	0.000008	1	0	0
12509	800086-48908-0-0	labrador.ru	0.000008	2	0	0
11865	58417-176479-0-0	kaptur.club	0.000008	1	0	0
11864	508343-49826-0-0	www.gastronom.ru	0.000008	2	0	0
11857	421215-134674-0-0	massovki.net	0.000008	1	0	0
11909	57648680-392466-0-0	onrealt.ru	0.000008	2	0	0
11864	3420410-122989-0-0	volgograd.regmarkets.ru	0.000008	1	0	0
12507	8562776-751411-0-0	dni.ru	0.000008	1	0	0
13257	11135-0	www.ixbt.com	0.000008	1	0	0
12507	504193-28011-0-0	www.zr.ru	0.000008	7	0	0
12507	55879175-355102-0-0	wiki--dacha-ru.turbopages.org	0.000008	3	0	0
11860	88404385-650585-0-0	xn--90aibchjc2ankc9k.xn--p1ai	0.000008	1	0	0
11857	3849096-126345-0-0	www.gorodche.ru	0.000008	5	0	0
11905	10322213-277627-0-0	100realt.ru	0.000008	2	0	0
11858	6746465-142629-0-0	hh.ru	0.000008	1	0	0
11864	41296583-479805-0-0	stroyday.ru	0.000008	1	0	0
9866	0-216200-0-0	www.tourprom.ru	0.000074	1	0	0
12509	6746465-148945-0-0	hhcdn.ru	0.000008	1	0	0
12512	51898059-1238537-0-0	ucrazy.ru	0.000008	4	0	0
12507	24111355-1291364-0-0	readmanga.io	0.000008	2	0	0
11857	7632479-149423-0-0	rueconomics-ru.turbopages.org	0.000008	1	0	0
12507	1386626-586344-0-0	findanime.net	0.000008	1	0	0
12512	7295714-188279-0-0	russian.rt.com	0.000008	1	0	0
13686	40621-605301-0-0	atastv.ru	0.000062	1	0	0
11909	95254571-1301077-0-0	www.tsn24.ru	0.000008	1	0	0
12507	33530085-232061-0-0	spb.cian.ru	0.000008	1	0	0
12507	5092869-134625-0-0	echo-msk-ru.turbopages.org	0.000008	1	0	0
12507	24063418-242868-0-0	stroy-podskazka.ru	0.000074	1	0	0
11868	2443167-1263714-0-0	analogist.ru	0.001007	1	0	0
12509	76831010-532607-0-0	sonikelf.ru	0.000008	1	0	0
9865	0-216200-0-0	animeonline.cc	0.000092	0	1	0
11868	92928962-752036-0-0	animego.org	0.000074	1	0	0
11864	18373836-576995-0-0	online.anidub.com	0.000008	3	0	0
11909	2112549-91685-0-0	social.bigpicture.ru	0.000074	1	0	0
12507	93016036-755726-0-0	lafoy-ru.turbopages.org	0.000008	1	0	0
12507	8240866-155688-0-0	www.belnovosti.by	0.000008	9	0	0
11909	874982-46249-0-0	svpressa.ru	0.000008	1	0	0
11857	7632479-295653-0-0	slovodel-com.turbopages.org	0.000008	1	0	0
12509	91864171-708690-0-0	www.vesti.ru	0.000074	1	0	0
11865	494474-102843-0-0	otzovik.com	0.000008	3	0	0
11857	36493473-331594-0-0	konkurent.ru	0.000008	1	0	0
11868	31113536-204531-0-0	markakachestva.ru	0.000008	1	0	0
11864	473106-94916-0-0	anekdotov.net	0.000008	1	0	0
12507	7687782-448212-0-0	profile.ru	0.000074	2	0	0
11909	64173066-444849-0-0	radiokp-ru.turbopages.org	0.000008	1	0	0
12507	93335226-830873-0-0	www.eg.ru	0.000008	1	0	0
11868	93713816-988520-0-0	orhide.ru	0.000008	1	0	0
12507	7687782-448212-0-0	profile.ru	0.000008	6	0	0
11857	41724942-333441-0-0	libcat.ru	0.000008	1	0	0
11865	3874619-125894-0-0	bash.im	0.000008	2	0	0
11909	6438395-353896-0-0	lady.mail.ru	0.000008	1	0	0
12507	68133542-467211-0-0	osnmedia-ru.turbopages.org	0.000008	5	0	0
11909	805568-239247-0-0	cosmo-frost.ru	0.000008	1	0	0
13812	301420206-1843494880-0-0	g-tv.ru	0.001007	1	0	0
11865	92147898-728412-0-0	shinomontazh-penza.ru	0.000008	2	0	0
11857	2960135-423316-0-0	primpress.ru	0.000074	2	0	0
11864	51452342-738611-0-0	news.ru	0.000008	1	0	0
12507	1095170-279398-0-0	www.gtavicecity.ru	0.000008	1	0	0
11857	1560494-348664-0-0	lenta-ru.turbopages.org	0.000008	5	0	0
12507	407197-158840-0-0	lisa-ru.turbopages.org	0.000008	2	0	0
11865	2412782-419506-0-0	www.avito.ru	0.000008	30	0	0
11857	91531139-1206473-0-0	pricep-vlg.ru	0.000008	1	0	0
11864	87828462-739756-0-0	blognesco.ru	0.000008	3	0	0
11868	36493473-331129-0-0	primpress.ru	0.000074	4	0	0
12507	93736421-989341-0-0	kulinarenok.ru	0.000008	1	0	0
11909	90720690-643887-0-0	mir-knig.com	0.001007	1	0	0
12507	38613224-260729-0-0	pereborom.ru	0.000008	1	0	0
11865	741393-107268-0-0	fishmaster.info	0.000008	1	0	0
11905	2112549-91685-0-0	mt.argumenti.ru	0.000074	1	0	0
11904	46431776-287922-0-0	anime.reactor.cc	0.000008	1	0	0
12507	2447581-1336074-0-0	m.sibkray.ru	0.000008	1	0	0
12507	494474-102843-0-0	otzovik.com	0.000008	6	0	0
12507	50363257-326567-0-0	m.loloo.ru	0.000008	1	0	0
11865	30570339-653854-0-0	moevideo.biz	0.000008	1	0	0
11909	1874213-142794-0-0	eurosantehnik.ru	0.000008	1	0	0
11865	93335226-830873-0-0	www.eg.ru	0.000008	2	0	0
11909	51452342-496695-0-0	gj-uq.daily-inform.ru	0.000074	1	0	0
11857	20438162-563646-0-0	m.realnoevremya.ru	0.000008	1	0	0
11905	503611-30324-0-0	msk.blizko.ru	0.000008	1	0	0
11905	2112549-91685-0-0	handf.mirtesen.ru	0.000008	1	0	0
11909	3293020-129405-0-0	cosmo-ru.turbopages.org	0.000008	1	0	0
11904	87276007-592219-0-0	www.mk.ru	0.000074	1	0	0
12507	4100839-54830-0-0	www.newsler.ru	0.000008	1	0	0
12507	509629-29789-0-0	rg.ru	0.000008	1	0	0
12507	897808-247369-0-0	aif-ru.turbopages.org	0.000008	1	0	0
12512	8380341-664713-0-0	sotoguide.ru	0.000008	1	0	0
11865	4100839-54830-0-0	www.newsler.ru	0.000008	1	0	0
13251	3680-0	www.transfermarkt.de	0.000008	1	0	0
10009	817-4481-0-0	animeonline.cc	0.000092	0	1	0
11868	1560494-225219-0-0	news-rambler-ru.turbopages.org	0.000008	1	0	0
11868	33263340-551203-0-0	infotime.co	0.000074	1	0	0
11865	16531335-183936-0-0	optlist.ru	0.000008	1	0	0
11860	1054260-72839-0-0	myrouble.ru	0.000008	2	0	0
12507	60293559-417923-0-0	soshinenie.ru	0.000008	1	0	0
11865	460445-136553-0-0	xn--b1algemdcsb.xn--p1ai	0.000008	1	0	0
12507	94504917-1247246-0-0	1plus1tv.ru	0.000074	1	0	0
11909	50363257-326567-0-0	m.loloo.ru	0.000008	1	0	0
11904	5131788-753823-0-0	joxi.ru	0.000008	1	0	0
11858	51898059-628750-0-0	glavkniga.ru	0.000008	2	0	0
11909	56663774-1268338-0-0	www.euro-football.ru	0.000008	1	0	0
12507	88121411-603878-0-0	radarmedia.net	0.000008	1	0	0
11865	31475127-207852-0-0	www.dom-7ya.ru	0.000008	1	0	0
11909	4140396-623836-0-0	m.newkaliningrad.ru	0.000008	1	0	0
11868	18373836-576995-0-0	online.anidub.com	0.000008	2	0	0
12507	8381155-721618-0-0	tab-103-kz.turbopages.org	0.000008	1	0	0
11904	73622320-500250-0-0	ktv-ray.ru	0.000008	1	0	0
11905	2112549-91685-0-0	social.bigpicture.ru	0.000074	1	0	0
11864	6438395-142108-0-0	e.mail.ru	0.000008	4	0	0
12507	38824859-261447-0-0	daily-motor.ru	0.000008	1	0	0
12507	36493473-331129-0-0	primpress.ru	0.000008	1	0	0
11868	1412746-1325270-0-0	www.litmir.me	0.000008	1	0	0
11865	1560494-82775-0-0	images.rambler.ru	0.000008	1	0	0
11858	429405-43024-0-0	hullabaloo.ru	0.000008	1	0	0
11868	1974615-260019-0-0	m.pg21.ru	0.000074	1	0	0
12507	7687782-253370-0-0	anews-com.turbopages.org	0.000008	1	0	0
11857	7689119-913464-0-0	juvelir-vetrov.ru	0.000008	1	0	0
14056	0-216200-0-0	teleprogramma.pro	0.000074	4	0	0
11857	9154466-611888-0-0	abnews-ru.turbopages.org	0.000008	2	0	0
12509	33530085-232061-0-0	arhangelsk.cian.ru	0.000008	1	0	0
11865	37341346-257912-0-0	ozornik.net	0.000074	1	0	0
10208	817-4481-0-0	animeonline.cc	0.000074	5	0	0
11904	5878455-139705-0-0	7dach.ru	0.000074	1	0	0
12507	91864171-708690-0-0	www.vesti.ru	0.000074	1	0	0
12507	2412782-419507-0-0	m.avito.ru	0.000008	2	0	0
12507	61554-32340-0-0	novate-ru.turbopages.org	0.000008	3	0	0
13257	18537-0	blitz.plus	0.000008	1	0	0
11865	49565937-322958-0-0	blackhole.beeline.ru	0.000008	1	0	0
11905	38661274-725731-0-0	mir-knigi.net	0.000008	1	0	0
12507	33337629-229707-0-0	domikelectrica.ru	0.000008	1	0	0
11864	6438395-147025-0-0	my.mail.ru	0.000074	3	0	0
11909	88830169-613977-0-0	kvartelia.ru	0.000008	1	0	0
11909	1718328-210972-0-0	cont.ws	0.000008	1	0	0
11865	4649558-130858-0-0	stanki-katalog.ru	0.000008	1	0	0
12507	38641379-261782-0-0	lastday-club.turbopages.org	0.000008	2	0	0
11857	2960135-423317-0-0	konkurent.ru	0.000008	1	0	0
11858	1095170-279398-0-0	www.gtavicecity.ru	0.000008	2	0	0
11905	1678431-146351-0-0	19rus.info	0.000008	1	0	0
12507	420776-1993-0-0	www.exler.ru	0.000008	1	0	0
12507	36859922-255561-0-0	medside-ru.turbopages.org	0.000008	3	0	0
11868	64003581-441043-0-0	rosserial.be	0.000008	1	0	0
12507	89976696-630193-0-0	overclockers.ru	0.000074	1	0	0
12507	65101275-578603-0-0	www.fontanka.ru	0.000008	6	0	0
11909	7132534-953528-0-0	planirovkamaster-ru.turbopages.org	0.000008	1	0	0
12509	65949452-515704-0-0	teleprogramma.pro	0.000074	1	0	0
11858	38661274-725731-0-0	mir-knigi.net	0.000008	3	0	0
12507	94122213-1236387-0-0	temperaturka-com.turbopages.org	0.000008	1	0	0
12509	65101275-578839-0-0	www.psychologies.ru	0.000074	1	0	0
13816	4144017329-2961577079-0-0	readmanga.io	0.001007	1	0	0
11858	32669446-397731-0-0	gknn.org	0.000008	2	0	0
12507	36493473-331594-0-0	konkurent.ru	0.000008	7	0	0
12507	91203353-658658-0-0	ru--remont-com.turbopages.org	0.000008	1	0	0
10208	817-3521-0-0	atastv.ru	0.000074	1	0	0
11904	10322213-277627-0-0	100realt.ru	0.000008	2	0	0
11857	87936520-601046-0-0	love.mail.ru	0.000008	3	0	0
11858	46942132-289585-0-0	ucrazy.ru	0.000008	1	0	0
11909	30952014-579430-0-0	punkt--a-info.turbopages.org	0.000008	1	0	0
14056	0-216200-0-0	101.ru	0.000074	1	0	0
11858	18373836-444062-0-0	privet-rostov.ru	0.000008	1	0	0
11858	2412782-189903-0-0	www.avito.ru	0.000008	1	0	0
11857	935701-47712-0-0	www.salonav.com	0.000008	1	0	0
11905	2112549-91685-0-0	poleznosti.mirtesen.ru	0.000008	1	0	0
11904	369305-1038-0-0	3dnews.ru	0.000008	3	0	0
12509	93261812-810117-0-0	doramalive.ru	0.000074	1	0	0
12507	3598907-329895-0-0	ntv-ru.turbopages.org	0.000008	1	0	0
11909	65101275-579437-0-0	www.parents.ru	0.000008	1	0	0
12512	980566-48186-0-0	normative_reference_dictionary.academic.ru	0.000008	1	0	0
11857	87936520-601046-0-0	www.mamba.ru	0.000008	4	0	0
11868	36493473-331129-0-0	primpress.ru	0.000008	2	0	0
9012	36195-472385-0-0	chel.mk.ru	0.000062	1	0	0
12507	36880868-255678-0-0	krutilvertel.com	0.000008	1	0	0
11865	39216794-265836-0-0	a-minin.ru	0.000008	1	0	0
12507	66810155-458492-0-0	24smi-org.turbopages.org	0.000008	2	0	0
11909	36493473-331129-0-0	primpress.ru	0.000074	4	0	0
11858	1801033-247350-0-0	mangalib.me	0.000074	1	0	0
11864	31256329-496537-0-0	ideas.homechart.ru	0.000008	1	0	0
12507	3223322-288741-0-0	stroim--domik-org.turbopages.org	0.000008	1	0	0
14056	0-216200-0-0	www.lentainform.com	0.000074	1	0	0
12507	395247-2681-0-0	agroserver.ru	0.000008	1	0	0
12507	33263340-551203-0-0	infotime.co	0.000074	2	0	0
12507	35294743-251844-0-0	s--zametki-ru.turbopages.org	0.000008	1	0	0
12513	1560494-348677-0-0	users.livejournal.com	0.000074	1	0	0
12507	974947-49517-0-0	9111-ru.turbopages.org	0.000008	1	0	0
11858	31559514-212905-0-0	foto-galaxy.ru	0.000008	1	0	0
11909	6438395-353890-0-0	tv.mail.ru	0.000008	3	0	0
11857	33397807-230529-0-0	tsargrad-tv.turbopages.org	0.000008	2	0	0
11865	91774534-698623-0-0	spb5v.ru	0.000008	1	0	0
11865	1310157-59673-0-0	darudar.org	0.000008	2	0	0
12507	31023497-255643-0-0	zachestnyibiznes-ru.turbopages.org	0.000008	2	0	0
11909	36493473-331129-0-0	primpress.ru	0.000008	5	0	0
11864	5350121-136704-0-0	football.kulichki.net	0.000008	2	0	0
11858	24111355-1291364-0-0	readmanga.io	0.000008	3	0	0
11868	845311-45272-0-0	www.rosbalt.ru	0.000074	1	0	0
12507	39315718-670927-0-0	volga--day-ru.turbopages.org	0.000008	1	0	0
11909	1399964-1311574-0-0	pythonru.com	0.000008	1	0	0
12507	54497203-471364-0-0	autogear.ru	0.000008	1	0	0
8669	10-844-0-0	kubanews.ru	0.000008	1	0	0
11865	40406530-608271-0-0	xn--80anjd4dyb.xn--p1ai	0.000008	1	0	0
11909	64618363-562341-0-0	www.autoparus.by	0.000008	1	0	0
11868	74011181-504039-0-0	postila.ru	0.000008	1	0	0
11865	88121411-603873-0-0	4eva.ru	0.000074	1	0	0
13683	36195-472385-0-0	www.mk.ru	0.000062	1	0	0
11857	49905584-324706-0-0	sport24-ru.turbopages.org	0.000008	1	0	0
11909	66475862-459160-0-0	newstracker-ru.turbopages.org	0.000008	1	0	0
11865	6438395-248298-0-0	youla.ru	0.000008	1	0	0
11857	1851489-602272-0-0	placesrf.ru	0.000008	1	0	0
11858	87936520-601046-0-0	love.mail.ru	0.000008	2	0	0
12507	53312704-350954-0-0	sprut-ai.turbopages.org	0.000008	1	0	0
12507	64173066-443007-0-0	radiokp.ru	0.000008	3	0	0
11858	1428778-62775-0-0	forum.littleone.ru	0.000008	1	0	0
12507	94624243-1256506-0-0	top10a.ru	0.000008	1	0	0
12507	94471171-1347064-0-0	avr.next-video.ru	0.000008	7	0	0
11905	2112549-91685-0-0	aviator.guru	0.000008	5	0	0
12507	35677179-259831-0-0	horosho--tam-ru.turbopages.org	0.000008	1	0	0
11864	6438395-147023-0-0	news.mail.ru	0.000008	2	0	0
11909	93261812-810117-0-0	doramalive.ru	0.000074	1	0	0
12507	88483565-654391-0-0	androidsfaq-com.turbopages.org	0.000008	1	0	0
11858	902346-59661-0-0	top-yurist.kaz24.ru	0.000008	1	0	0
11909	471771-17646-0-0	4x4-media.turbopages.org	0.000008	1	0	0
11904	509629-29789-0-0	rg.ru	0.000008	1	0	0
11868	66475862-459160-0-0	mkset-ru.turbopages.org	0.000008	1	0	0
12507	1231691-1314625-0-0	moygorod-online.turbopages.org	0.000008	1	0	0
11909	66810155-458492-0-0	24smi-org.turbopages.org	0.000008	1	0	0
11909	7998805-224718-0-0	sovsport-ru.turbopages.org	0.000008	1	0	0
12507	65101275-447131-0-0	e1-ru.turbopages.org	0.000008	1	0	0
11865	775467-266410-0-0	expertland.ru	0.000008	1	0	0
12507	509629-486824-0-0	rg-ru.turbopages.org	0.000008	3	0	0
12507	93335226-830873-0-0	www.eg.ru	0.000074	1	0	0
12507	36985186-256605-0-0	polismed-com.turbopages.org	0.000008	1	0	0
11857	509629-196263-0-0	rg-ru.turbopages.org	0.000008	1	0	0
12512	915412-108160-0-0	1prime.ru	0.000008	1	0	0
12507	31446184-207678-0-0	glavbukh-ru.turbopages.org	0.000008	1	0	0
11864	2412782-189903-0-0	www.avito.ru	0.000008	3	0	0
12507	6734741-154950-0-0	drive2-ru.turbopages.org	0.000008	4	0	0
12507	92149542-716935-0-0	playmaker24.ru	0.000008	2	0	0
11868	51898059-577766-0-0	autosport.com.ru	0.000008	1	0	0
11858	92519834-1223907-0-0	ru.drivemusic.me	0.000008	1	0	0
11865	36882225-627483-0-0	roomble.com	0.000008	1	0	0
11858	15279011-450779-0-0	free-topic.ru	0.000008	1	0	0
11865	42813817-276165-0-0	www.znak.com	0.000008	1	0	0
12507	1861899-78494-0-0	www.newsru.co.il	0.000008	1	0	0
11909	1399964-1310450-0-0	mir-ogorodnikov.ru	0.000008	1	0	0
11909	91731308-695008-0-0	1-lenta.com	0.000008	1	0	0
12507	93178036-774550-0-0	knijky.ru	0.000008	2	0	0
11865	4436299-608478-0-0	ridus-ru.turbopages.org	0.000008	1	0	0
12507	5633973-139040-0-0	u--f-ru.turbopages.org	0.000008	2	0	0
12507	46942132-289585-0-0	ucrazy.ru	0.000008	1	0	0
11857	7773941-487848-0-0	realika-ru.turbopages.org	0.000008	1	0	0
11865	6435158-730189-0-0	krasnodar.aromavape.ru	0.000008	1	0	0
12507	10018531-216742-0-0	1tulatv.ru	0.000008	1	0	0
11858	1055963-816214-0-0	spac1.net	0.000008	1	0	0
12507	1180293-56287-0-0	www.kaluga-poisk.ru	0.000008	2	0	0
12507	61554-46902-0-0	kulturologia-ru.turbopages.org	0.000008	2	0	0
12507	33530085-232061-0-0	voronezh.cian.ru	0.000008	1	0	0
12507	53367389-336591-0-0	disgustingmen.com	0.000008	1	0	0
11858	1718328-141569-0-0	cont.ws	0.000008	1	0	0
12507	33260058-468006-0-0	litbro-ru.turbopages.org	0.000008	1	0	0
11904	73222433-496671-0-0	d3.ru	0.000008	1	0	0
12509	33530085-232061-0-0	spb.cian.ru	0.000008	1	0	0
11858	4438373-129798-0-0	xn----8sbeyckrgcbzinq9j.ru-an.info	0.000008	1	0	0
11909	1228849-117050-0-0	ayzdorov-ru.turbopages.org	0.000008	1	0	0
11864	1126407-122161-0-0	avtoexperts.ru	0.000008	1	0	0
11904	8054248-216855-0-0	ir-center.ru	0.000008	1	0	0
12509	65949452-542792-0-0	radiokp.ru	0.000008	1	0	0
11909	65101275-575584-0-0	www.e1.ru	0.000008	1	0	0
12512	92826353-753190-0-0	ru.hellomagazine.com	0.000008	1	0	0
12507	4012495-76942-0-0	usamodelkina.ru	0.000008	1	0	0
11864	575522-293439-0-0	only-paper.ru	0.000008	1	0	0
11791	10-844-0-0	turkish-tv-series.ru	0.000008	4	0	0
11864	9598552-175106-0-0	www.forbes.ru	0.000074	1	0	0
12507	1412746-580826-0-0	www.litmir.me	0.000008	1	0	0
11857	7687782-448212-0-0	profile.ru	0.000074	4	0	0
12507	5350121-136704-0-0	football.kulichki.net	0.000008	2	0	0
11868	93683367-979907-0-0	aktnews.ru	0.000008	2	0	0
11857	55881117-834558-0-0	transportspb.com	0.000008	1	0	0
11909	6734741-154950-0-0	drive2-ru.turbopages.org	0.000008	1	0	0
12507	91271466-719166-0-0	daciaclubmd.ru	0.000008	1	0	0
12509	53157057-461680-0-0	poisk.center	0.000008	1	0	0
12507	51898059-1238537-0-0	ucrazy.ru	0.000008	1	0	0
11858	8207458-155461-0-0	realty.1777.ru	0.000008	1	0	0
11857	71191770-486682-0-0	mainstyles.ru	0.000008	1	0	0
11909	5350121-136704-0-0	football-kulichki-net.turbopages.org	0.000008	1	0	0
12507	3281497-226986-0-0	sport--express-ru.turbopages.org	0.000008	1	0	0
12507	1386626-1294341-0-0	readmanga.io	0.000008	1	0	0
11909	69436445-474720-0-0	peopletalk.ru	0.000008	1	0	0
11909	1006591-50518-0-0	amic-ru.turbopages.org	0.000008	2	0	0
11864	6727102-142542-0-0	v-kosmose.com	0.000008	1	0	0
11904	1322075-70350-0-0	fb.ru	0.000008	1	0	0
12507	90720690-643887-0-0	mir-knig.com	0.000008	8	0	0
11909	5092869-134625-0-0	echo.msk.ru	0.000008	2	0	0
12507	39315718-263889-0-0	bimru-ru.turbopages.org	0.000008	1	0	0
11857	7295714-153743-0-0	russian.rt.com	0.000074	1	0	0
12507	5092531-241790-0-0	ura-news.turbopages.org	0.000008	1	0	0
12507	2158486-93841-0-0	tula-football.ru	0.000008	1	0	0
11909	650894-137154-0-0	www.reviewdetector.ru	0.000008	2	0	0
12507	7295714-153743-0-0	russian.rt.com	0.000074	1	0	0
11860	1647838-69256-0-0	www.shkolazhizni.ru	0.000008	1	0	0
11909	1913085-81261-0-0	montecarlo.ru	0.000008	1	0	0
12507	1180293-536323-0-0	vologda--poisk-ru.turbopages.org	0.000008	2	0	0
12507	1432019-400402-0-0	www.glaz.tv	0.000074	3	0	0
11905	92386429-872461-0-0	cxem.net	0.000008	1	0	0
11909	87276007-592221-0-0	www.womanhit.ru	0.000008	1	0	0
11857	1428778-62775-0-0	forum.littleone.ru	0.000008	1	0	0
12512	73406866-498420-0-0	text.ru	0.000008	1	0	0
9011	43559-607470-0-0	knigi-audio.com	0.000062	3	0	0
11909	91159049-655744-0-0	remanga.org	0.000008	1	0	0
12507	985920-49912-0-0	www.vidal.ru	0.000008	2	0	0
12507	48537776-547400-0-0	jut.su	0.000074	3	0	0
11858	475686-728766-0-0	amedia.online	0.000008	1	0	0
11909	8245467-633683-0-0	stavropol.narule.ru	0.000008	1	0	0
11865	1386626-586344-0-0	findanime.net	0.000074	1	0	0
12507	49988489-455267-0-0	wuxiaworld.ru	0.000074	2	0	0
11909	43061655-276631-0-0	m.vz.ru	0.000008	1	0	0
12507	43969398-343104-0-0	onkuhnya-ru.turbopages.org	0.000008	1	0	0
11898	15737-576542-0-atastv.ru	atastv.ru	0.000074	1	0	0
11858	505099-6283-0-0	rostovmama.ru	0.000008	1	0	0
12507	2412782-419506-0-0	www.avito.ru	0.000008	1	0	0
11909	3849096-126345-0-0	www.gorodche.ru	0.000008	1	0	0
12507	2983481-409927-0-0	vklist.ru	0.000074	2	0	0
12507	31446184-207712-0-0	zarplata--online-ru.turbopages.org	0.000008	1	0	0
9866	0-216200-0-0	www.lentainform.com	0.000074	3	0	0
11858	91122342-653694-0-0	fanat1k.ru	0.000008	1	0	0
12507	4684670-155160-0-0	ogorod-ru.turbopages.org	0.000008	1	0	0
9866	0-216200-0-0	m.7days.ru	0.000074	2	0	0
12507	32389859-223713-0-0	semyadeti.ru	0.000008	1	0	0
11868	2412782-419507-0-0	m.avito.ru	0.000008	10	0	0
11857	7374579-147562-0-0	m.bombardir.ru	0.000008	2	0	0
11904	68543924-531163-0-0	cars.av.by	0.000008	1	0	0
11909	50187661-326213-0-0	ryazan.life	0.000008	1	0	0
11857	89739637-1263037-0-0	www.eg.ru	0.000008	1	0	0
11865	89739637-1263037-0-0	www.eg.ru	0.000008	1	0	0
11864	51898059-1238537-0-0	ucrazy.ru	0.000008	1	0	0
12507	498578-196262-0-0	vrn-kp-ru.turbopages.org	0.000008	1	0	0
11865	54770757-1313018-0-0	trewq.ru	0.000008	1	0	0
11904	5510286-138138-0-0	razlozhi.ru	0.000008	2	0	0
12507	1801033-247350-0-0	mangalib.me	0.000074	9	0	0
11909	1848013-444350-0-0	privet-rostov.ru	0.000008	1	0	0
11858	58502698-395640-0-0	www.yapokupayu.ru	0.000008	1	0	0
11857	1560494-344753-0-0	gazeta-ru.turbopages.org	0.000008	3	0	0
12509	1560494-348668-0-0	m.lenta.ru	0.001007	1	0	0
11857	51468706-330066-0-0	m.vz.ru	0.000008	5	0	0
11865	8562776-753210-0-0	www.spletnik.ru	0.000008	1	0	0
11905	2112549-91685-0-0	opolitike.mirtesen.ru	0.000008	1	0	0
11857	407197-158840-0-0	lisa-ru.turbopages.org	0.000008	1	0	0
9012	36195-472385-0-0	www.mk.ru	0.000062	3	0	0
11904	93360914-840292-0-0	avia.pro	0.000008	1	0	0
11909	51839332-1316366-0-0	praktibuh.ru	0.000008	1	0	0
11909	33397807-230529-0-0	tsargrad.tv	0.000008	1	0	0
11868	2390032-356923-0-0	www.msn.com	0.000008	1	0	0
12507	1796140-74795-0-0	damataro.ru	0.000008	1	0	0
14003	15737-576542-0-ftimes.ru	ftimes.ru	0.000074	1	0	0
11865	51766691-331214-0-0	katalog-j.ru	0.000008	1	0	0
11909	2112549-91685-0-0	mt.argumenti.ru	0.000008	1	0	0
11857	65101275-579344-0-0	doctorpiter.ru	0.000008	1	0	0
12512	56953682-478194-0-0	www.inmyroom.ru	0.000008	1	0	0
11857	2004221-94787-0-0	berkat.ru	0.000008	1	0	0
11858	32505382-243349-0-0	6cotok.boltai.com	0.000008	1	0	0
12507	92928962-752036-0-0	animego.org	0.000074	2	0	0
11865	63430708-444058-0-0	litezona.ru	0.000008	1	0	0
12507	71191770-565840-0-0	mainstyles-ru.turbopages.org	0.000008	1	0	0
11858	93836300-1210014-0-0	www.bolshoyvopros.ru	0.000008	1	0	0
12507	951248-127611-0-0	infox.sg	0.000008	1	0	0
11857	93584132-938732-0-0	wer-ru.turbopages.org	0.000008	1	0	0
11865	54770757-427234-0-0	cst.sk-newtime.ru	0.000008	1	0	0
12507	3223322-742727-0-0	procvety-net.turbopages.org	0.000008	1	0	0
11857	5092531-223754-0-0	m.ura.news	0.000008	2	0	0
12507	8381155-722011-0-0	apteka-103-by.turbopages.org	0.000008	3	0	0
11909	6078256-142910-0-0	infoniac-ru.turbopages.org	0.000008	1	0	0
11868	51898059-560025-0-0	www.infpol.ru	0.000008	1	0	0
11909	974947-49517-0-0	9111-ru.turbopages.org	0.000008	1	0	0
11868	509629-29789-0-0	rg.ru	0.000008	1	0	0
11865	1432019-400402-0-0	www.glaz.tv	0.000008	1	0	0
11909	87276007-592219-0-0	www.mk.ru	0.000074	1	0	0
11857	3090793-147280-0-0	pravoved.ru	0.000008	2	0	0
11909	7687782-253370-0-0	anews-com.turbopages.org	0.000008	2	0	0
11865	95237519-1321095-0-0	dekormyhome.ru	0.000008	1	0	0
12507	31446184-207693-0-0	www.pro-personal.ru	0.000008	1	0	0
9864	0-216200-0-0	m.7days.ru	0.000074	2	0	0
11909	1133796-430869-0-0	www.rulit.me	0.000008	2	0	0
11865	32076972-242266-0-0	mmo13.ru	0.000008	1	0	0
12509	95171232-1293139-0-0	m.leboard.ru	0.000008	1	0	0
11864	18373836-455813-0-0	top-mods.ru	0.000008	1	0	0
12507	36625339-677998-0-0	doctos-ru.turbopages.org	0.000008	1	0	0
9012	43559-607470-0-0	knigi-audio.com	0.000062	2	0	0
11857	1180293-56287-0-0	www.kaluga-poisk.ru	0.000008	4	0	0
11904	87936520-601046-0-0	www.mamba.ru	0.000008	1	0	0
12507	52792713-334709-0-0	guidecomputer.ru	0.000008	1	0	0
12378	33854-593382-0-0	atastv.ru	0.000062	1	0	0
11909	2447581-1336074-0-0	m.sibkray.ru	0.000008	1	0	0
11909	65101275-577826-0-0	59.ru	0.000008	1	0	0
12507	1322075-479443-0-0	syl-ru.turbopages.org	0.000008	2	0	0
12507	64173066-444849-0-0	radiokp-ru.turbopages.org	0.000008	1	0	0
11858	369305-1038-0-0	3dnews.ru	0.000008	1	0	0
11909	940667-143314-0-0	acomics.ru	0.000008	2	0	0
11865	897669-56459-0-0	pikabu.ru	0.000008	1	0	0
11858	1043402-52223-0-0	online.khl.ru	0.000008	1	0	0
11909	36003597-404832-0-0	kakoy-smysl.ru	0.000008	1	0	0
12507	1081974-53448-0-0	5koleso.ru	0.000008	1	0	0

2021-11-02
12507	2793052-243920-0-0	kam24-ru.turbopages.org	0.000008	1	0	0
11857	92519834-734980-0-0	hotplayer.ru	0.000008	1	0	0
11905	7640986-1314994-0-0	nardgammon.com	0.000008	1	0	0
11905	61678927-855384-0-0	read18.w10.lovereads.ru	0.000008	1	0	0
11857	36493473-331594-0-0	konkurent.ru	0.000008	1	0	0
11865	89459135-727941-0-0	zolotoe-runo-sl.ru	0.000008	1	0	0
11909	2379950-579042-0-0	letsplayers.ru	0.000008	1	0	0
11904	37506884-332769-0-0	ahilla.ru	0.000008	1	0	0
11868	93675111-1211889-0-0	vkfaces.com	0.000008	1	0	0
11857	3293020-129405-0-0	www.cosmo.ru	0.000008	1	0	0
11857	974947-49517-0-0	9111-ru.turbopages.org	0.000008	1	0	0
11909	6557105-250544-0-0	www.interfax.ru	0.000074	1	0	0
11909	14130694-1236394-0-0	bizec.ru	0.000008	1	0	0
12507	65101275-1205940-0-0	woman-ru.turbopages.org	0.000008	1	0	0
12507	93836300-1210014-0-0	www.bolshoyvopros.ru	0.000008	1	0	0
14144	3346064628-1439046478-0-0	www.4kalyans.ru	0.001007	1	0	0
11868	7295714-188279-0-0	russian.rt.com	0.000074	1	0	0
11864	51898059-1238537-0-0	ucrazy.ru	0.000008	1	0	0
12507	69816178-609275-0-0	planeta--mineral-ru.turbopages.org	0.000008	1	0	0
11904	395772-80569-0-0	www.hibiny.com	0.000008	1	0	0
12507	61701008-481684-0-0	mebel-designing.ru	0.000008	1	0	0
11857	1683593-210293-0-0	moskva.jobfilter.ru	0.000008	1	0	0
11868	5843501-230150-0-0	kurs2015.ru	0.000008	1	0	0
11791	10-844-0-0	kubanews.ru	0.000008	1	0	0
12507	93840627-1207269-0-0	finecooking-ru.turbopages.org	0.000008	1	0	0
11905	2112549-91685-0-0	job.mirtesen.ru	0.000008	1	0	0
11868	95237519-1321104-0-0	kalina-2.ru	0.000008	1	0	0
11860	5706550-281826-0-0	ren.tv	0.000008	1	0	0
9035	40517-489803-0-0	www.yaplakal.com	0.000007	1	0	0
11858	360988-499315-0-0	diary.ru	0.000008	1	0	0
11868	5877226-143320-0-0	paperpaper-ru.turbopages.org	0.000008	1	0	0
11858	46942132-289585-0-0	ucrazy.ru	0.000008	1	0	0
11858	5092531-223754-0-0	ura.news	0.000008	1	0	0
12507	26809064-1299951-0-0	aspektcenter.ru	0.000008	1	0	0
11865	91774534-710195-0-0	texnotoys.ru	0.000008	1	0	0
11864	47202456-290810-0-0	proactions.ru	0.000008	1	0	0
12507	5092531-223754-0-0	ura-news.turbopages.org	0.000008	1	0	0
14123	10130-343934343037375f3336363237-0-0	speedostream.com	0.000895	1	0	0
11865	462006-279104-0-0	bezbukv.ru	0.000008	1	0	0
11909	56663774-602227-0-0	m.7days.ru	0.000008	1	0	0
12507	14912667-223742-0-0	stories--of--success-ru.turbopages.org	0.000008	1	0	0
12507	69492613-475158-0-0	dp-ru.turbopages.org	0.000008	1	0	0
11909	5633386-138917-0-0	myslo.ru	0.000008	1	0	0
11865	92442305-731887-0-0	mynewslent.com	0.000008	1	0	0
11868	51898059-974103-0-0	gisher.org	0.000074	1	0	0
12507	1374984-732752-0-0	sprashivalka.com	0.000008	1	0	0
11909	1006591-50518-0-0	amic-ru.turbopages.org	0.000008	1	0	0
11868	503611-30324-0-0	stavropol.blizko.ru	0.000008	1	0	0
11865	36882225-627483-0-0	roomble.com	0.000008	3	0	0
11857	498578-167170-0-0	www.kp.ru	0.000008	1	0	0
11857	5092531-241790-0-0	ura-news.turbopages.org	0.000008	2	0	0
11864	73163421-505330-0-0	enginehack.ru	0.000008	1	0	0
11865	915412-108160-0-0	1prime.ru	0.000008	1	0	0
12507	51452342-452088-0-0	abnews.ru	0.000008	1	0	0
11865	1386626-586344-0-0	findanime.net	0.000008	1	0	0
12507	5092869-134625-0-0	echo-msk-ru.turbopages.org	0.000008	1	0	0
11909	7234779-240630-0-0	kommersant-ru.turbopages.org	0.000008	1	0	0
11857	24142277-191235-0-0	vyatka-grad.ru	0.000008	1	0	0
10009	65bd063b3720d703fa73072dcabb277a-9c78d4358b08e3587	zetserial.online	0.000008	1	0	0
12507	2171105-528456-0-0	onff-ru.turbopages.org	0.000008	1	0	0
12507	78925847-636653-0-0	list-vk.com	0.000008	2	0	0
11860	18373836-455813-0-0	top-mods.ru	0.000008	1	0	0
11868	89994173-630497-0-0	www.vyazmanews.net	0.000008	1	0	0
12507	59910739-411277-0-0	medikforum-ru.turbopages.org	0.000008	1	0	0
12507	985920-49912-0-0	www.vidal.ru	0.000008	1	0	0
12507	3293020-129405-0-0	www.cosmo.ru	0.000008	1	0	0
11868	6557105-490701-0-0	m24-ru.turbopages.org	0.000008	1	0	0
11858	1801033-247350-0-0	mangalib.me	0.000074	1	0	0
11858	1560494-660797-0-0	mail.rambler.ru	0.000008	2	0	0
12507	91778783-699695-0-0	beerhead--bar-ru.turbopages.org	0.000008	1	0	0
11858	65765803-451325-0-0	vetta.tv	0.000008	1	0	0
11904	2239710-346458-0-0	yanashla.com	0.000008	2	0	0
11857	1560494-225219-0-0	news-rambler-ru.turbopages.org	0.000008	1	0	0
11909	93087228-768550-0-0	www.expertcen.ru	0.000008	1	0	0
11857	8562776-1276422-0-0	www.fontanka.ru	0.000008	1	0	0
12507	7687782-253370-0-0	anews-com.turbopages.org	0.000008	1	0	0
11865	91774418-709812-0-0	narkopro.ru	0.000008	1	0	0
12507	48272767-989426-0-0	gb21perm-ru.turbopages.org	0.000008	2	0	0
11858	4652173-239821-0-0	www.afanasy.biz	0.000008	1	0	0
13812	4144017329-1413667257-0-0	www.4kalyans.ru	0.001007	1	0	0
12507	90469708-643525-0-0	kudrovo.sp-city.ru	0.000008	1	0	0
12507	8562776-751706-0-0	www.kp.ru	0.000008	1	0	0
11858	2412782-189903-0-0	www.avito.ru	0.000008	3	0	0
11858	41012898-268866-0-0	globalmsk.ru	0.000008	1	0	0
12509	65949452-453595-0-0	rg.ru	0.000008	1	0	0
11868	7499692-148265-0-0	www.soccer.ru	0.000008	1	0	0
11905	2758159-330082-0-0	kashira.ru	0.000008	1	0	0
12507	68281049-467823-0-0	sportivnoetv.com	0.000008	1	0	0
13252	6311-0	finance.yahoo.com	0.000008	1	0	0
11865	89459135-1238932-0-0	ras-prodam.ru	0.000008	1	0	0
11864	38116592-260009-0-0	progorod76.ru	0.000008	2	0	0
11865	91778783-844053-0-0	spectorg.su	0.000008	1	0	0
12507	94504917-1247246-0-0	1plus1tv.ru	0.000074	1	0	0
12512	38661274-755113-0-0	online-knigi.com.ua	0.000008	1	0	0
11865	89739637-1263037-0-0	www.eg.ru	0.000074	1	0	0
12507	534380-340894-0-0	101kote-ru.turbopages.org	0.000008	1	0	0
11858	34981791-245128-0-0	assistentus.ru	0.000008	1	0	0
12507	30570339-1274619-0-0	fotostars.me	0.000008	1	0	0
11909	88121411-603878-0-0	radarmedia.net	0.000074	1	0	0
11857	92092887-971493-0-0	forum.mista.ru	0.000008	1	0	0
11857	1560494-344753-0-0	gazeta-ru.turbopages.org	0.000008	3	0	0
11791	15-26-0-0	travelask.ru	0.000074	1	0	0
11905	4482117-129967-0-0	aftershock.news	0.000008	1	0	0
14001	15737-576542-0-atastv.ru	atastv.ru	0.000074	1	0	0
11868	73147933-495963-0-0	makeword.ru	0.000008	1	0	0
12507	1193920-237969-0-0	carsweek-ru.turbopages.org	0.000008	1	0	0
12507	8381155-722011-0-0	apteka-103-by.turbopages.org	0.000008	1	0	0
11868	91864171-708690-0-0	www.vesti.ru	0.000074	1	0	0
11860	88121411-603873-0-0	4eva.ru	0.000074	1	0	0
11857	93335226-830873-0-0	eg-ru.turbopages.org	0.000008	1	0	0
11868	7379715-191379-0-0	petpop.cc	0.000008	1	0	0
11857	407197-158840-0-0	lisa-ru.turbopages.org	0.000008	1	0	0
11909	95030716-1353604-0-0	1000testov.com	0.000008	1	0	0
12513	18373836-382816-0-0	bigpicture.ru	0.000008	1	0	0
12507	8562776-751705-0-0	7days.ru	0.000074	1	0	0
11865	7286645-580131-0-0	tech.onliner.by	0.000008	1	0	0
12512	91114828-653308-0-0	cyberleninka.ru	0.000008	1	0	0
12507	5451716-137716-0-0	informing-ru.turbopages.org	0.000008	1	0	0
12507	38661274-749446-0-0	turkserial.org	0.000008	1	0	0
11858	93652710-967939-0-0	fotokto.ru	0.000008	1	0	0
11858	32669446-397731-0-0	gknn.org	0.000008	2	0	0
11865	4424559-505745-0-0	dburn.ru	0.000008	1	0	0
12507	55975826-355892-0-0	womaninstinct.ru	0.000074	1	0	0
11858	46431776-287922-0-0	reactor.cc	0.000008	1	0	0
12507	7773941-511294-0-0	kuhnaidom.ru	0.000008	1	0	0
11865	94982353-1345233-0-0	www.kaluga-poisk.ru	0.000008	1	0	0
12507	33530085-232061-0-0	rostov.cian.ru	0.000008	1	0	0
12507	91122342-653694-0-0	fanat1k.ru	0.000008	1	0	0
12507	504193-28011-0-0	zr-ru.turbopages.org	0.000008	1	0	0
12507	36882225-275320-0-0	www.sunhome.ru	0.000008	1	0	0
11860	5706550-281826-0-0	ren.tv	0.000074	1	0	0
12512	31446184-207710-0-0	www.law.ru	0.000008	1	0	0
12507	53677551-337870-0-0	womanadvice.ru	0.000008	1	0	0
11858	450596-615627-0-0	www.profinance.ru	0.000008	1	0	0
11909	985920-49912-0-0	www.vidal.ru	0.000008	3	0	0
11904	46431776-287922-0-0	joyreactor.cc	0.000008	1	0	0
12507	41519228-343288-0-0	sonnik.expert	0.000008	1	0	0
11909	548057-52397-0-0	astromeridian-ru.turbopages.org	0.000008	1	0	0
11904	8380341-664713-0-0	sotoguide.ru	0.000008	1	0	0
11868	6557105-250544-0-0	www.interfax.ru	0.000074	1	0	0
12507	86711647-588383-0-0	cementim.ru	0.000008	1	0	0
11909	88830169-613977-0-0	kvartelia.ru	0.000008	1	0	0
11860	1534005-499185-0-0	otivent.com	0.000008	1	0	0
12507	2195036-337347-0-0	sad24-ru.turbopages.org	0.000008	1	0	0
12507	93599099-944073-0-0	deti-online.com	0.000074	2	0	0
11868	1560494-344753-0-0	gazeta-ru.turbopages.org	0.000008	1	0	0
11868	90735060-644220-0-0	otzyv.ru	0.000008	1	0	0
11858	87936520-601046-0-0	www.mamba.ru	0.000008	1	0	0
11865	93118975-761297-0-0	7sisters.ru	0.000008	1	0	0
12509	65949452-989182-0-0	infourok.ru	0.000008	1	0	0
11858	91281576-663753-0-0	www.noob-club.ru	0.000008	1	0	0
12507	498578-196262-0-0	kp-ru.turbopages.org	0.000008	4	0	0
9866	0-188086-0-0	m.gazeta.ru	0.001007	1	0	0
12507	1133796-430869-0-0	www.rulit.me	0.000008	1	0	0
12507	489104-59468-0-0	irecommend.ru	0.000008	1	0	0
12507	494474-102843-0-0	otzovik.com	0.000008	5	0	0
11857	91411553-671414-0-0	intrigue.dating	0.000008	1	0	0
12509	65949452-515704-0-0	teleprogramma.pro	0.000008	4	0	0
11864	509629-29789-0-0	rg.ru	0.000008	1	0	0
12507	2412782-419506-0-0	www.avito.ru	0.000008	5	0	0
11905	92733473-745599-0-0	ej-ka.net	0.000008	1	0	0
11909	93335226-830873-0-0	www.eg.ru	0.000008	1	0	0
11857	5092531-223754-0-0	m.ura.news	0.000008	2	0	0
12507	1918592-279312-0-0	biographe-ru.turbopages.org	0.000008	2	0	0
13254	8995-0	1000testov.com	0.000008	1	0	0
12507	51898059-1290934-0-0	playmaker24.ru	0.000008	2	0	0
11909	354367-6817-0-0	tvcenter-ru.turbopages.org	0.000008	1	0	0
11858	32657900-243098-0-0	iz.ru	0.000008	1	0	0
14003	15737-576542-0-mk.ru	www.mk.ru	0.000074	1	0	0
12507	1868872-79218-0-0	art--assorty-ru.turbopages.org	0.000008	1	0	0
12507	2201084-424608-0-0	voennoedelo-com.turbopages.org	0.000008	1	0	0
11864	6438395-248298-0-0	youla.ru	0.000008	2	0	0
11857	56336832-381479-0-0	m.tabor.ru	0.000008	2	0	0
11909	504193-28011-0-0	www.zr.ru	0.000008	1	0	0
12509	49905584-324706-0-0	sport24.ru	0.000008	1	0	0
11857	1560494-349859-0-0	motor-ru.turbopages.org	0.000008	1	0	0
11909	41296583-479805-0-0	stroyday.ru	0.000008	1	0	0
11909	66475862-459160-0-0	mkset-ru.turbopages.org	0.000008	1	0	0
14056	0-216200-0-0	doctorpiter.ru	0.000074	1	0	0
11909	50054301-325932-0-0	ifreedom.su	0.000008	1	0	0
9864	0-216200-0-0	ren.tv	0.000074	3	0	0
12507	7664547-442805-0-0	m--strana-ru.turbopages.org	0.000008	2	0	0
11865	1713381-342529-0-0	amigo-pets.ru	0.000008	1	0	0
11904	39010788-262152-0-0	62info.ru	0.000008	1	0	0
12507	31023497-255643-0-0	zachestnyibiznes-ru.turbopages.org	0.000008	1	0	0
11909	3223322-444488-0-0	yborka-online.turbopages.org	0.000008	1	0	0
11865	93335226-830873-0-0	www.eg.ru	0.000008	4	0	0
11865	1606471-444327-0-0	trubanet.ru	0.000008	1	0	0
12507	93736421-989341-0-0	kulinarenok-ru.turbopages.org	0.000008	1	0	0
12507	38613224-260729-0-0	pereborom.ru	0.000008	1	0	0
11864	6438395-147025-0-0	my.mail.ru	0.000074	4	0	0
12507	3485894-247675-0-0	roza--i--fialka-ru.turbopages.org	0.000008	1	0	0
11904	8054248-216855-0-0	ir-center.ru	0.000008	2	0	0
12507	91159049-655744-0-0	remanga.org	0.000008	1	0	0
12507	7404872-1215652-0-0	nemeckaja--ovcharka-ru.turbopages.org	0.000008	1	0	0
12507	42813817-276165-0-0	www.znak.com	0.000008	2	0	0
12507	33530085-232061-0-0	korolev.cian.ru	0.000008	1	0	0
12507	486016-722909-0-0	bobik-online.turbopages.org	0.000008	2	0	0
11857	2960135-423317-0-0	konkurent.ru	0.000008	2	0	0
12509	65949452-1223624-0-0	karpov-clinic.ru	0.000008	1	0	0
12507	68133542-467211-0-0	osnmedia-ru.turbopages.org	0.000008	2	0	0
11865	91778783-710402-0-0	dom-kirov.ru	0.000008	2	0	0
11909	965566-175007-0-0	nplus1-ru.turbopages.org	0.000008	1	0	0
12507	1650869-235105-0-0	novayagazeta-ru.turbopages.org	0.000008	1	0	0
11858	51452342-496695-0-0	sn-oq.daily-inform.ru	0.000008	1	0	0
11857	1428778-62775-0-0	forum.littleone.ru	0.000008	1	0	0
12507	7687782-448212-0-0	profile.ru	0.000008	10	0	0
11857	41724942-333441-0-0	libcat.ru	0.000008	1	0	0
11865	3874619-125894-0-0	bash.im	0.000008	1	0	0
12507	509629-29789-0-0	rg.ru	0.000008	2	0	0
11860	1380725-208191-0-0	gazetabiznes.ru	0.000008	1	0	0
11865	841616-555816-0-0	rsnd-kvn.narod.ru	0.000008	1	0	0
12507	1282729-188749-0-0	www.megazdorov.ru	0.000008	2	0	0
11904	3339501-121176-0-0	credo.press	0.000008	1	0	0
11909	69492613-475158-0-0	www.dp.ru	0.000008	1	0	0
11904	369305-1038-0-0	3dnews.ru	0.000008	1	0	0
11868	95171232-1293139-0-0	m.leboard.ru	0.000008	1	0	0
11860	1647838-69256-0-0	www.shkolazhizni.ru	0.000008	3	0	0
12509	65949452-453151-0-0	echo.msk.ru	0.000008	1	0	0
11857	92976814-782269-0-0	megaotkrytka-ru.turbopages.org	0.000008	1	0	0
12507	64173066-443007-0-0	radiokp.ru	0.000008	3	0	0
11864	941157-244046-0-0	primamedia.ru	0.000008	1	0	0
12507	994452-58816-0-0	health.sarbc.ru	0.000008	1	0	0
12507	7797099-623496-0-0	inpot.ru	0.000008	2	0	0
11865	1058248-188072-0-0	nastroyvse.ru	0.000008	1	0	0
11904	87276007-592219-0-0	www.mk.ru	0.000074	1	0	0
12509	571882-183997-0-0	sputnik-abkhazia.ru	0.000008	1	0	0
12507	44687504-280924-0-0	itsmycity-ru.turbopages.org	0.000008	1	0	0
12507	1818286-494149-0-0	sovet-ingenera.com	0.000074	1	0	0
11865	987427-455718-0-0	modmcpe.net	0.000008	1	0	0
11858	91122342-653694-0-0	fanat1k.ru	0.000008	1	0	0
12507	4684670-155160-0-0	ogorod-ru.turbopages.org	0.000008	2	0	0
9866	0-216200-0-0	www.lentainform.com	0.000074	3	0	0
11857	36859922-255561-0-0	medside-ru.turbopages.org	0.000008	1	0	0
12507	49657268-323488-0-0	mastergrad-com.turbopages.org	0.000008	1	0	0
11868	897669-56459-0-0	pikabu.ru	0.000008	3	0	0
12507	93335226-830873-0-0	eg-ru.turbopages.org	0.000008	2	0	0
11909	93836300-1210014-0-0	www.bolshoyvopros.ru	0.000008	4	0	0
12507	33530085-232061-0-0	voronezh.cian.ru	0.000008	1	0	0
11858	70390261-733625-0-0	pwnews.net	0.000008	1	0	0
11865	88690383-611984-0-0	jaomix.ru	0.000074	1	0	0
11909	93736421-989340-0-0	kylinariya.ru	0.000008	1	0	0
14123	10130-343934343037375f3336363236-0-0	speedostream.com	0.000895	1	0	0
11857	7687782-448212-0-0	profile.ru	0.000074	3	0	0
11909	24063418-190745-0-0	o-krohe.ru	0.000008	1	0	0
11904	30937438-350681-0-0	zainsk-inform.ru	0.000008	1	0	0
11864	52702488-334099-0-0	astrakhanfm.ru	0.000008	1	0	0
11904	5510286-138138-0-0	razlozhi.ru	0.000008	3	0	0
12507	1801033-247350-0-0	mangalib.me	0.000074	7	0	0
11909	439048-701006-0-0	gazeta-spb-ru.turbopages.org	0.000008	1	0	0
11857	36493473-331129-0-0	primpress.ru	0.000008	2	0	0
12507	2412782-419507-0-0	m.avito.ru	0.000008	16	0	0
12507	65101275-578603-0-0	www.fontanka.ru	0.000008	9	0	0
12509	65949452-515704-0-0	teleprogramma.pro	0.000074	4	0	0
13251	6598-0	kosmetista.ru	0.000008	1	0	0
11857	65101275-1205940-0-0	woman-ru.turbopages.org	0.000008	1	0	0
10009	817-4481-0-0	animeonline.cc	0.000074	3	0	0
11909	91114828-653308-0-0	cyberleninka.ru	0.000008	1	0	0
11909	1133796-430869-0-0	www.rulit.me	0.000008	1	0	0
11904	73622320-500250-0-0	ktv-ray.ru	0.000008	1	0	0
11905	2112549-91685-0-0	prostopollitik.mirtesen.ru	0.000008	1	0	0
11864	6438395-142108-0-0	e.mail.ru	0.000008	26	0	0
11858	1963474-84252-0-0	www.astrocentr.ru	0.000008	1	0	0
12507	7687782-448212-0-0	profile.ru	0.000074	6	0	0
11909	65765803-451325-0-0	vetta.tv	0.000008	1	0	0
13252	3102-0	www.etonline.com	0.000008	1	0	0
11905	1718328-141569-0-0	cont.ws	0.000008	1	0	0
12507	3046664-278919-0-0	sunhome-ru.turbopages.org	0.000008	3	0	0
11857	12015-13900-0-0	best--stroy-ru.turbopages.org	0.000008	1	0	0
11865	3097034-259311-0-0	kakpishem.ru	0.000008	1	0	0
12507	3293020-129367-0-0	popmech-ru.turbopages.org	0.000008	1	0	0
10208	65bd063b3720d703fa73072dcabb277a-9c78d4358b08e3587	atastv.ru	0.000074	1	0	0
11857	9154466-611888-0-0	abnews-ru.turbopages.org	0.000008	1	0	0
11791	65bd063b3720d703fa73072dcabb277a-9c78d4358b08e3587	autonevod.ru	0.000008	1	0	0
12507	31446184-207680-0-0	www.kdelo.ru	0.000008	2	0	0
11904	450596-9524-0-0	www.profinance.ru	0.000008	1	0	0
12507	1796140-74795-0-0	damataro.ru	0.000008	1	0	0
13815	4044630472-2923542780-0-0	www.livingly.com	0.001007	1	0	0
13812	1573858104-3238801650-0-0	www.sibnet.ru	0.001007	1	0	0
11857	6438395-458463-0-0	health-mail-ru.turbopages.org	0.000008	2	0	0
11858	5972331-191297-0-0	rtfutsal.ru	0.000008	1	0	0
11857	2412782-419507-0-0	m.avito.ru	0.000008	5	0	0
12507	32656120-220814-0-0	benzopilok.ru	0.000008	1	0	0
12507	41073477-527250-0-0	itznaniya-ru.turbopages.org	0.000008	1	0	0
11858	75879660-562461-0-0	kot-pes.com	0.000074	1	0	0
12507	18373836-575903-0-0	royallib.com	0.000008	1	0	0
12507	65101275-447131-0-0	e1-ru.turbopages.org	0.000008	1	0	0
12507	2175593-285909-0-0	karta-banka.ru	0.000008	1	0	0
11865	30570339-731199-0-0	ufanotes.ru	0.000008	2	0	0
12507	2235306-97552-0-0	www.luna-segodnja.ru	0.000008	2	0	0
12507	36493473-331129-0-0	primpress.ru	0.000008	3	0	0
12512	18373836-1324321-0-0	podborkino.com	0.000008	1	0	0
11864	65101275-447176-0-0	www.nn.ru	0.000008	1	0	0
11909	940667-143314-0-0	acomics.ru	0.000008	2	0	0
8589	3264238315-449169942-0-0	www.sibnet.ru	0.001007	1	0	0
11909	24063418-190745-0-0	o-krohe.ru	0.000074	1	0	0
11858	1055963-816214-0-0	spac1.net	0.000008	1	0	0
11864	65101275-578603-0-0	www.fontanka.ru	0.000008	1	0	0
11909	4767427-468740-0-0	thepresentation.ru	0.000008	1	0	0
13251	6598-0	topwar.ru	0.000008	1	0	0
12507	412843-632280-0-0	mebel-v-nsk.ru	0.000008	1	0	0
11909	61657907-412959-0-0	m.spletnik.ru	0.000008	1	0	0
11904	92442305-731887-0-0	fan-news.org	0.000008	1	0	0
11864	65101275-578374-0-0	sova77.www.nn.ru	0.000008	1	0	0
11909	650894-137154-0-0	www.reviewdetector.ru	0.000008	1	0	0
11857	15044768-265786-0-0	mangahub.ru	0.000074	1	0	0
12507	1606471-185733-0-0	trubanet-ru.turbopages.org	0.000008	1	0	0
12507	36143836-272894-0-0	car-ru.turbopages.org	0.000008	1	0	0
11865	897669-460527-0-0	pikabu.ru	0.000008	1	0	0
9865	0-216200-0-0	animeonline.cc	0.000115	1	1	0
11909	66475862-459160-0-0	newstracker-ru.turbopages.org	0.000008	1	0	0
12513	18373836-575903-0-0	royallib.com	0.000008	1	0	0
11857	49905584-324706-0-0	sport24-ru.turbopages.org	0.000008	2	0	0
12507	937949-324231-0-0	sex-missfit-ru.turbopages.org	0.000008	1	0	0
11857	36493473-331129-0-0	primpress.ru	0.000074	3	0	0
12507	49608361-418964-0-0	1000.menu	0.000008	1	0	0
14056	0-216200-0-0	teleprogramma.pro	0.000074	3	0	0
12507	91235966-660718-0-0	lifehacker-ru.turbopages.org	0.000008	6	0	0
11868	63819103-429409-0-0	m.galya.ru	0.000008	1	0	0
12507	1386626-586344-0-0	findanime.net	0.000008	1	0	0
10208	817-4481-0-0	animeonline.cc	0.000092	0	1	0
11857	87936520-601046-0-0	www.mamba.ru	0.000008	3	0	0
12507	7839840-186633-0-0	fitnessera-ru.turbopages.org	0.000008	1	0	0
12507	94100025-1212051-0-0	felomena-com.turbopages.org	0.000008	1	0	0
11865	91778991-706200-0-0	mariokomi.ru	0.000008	1	0	0
12513	70390261-778636-0-0	onlinetv.one	0.000008	2	0	0
13686	40621-605301-0-0	atastv.ru	0.000062	1	0	0
12507	36859922-255561-0-0	medside-ru.turbopages.org	0.000008	1	0	0
12507	54689608-349697-0-0	design-homes.ru	0.000008	1	0	0
12507	1801033-247350-0-0	mangalib.me	0.000008	4	0	0
12507	2239710-246680-0-0	vyborok.com	0.000008	1	0	0
11857	51452342-1281584-0-0	www.livelib.ru	0.000008	1	0	0
12507	87338212-592794-0-0	kryshadoma-com.turbopages.org	0.000008	1	0	0
11791	65bd063b3720d703fa73072dcabb277a-9c78d4358b08e3587	turkish-tv-series.ru	0.000008	1	0	0
9011	40621-491126-0-0	bystrye-recepty.ru	0.000007	2	0	0
13252	7928-0	dni.ru	0.000008	1	0	0
11868	24142277-191235-0-0	vyatka-grad.ru	0.000008	1	0	0
12507	1450059-63504-0-0	m.47news.ru	0.000008	3	0	0
11857	65101275-447162-0-0	www.fontanka.ru	0.000008	9	0	0
12507	31578174-208651-0-0	www.drive2.ru	0.000008	1	0	0
8669	3938cf97ea84e2a9485f979e908bda87-6dd7f7a279120d51b	www.playground.ru	0.000008	1	0	0
12512	51898059-1238537-0-0	ucrazy.ru	0.000008	3	0	0
12507	3598907-330905-0-0	vokrug-tv.turbopages.org	0.000008	2	0	0
10009	817-4481-0-0	animeonline.cc	0.000092	0	1	0
12507	3962685-126917-0-0	edaplus-info.turbopages.org	0.000008	1	0	0
11868	5306121-724698-0-0	vashnarkolog.com	0.000008	1	0	0
11909	66475862-459160-0-0	vostokmedia-com.turbopages.org	0.000008	1	0	0
11909	65101275-578603-0-0	www.fontanka.ru	0.000008	2	0	0
12509	65949452-542792-0-0	radiokp.ru	0.000008	2	0	0
14055	0-216200-0-0	m.7days.ru	0.000074	1	0	0
12507	8240866-155688-0-0	www.belnovosti.by	0.000008	4	0	0
11865	1370690-411988-0-0	sochi24.tv	0.000008	1	0	0
12507	32657900-220340-0-0	iz-ru.turbopages.org	0.000008	2	0	0
11858	8207458-155463-0-0	news.1777.ru	0.000008	1	0	0
11909	83384515-567219-0-0	orenday.ru	0.000008	1	0	0
11857	54497203-471364-0-0	autogear.ru	0.000008	1	0	0
10049	10-844-0-0	your-parts.ru	0.000008	1	0	0
11868	8562776-752685-0-0	fb.ru	0.000008	1	0	0
11865	91774418-710190-0-0	bekasovo-rzd.ru	0.000008	1	0	0
11858	87936520-601046-0-0	love.mail.ru	0.000008	4	0	0
11860	1054260-72839-0-0	myrouble.ru	0.000008	1	0	0
11865	16531335-183936-0-0	optlist.ru	0.000008	3	0	0
11858	2172096-752040-0-0	calcus.ru	0.000008	1	0	0
11909	36493473-331129-0-0	primpress.ru	0.000074	3	0	0
12507	66810155-458492-0-0	24smi-org.turbopages.org	0.000008	1	0	0
12512	7802387-196819-0-0	lets-play.by	0.000008	1	0	0
11909	43061655-276631-0-0	m.vz.ru	0.000008	1	0	0
12507	88546469-708736-0-0	www.kleo.ru	0.000074	1	0	0
11857	7374579-147562-0-0	m.bombardir.ru	0.000008	1	0	0
11868	2412782-419507-0-0	m.avito.ru	0.000008	6	0	0
13898	421749269-942096536-0-0	ru.drivemusic.me	0.001007	1	0	0
12507	94471171-1347064-0-0	avr.next-video.ru	0.000008	4	0	0
12507	36882225-351721-0-0	irr.ru	0.000008	1	0	0
11909	8562776-751706-0-0	www.kp.ru	0.000008	2	0	0
12507	3293020-125354-0-0	goodhouse-ru.turbopages.org	0.000008	1	0	0
12507	897669-56459-0-0	pikabu-ru.turbopages.org	0.000008	1	0	0
12507	7517911-148375-0-0	5--tv-ru.turbopages.org	0.000008	1	0	0
12507	61631666-494630-0-0	tyt--sxemi-ru.turbopages.org	0.000008	1	0	0
12507	20446927-1250367-0-0	it-doc.info	0.000008	1	0	0
13251	19345-0	ru.tbc.wowhead.com	0.000008	1	0	0
12507	7773941-267174-0-0	evrookna--mos-ru.turbopages.org	0.000008	1	0	0
12507	39315718-263889-0-0	bimru-ru.turbopages.org	0.000008	2	0	0
11868	30477641-200831-0-0	www.trud.com	0.000008	1	0	0
11860	71813031-490450-0-0	www.gismeteo.ru	0.000008	2	0	0
12507	69436445-474720-0-0	peopletalk-ru.turbopages.org	0.000008	1	0	0
11858	1024057-50948-0-0	eva.ru	0.000008	1	0	0
12507	7687782-1281863-0-0	news.myseldon.com	0.000008	1	0	0
11858	2412782-419506-0-0	www.avito.ru	0.000008	15	0	0
11857	65101275-446888-0-0	www.ellegirl.ru	0.000008	2	0	0
12507	36493473-331594-0-0	konkurent.ru	0.000008	5	0	0
12507	8381155-721620-0-0	bankiros-ru.turbopages.org	0.000008	1	0	0
11865	30789424-200811-0-0	perevoz.naydidom.com	0.000008	1	0	0
12509	65949452-737820-0-0	popcake.tv	0.000074	1	0	0
11865	32125188-427913-0-0	bloknot-voronezh.ru	0.000008	1	0	0
12507	3049060-115805-0-0	ng-ru.turbopages.org	0.000008	1	0	0
9864	0-216200-0-0	m.pg21.ru	0.000074	1	0	0
11909	8381155-721631-0-0	mag-103-ua.turbopages.org	0.000008	1	0	0
11857	1560494-294713-0-0	travel-rambler-ru.turbopages.org	0.000008	1	0	0
11868	94346353-1267224-0-0	alimero.ru	0.000008	1	0	0
11864	87828462-739756-0-0	blognesco.ru	0.000008	3	0	0
11857	65101275-447131-0-0	e1-ru.turbopages.org	0.000008	1	0	0
11868	36493473-331129-0-0	primpress.ru	0.000074	4	0	0
11865	2412782-419506-0-0	www.avito.ru	0.000008	30	0	0
11904	48821797-320410-0-0	yuzhnouralsk.gde.ru	0.000008	1	0	0
12507	897795-261376-0-0	www.gametech.ru	0.000008	1	0	0
12507	24063418-242868-0-0	stroy-podskazka.ru	0.000074	1	0	0
9866	0-216200-0-0	clck.lentainform.com	0.000074	1	0	0
11904	3849512-125905-0-0	www.liveinternet.ru	0.000008	1	0	0
11857	450317-238073-0-0	zagovormaga-ru.turbopages.org	0.000008	1	0	0
11857	1560494-670776-0-0	mail.rambler.ru	0.000008	1	0	0
12509	51898059-1212039-0-0	doramy.top	0.000008	1	0	0
12507	19379947-701880-0-0	genshinpedia.ru	0.000008	1	0	0
13816	421749269-942096536-0-0	readmanga.io	0.001007	1	0	0
11868	8562776-752096-0-0	www.vesti.ru	0.000074	1	0	0
11858	46431776-287922-0-0	gi.reactor.cc	0.000008	1	0	0
11908	36165690-250766-0-0	forum2.hiendgear.com	0.000008	1	0	0
10208	817-3521-0-0	atastv.ru	0.000115	1	1	0
11909	7636277-155044-0-0	ohfashion.ru	0.000008	1	0	0
12507	5350121-136704-0-0	football-kulichki-net.turbopages.org	0.000008	1	0	0
11868	1560494-718748-0-0	www.livejournal.com	0.000074	1	0	0
11857	2960135-423316-0-0	primpress.ru	0.000074	1	0	0
10009	21fee56a7508a045067e16181bb7cc2c-e4a26f930c0db018d	animeonline.cc	0.000074	1	0	0
12507	504193-28011-0-0	www.zr.ru	0.000008	4	0	0
11858	369305-1038-0-0	3dnews.ru	0.000008	1	0	0
12507	3309915-347598-0-0	ferma-expert.turbopages.org	0.000008	1	0	0
12507	1600226-68252-0-0	volgograd.bezformata.com	0.000008	1	0	0
12507	5872841-1268335-0-0	mangabook.org	0.000008	1	0	0
12507	1945809-344973-0-0	touristam.com	0.000008	1	0	0
11864	575797-189704-0-0	kaluganews.ru	0.000008	1	0	0
12507	90720690-643887-0-0	mir-knig.com	0.000008	6	0	0
11909	5092869-134625-0-0	echo.msk.ru	0.000008	2	0	0
11864	65101275-447164-0-0	love.e1.ru	0.000008	1	0	0
11858	522469-74936-0-0	www.qrz.ru	0.000008	2	0	0
12507	36493473-331129-0-0	primpress.ru	0.000074	1	0	0
11857	31734734-354099-0-0	m.tabor.ru	0.000008	2	0	0
12507	8381155-721996-0-0	minsknews-by.turbopages.org	0.000008	1	0	0
11858	2935048-115118-0-0	transphoto.org	0.000008	1	0	0
11865	439900-323535-0-0	vesogorod.ru	0.000008	1	0	0
12507	91774534-709782-0-0	fengshui24-ru.turbopages.org	0.000008	2	0	0
11909	9866563-170093-0-0	crimeapress.info	0.000008	1	0	0
9866	0-216200-0-0	m.7days.ru	0.000074	3	0	0
11858	41724942-336240-0-0	libking.ru	0.000008	1	0	0
12367	0-216200-0-0	m.7days.ru	0.000074	1	0	0
11909	33397807-230529-0-0	m.tsargrad.tv	0.000074	1	0	0
11865	67329156-462096-0-0	1001goroskop.ru	0.000008	1	0	0
13266	11452-0	www.pajiba.com	0.000008	1	0	0
11857	1528997-89051-0-0	ladyelena-ru.turbopages.org	0.000008	1	0	0
11868	8562776-757348-0-0	teleprogramma.pro	0.000008	1	0	0
11857	61934491-415282-0-0	spb.superjob.ru	0.000008	1	0	0
11909	56953682-478194-0-0	www.inmyroom.ru	0.000008	1	0	0
11909	974947-49517-0-0	9111-ru.turbopages.org	0.000008	3	0	0
12507	93335226-830873-0-0	www.eg.ru	0.000074	1	0	0
12507	33162632-226336-0-0	newizv-ru.turbopages.org	0.000008	1	0	0
11865	94454731-1243642-0-0	pagb.ru	0.000008	1	0	0
12507	450317-238073-0-0	zagovormaga-ru.turbopages.org	0.000008	1	0	0
11909	9120675-341140-0-0	buildingclub-ru.turbopages.org	0.000008	1	0	0
11868	1380725-208191-0-0	gazetabiznes.ru	0.000008	1	0	0
9012	35566-609338-0-0	www.business.ru	0.000062	1	0	0
11868	371996-604547-0-0	lapkins.ru	0.000008	1	0	0
9012	34631-621975-0-0	www.tourprom.ru	0.000062	1	0	0
11857	1151239-249152-0-0	kupidonia.ru	0.000008	1	0	0
11858	51898059-628750-0-0	glavkniga.ru	0.000008	1	0	0
11865	43917111-353029-0-0	goroskop365.ru	0.000008	1	0	0
11864	1244907-2197-0-0	www.amalgama-lab.com	0.000008	2	0	0
12507	3293020-129405-0-0	cosmo-ru.turbopages.org	0.000008	4	0	0
11857	31446184-207708-0-0	26--2-ru.turbopages.org	0.000008	1	0	0
12507	5809954-243666-0-0	vgoroden-ru.turbopages.org	0.000008	1	0	0
12507	64297897-441824-0-0	spasibovsem-ru.turbopages.org	0.000008	1	0	0
12507	523900-231491-0-0	teleprogramma-pro.turbopages.org	0.000008	1	0	0
13898	3829146956-817275586-0-0	ukutabs.com	0.001007	1	0	0
11905	4629890-334578-0-0	love-sims.ru	0.000008	2	0	0
11909	7867970-208469-0-0	sinonim.org	0.000008	1	0	0
11909	38661274-725731-0-0	mir-knigi.net	0.000008	1	0	0
11857	91778881-710127-0-0	xn----ctbydui2a.turbopages.org	0.000008	1	0	0
11909	66147021-453837-0-0	www.lazymarketer.pro	0.000008	1	0	0
12507	36625339-677998-0-0	doctos-ru.turbopages.org	0.000008	1	0	0
12507	89527345-623512-0-0	oboiman-ru.turbopages.org	0.000008	1	0	0
11864	24111355-1291364-0-0	readmanga.io	0.000008	1	0	0
12507	93584132-938732-0-0	wer-ru.turbopages.org	0.000008	1	0	0
12512	73726211-501531-0-0	vesti-lipetsk.ru	0.000008	3	0	0
11909	3598907-324656-0-0	7days-ru.turbopages.org	0.000008	1	0	0
11909	46942132-289585-0-0	ucrazy.ru	0.000008	2	0	0
11868	1412746-580826-0-0	www.litmir.me	0.000008	1	0	0
11857	1180293-536323-0-0	vologda--poisk-ru.turbopages.org	0.000008	1	0	0
11865	897795-259376-0-0	www.ixbt.com	0.000008	1	0	0
11865	1560494-82775-0-0	images.rambler.ru	0.000008	1	0	0
11858	471024-17376-0-0	forum.ners.ru	0.000008	1	0	0
11905	2112549-91685-0-0	mirtesen.ru	0.000008	3	0	0
11868	1560494-225219-0-0	news-rambler-ru.turbopages.org	0.000008	1	0	0
12507	42813817-276165-0-0	znak-com.turbopages.org	0.000008	1	0	0
12507	49905584-324706-0-0	sport24.ru	0.000008	2	0	0
12507	50054301-325932-0-0	ifreedom.su	0.000008	2	0	0
11865	494474-102843-0-0	otzovik.com	0.000008	7	0	0
12507	498578-26254-0-0	www.kp.ru	0.000008	1	0	0
11857	7632479-295653-0-0	slovodel-com.turbopages.org	0.000008	1	0	0
11909	874982-46249-0-0	svpressa.ru	0.000008	2	0	0
12507	34668214-950623-0-0	pesnifilm.ru	0.000008	1	0	0
11857	728568-69138-0-0	pozdravok.ru	0.000008	1	0	0
11905	6829572-749909-0-0	myxbox.ru	0.000008	1	0	0
12507	24063418-190745-0-0	o-krohe.ru	0.000074	1	0	0
11864	1808940-94217-0-0	allhockey.ru	0.000008	1	0	0
11858	8176469-155098-0-0	forum.na-svyazi.ru	0.000008	1	0	0
9012	42435-605557-0-0	video.sibnet.ru	0.000062	1	0	0
11857	7295714-153743-0-0	russian.rt.com	0.000074	1	0	0
12512	42813817-276165-0-0	www.znak.com	0.000008	1	0	0
11857	1818286-494149-0-0	sovet-ingenera.com	0.000008	1	0	0
11905	2112549-91685-0-0	vyshivka.mirtesen.ru	0.000008	1	0	0
11864	32125188-427913-0-0	bloknot-voronezh.ru	0.000008	1	0	0
11865	91778991-1212137-0-0	licey-istra.ru	0.000008	1	0	0
11909	93261812-810117-0-0	doramalive.ru	0.000008	1	0	0
11865	897669-56459-0-0	pikabu.ru	0.000008	1	0	0
11909	4140396-127625-0-0	newkaliningrad-ru.turbopages.org	0.000008	1	0	0
11865	86447328-587401-0-0	www.rostovgid.ru	0.000008	1	0	0
11868	5451716-137716-0-0	informing-ru.turbopages.org	0.000008	1	0	0
12507	90405643-638350-0-0	bestdoor-guru.turbopages.org	0.000008	1	0	0
12507	1180293-536323-0-0	vologda--poisk-ru.turbopages.org	0.000008	1	0	0
11858	1055963-816214-0-0	spaces.im	0.000008	1	0	0
13898	4144017329-2961577079-0-0	readmanga.io	0.001007	1	0	0
11909	66475862-459160-0-0	bel-ru.turbopages.org	0.000008	1	0	0
11857	2004221-94787-0-0	berkat.ru	0.000008	1	0	0
11857	65101275-579344-0-0	doctorpiter.ru	0.000008	2	0	0
11868	27064358-192495-0-0	pravoved.ru	0.000008	2	0	0
11857	36338709-257091-0-0	visasam.ru	0.000008	1	0	0
12507	38661274-725731-0-0	mir-knigi.net	0.000008	2	0	0
11865	4062761-618403-0-0	redkiesorta.ru	0.000008	1	0	0
14001	15737-576542-0-animeonline.cc	animeonline.cc	0.000074	1	0	0
12507	1453901-114707-0-0	crimeaz-ru.turbopages.org	0.000008	1	0	0
12507	31446184-207708-0-0	26--2-ru.turbopages.org	0.000008	1	0	0
11909	6438395-353887-0-0	otvet.mail.ru	0.000008	2	0	0
11909	65101275-447108-0-0	29.ru	0.000008	1	0	0
11868	3860622-984257-0-0	2022newyear.ru	0.000008	1	0	0
11865	5432817-289920-0-0	7ogorod.ru	0.000074	1	0	0
12507	4629890-334578-0-0	love-sims.ru	0.000008	1	0	0
12507	89976696-630193-0-0	overclockers-ru.turbopages.org	0.000008	1	0	0
11864	6438395-147023-0-0	news.mail.ru	0.000008	2	0	0
12507	65101275-576825-0-0	ngs24.ru	0.000008	1	0	0
12507	36446828-281373-0-0	www.colady.ru	0.000008	1	0	0
11909	1626778-128051-0-0	runews24-ru.turbopages.org	0.000008	1	0	0
11865	36494725-252049-0-0	zab.ru	0.000008	1	0	0
11864	6438395-147025-0-0	my.mail.ru	0.000008	2	0	0
9866	0-216200-0-0	www.film.ru	0.000074	1	0	0
11865	4342450-128930-0-0	topwar.ru	0.000008	1	0	0
11858	475686-728766-0-0	amedia.online	0.000008	1	0	0
12507	48537776-547400-0-0	jut.su	0.000074	2	0	0
11865	2744096-456186-0-0	l-pankova.ru	0.000008	1	0	0
12507	1305571-64108-0-0	www.audi-club.ru	0.000008	1	0	0
11864	965566-175007-0-0	nplus1.ru	0.000008	1	0	0
12507	24063418-190745-0-0	o-krohe.ru	0.000008	1	0	0
11858	1728009-162266-0-0	www.1tv.ru	0.000008	1	0	0
12507	2983481-409927-0-0	vklist.ru	0.000008	2	0	0
11791	6f74b1d4b2ed506a17af3512d3fe8687-7a4768dd42d5d74b9	turkru.tv	0.000074	1	0	0
12507	509629-486824-0-0	rg-ru.turbopages.org	0.000008	2	0	0
12507	1386626-1294341-0-0	readmanga.io	0.000008	1	0	0
11857	452669-10552-0-0	www.tutu.ru	0.000008	1	0	0
12507	1322075-70350-0-0	fb-ru.turbopages.org	0.000008	2	0	0
12507	45653735-1345835-0-0	plastichno-com.turbopages.org	0.000008	1	0	0
12507	53808606-338927-0-0	kogda-org.turbopages.org	0.000008	1	0	0
11858	34776665-725258-0-0	svetofors.ru	0.000008	1	0	0
11857	87936520-601046-0-0	love.mail.ru	0.000008	1	0	0
11904	10322213-277627-0-0	100realt.ru	0.000008	2	0	0
12507	32810368-417522-0-0	russian-rt-com.turbopages.org	0.000008	2	0	0
14003	15737-576542-0-teleprogramma.pro	teleprogramma.pro	0.000074	1	0	0
12507	79428861-545653-0-0	ranobes.com	0.000008	1	0	0
11791	10-844-0-0	turkish-tv-series.ru	0.000008	6	0	0
11865	498578-26254-0-0	www.kp.ru	0.000008	1	0	0
11858	508343-159070-0-0	www.supersadovnik.ru	0.000008	1	0	0
12507	61657907-412958-0-0	www.the-village.ru	0.000008	2	0	0
11909	5373718-275838-0-0	bytiemoe.ru	0.000008	1	0	0
11857	1560494-348664-0-0	lenta-ru.turbopages.org	0.000008	4	0	0
11857	51468706-330066-0-0	m.vz.ru	0.000008	1	0	0
11909	5350121-136704-0-0	football-kulichki-net.turbopages.org	0.000008	1	0	0
12507	3281497-226986-0-0	sport--express-ru.turbopages.org	0.000008	1	0	0
12507	82182983-561692-0-0	vyborexperta.ru	0.000008	1	0	0
11864	65101275-578374-0-0	www.nn.ru	0.000008	3	0	0
11858	2383718-105230-0-0	astro-online.ru	0.000008	1	0	0
11909	494474-102843-0-0	otzovik.com	0.000008	2	0	0
11909	69891566-602765-0-0	udipedia-live.ru	0.000008	1	0	0
11858	1366491-168646-0-0	www.4vsar.ru	0.000008	1	0	0
11857	3598907-329895-0-0	ntv-ru.turbopages.org	0.000008	1	0	0
11909	24063418-483483-0-0	manrule.ru	0.000008	1	0	0
11905	6732883-142543-0-0	base.garant.ru	0.000008	1	0	0
11909	58417-176479-0-0	kaptur.club	0.000008	1	0	0
11909	3293020-129405-0-0	www.cosmo.ru	0.000008	2	0	0
11905	92386429-872461-0-0	cxem.net	0.000008	1	0	0
11865	58417-176479-0-0	kaptur.club	0.000008	1	0	0
11864	51526388-115954-0-0	www.povarenok.ru	0.000008	1	0	0
12507	6734741-154950-0-0	drive2-ru.turbopages.org	0.000008	4	0	0
12507	92149542-716935-0-0	playmaker24.ru	0.000008	2	0	0
11909	66475862-459160-0-0	rostovgazeta-ru.turbopages.org	0.000008	1	0	0
12507	73147933-495963-0-0	makeword.ru	0.000008	2	0	0
11909	36493473-331129-0-0	primpress.ru	0.000008	4	0	0
11864	5350121-136704-0-0	football.kulichki.net	0.000008	2	0	0
12513	462441-60136-0-0	www.tourister.ru	0.000008	1	0	0
11909	90720690-643887-0-0	mir-knig.com	0.000008	6	0	0
12507	55161831-577536-0-0	rosserialy.net	0.000008	1	0	0
11868	83315865-650656-0-0	zona.media	0.000008	1	0	0
12507	52971144-341232-0-0	style40plus-ru.turbopages.org	0.000008	1	0	0
12507	92928962-752036-0-0	animego.org	0.000074	1	0	0
11857	1024057-50948-0-0	eva.ru	0.000008	1	0	0
12507	26809064-715176-0-0	lemzspb.ru	0.000008	2	0	0
11868	371996-604546-0-0	wikiway.com	0.000008	2	0	0
11909	509629-196263-0-0	rg.ru	0.000008	1	0	0
11858	1386626-586344-0-0	findanime.net	0.000074	2	0	0
12507	1412746-1325270-0-0	www.litmir.me	0.000008	1	0	0
13683	42666-622170-0-0	profile.ru	0.000062	1	0	0
11868	1412746-1258509-0-0	www.litmir.me	0.000008	1	0	0
12512	33530085-232061-0-0	arhangelsk.cian.ru	0.000008	1	0	0
12507	2745-45551-0-0	forumhouse-ru.turbopages.org	0.000008	2	0	0
11868	38661274-725920-0-0	doramiru.com	0.000008	1	0	0
11909	6078256-142910-0-0	infoniac-ru.turbopages.org	0.000008	1	0	0
12507	5350121-136704-0-0	football.kulichki.net	0.000008	1	0	0
11904	54330049-459048-0-0	pargames.ru	0.000008	1	0	0
12507	4806916-284875-0-0	reytingelektroniki-ru.turbopages.org	0.000008	1	0	0
11864	49657268-323488-0-0	mastergrad.com	0.000008	1	0	0
12507	38641379-261782-0-0	lastday-club.turbopages.org	0.000008	1	0	0
12512	8044674-267076-0-0	kak2z.ru	0.000008	1	0	0
12507	51468706-330066-0-0	vz-ru.turbopages.org	0.000008	1	0	0
11865	61657907-412959-0-0	www.spletnik.ru	0.000008	1	0	0
11904	5350121-136704-0-0	football.kulichki.net	0.000008	1	0	0
11868	8562776-756630-0-0	femmie.ru	0.000008	1	0	0
11858	897795-259376-0-0	www.ixbt.com	0.000008	1	0	0
12507	5633973-139040-0-0	u--f-ru.turbopages.org	0.000008	1	0	0
12507	2264347-189717-0-0	wikibotanika.ru	0.000008	1	0	0
