BidCostStat	2.5
2021-10-07
11865	93993128-1307440-0-0	krovati-i-divany.ru	0.000008	1	0	0
12507	1288269-569681-0-0	ekspertizy.org	0.000008	1	0	0
11865	897795-259376-0-0	www.ixbt.com	0.000008	1	0	0
11857	1818286-494149-0-0	sovet-ingenera.com	0.000008	1	0	0
11865	94194251-1218718-0-0	gerdas.ml	0.000008	1	0	0
12507	87161577-732187-0-0	gtrkkursk-ru.turbopages.org	0.000008	1	0	0
11864	6635736-142376-0-0	shop220.ru	0.000008	1	0	0
14051	15740-3968801856-0-Woody^20Block：Endless^20Puzzle^20Ga	com.puzzlefun.blockgame	0.000574	1	0	0
11909	3033405-187015-0-0	alarmspec.ru	0.000008	1	0	0
12507	523900-231491-0-0	teleprogramma-pro.turbopages.org	0.000008	1	0	0
12507	7773941-513278-0-0	funnew.ru	0.000008	1	0	0
11868	91320665-688690-0-0	yastatic.net	0.000072	1	0	0
11904	66766876-458161-0-0	drongeek.ru	0.000008	1	0	0
11909	2200768-96167-0-0	kukuzya-ru.turbopages.org	0.000008	1	0	0
11858	951248-127611-0-0	ru.infox.sg	0.000008	1	0	0
12507	1918592-279312-0-0	biographe-ru.turbopages.org	0.000008	1	0	0
13252	7579-0	com.imo.android.imoim	0.000162	1	0	0
12507	5804892-188569-0-0	domsdelat.ru	0.000072	1	0	0
11864	6438395-147024-0-0	lady.mail.ru	0.000008	3	0	0
12507	38661274-354927-0-0	azh.kz	0.000008	1	0	0
12509	65949452-989182-0-0	infourok.ru	0.000008	2	0	0
12507	1432019-400402-0-0	www.glaz.tv	0.000072	1	0	0
12507	32286621-226852-0-0	argumentiru-com.turbopages.org	0.000008	1	0	0
11904	1913078-162571-0-0	life.ru	0.000008	1	0	0
11791	6f74b1d4b2ed506a17af3512d3fe8687-7a4768dd42d5d74b9	turkru.tv	0.000072	2	0	0
12507	570920-38708-0-0	vtomske.ru	0.000008	1	0	0
11857	35539312-659762-0-0	urok-1sept-ru.turbopages.org	0.000008	1	0	0
11858	43368662-278094-0-0	podrobno.uz	0.000008	1	0	0
11864	6438395-147025-0-0	my.mail.ru	0.000008	3	0	0
11865	6734741-154950-0-0	www.drive2.ru	0.000008	2	0	0
12507	36882225-267966-0-0	rusvesna.su	0.000008	1	0	0
11857	5878455-139705-0-0	7dach.ru	0.000072	1	0	0
12507	36882225-356036-0-0	kolesa-ru.turbopages.org	0.000008	1	0	0
11858	33245886-249016-0-0	ekb.promindex.ru	0.000008	1	0	0
12512	420734-42319-0-0	forum.sibmama.ru	0.000008	1	0	0
11858	1386626-586344-0-0	findanime.net	0.000008	1	0	0
11868	1560494-485869-0-0	lenta.ru	0.000008	1	0	0
8623	43859-614472-0-0	com.bigbluebubble.singingmonsters.full	0.000481	1	0	0
11865	94194251-1222212-0-0	nertics.ml	0.000008	1	0	0
12507	1979119-224594-0-0	vm-ru.turbopages.org	0.000008	1	0	0
11858	31446184-704553-0-0	www.buhsoft.ru	0.000008	1	0	0
12507	31023497-255643-0-0	zachestnyibiznes-ru.turbopages.org	0.000008	1	0	0
12507	407197-196583-0-0	www.ivd.ru	0.000008	1	0	0
11865	54464709-342612-0-0	korzik.net	0.000008	1	0	0
12507	33263340-324387-0-0	korrespondent.one	0.000072	1	0	0
11905	54675456-344643-0-0	www.omskinform.ru	0.000008	1	0	0
12507	93584132-938732-0-0	wer-ru.turbopages.org	0.000008	3	0	0
11858	47669093-650320-0-0	vemiru.ru	0.000072	1	0	0
12509	883984-55588-0-0	www.popcornnews.ru	0.000008	1	0	0
12512	947233-32088-0-0	realmeteo.ru	0.000008	1	0	0
9866	0-216200-0-0	360tv.ru	0.000072	4	0	0
11858	1560494-660797-0-0	mail.rambler.ru	0.000008	2	0	0
8669	6d4e33980ff0d340926898fa68e2f0cf-ac0cfa0dfcc0909ac	trinixy.ru	0.000072	1	0	0
9869	0-187544-0-0	www.kleo.ru	0.000072	1	0	0
11858	874982-46249-0-0	svpressa.ru	0.000008	1	0	0
11857	1560494-670776-0-0	mail.rambler.ru	0.000008	1	0	0
11904	73622320-500250-0-0	ktv-ray.ru	0.000008	1	0	0
11864	6438395-142108-0-0	e.mail.ru	0.000008	167	0	0
11865	4782430-188668-0-0	www.glaz.tv	0.000072	1	0	0
12507	24121608-484795-0-0	forum.valetudo.ru	0.000008	1	0	0
11864	65101275-575586-0-0	love.ngs.ru	0.000008	2	0	0
11909	414045-48539-0-0	www.car72.ru	0.000008	1	0	0
11905	452669-10552-0-0	www.tutu.ru	0.000008	2	0	0
11865	93547635-1282495-0-0	samelectrik.ru	0.000008	1	0	0
11864	1367027-341172-0-0	www.stroka.mapts.ru	0.000008	1	0	0
12507	4971922-136726-0-0	www.revda-info.ru	0.000008	1	0	0
9866	0-187544-0-0	genshin-impact.fandom.com	0.000072	1	0	0
13606	fc25796c-7d55-475a-a272-a90d7604e93b-605074-0-0	zetserial.online	0.000007	1	0	0
11868	371996-604546-0-0	wikiway.com	0.000008	1	0	0
12507	30414588-284610-0-0	magija--vkusa-ru.turbopages.org	0.000008	2	0	0
12509	31288308-214714-0-0	magya-online.ru	0.000008	1	0	0
12507	2103170-497885-0-0	dni24-com.turbopages.org	0.000008	2	0	0
14055	0-216200-0-0	m.7days.ru	0.000072	1	0	0
13156	23821-142923-Mintegral-Match^20Hit^20-^20Puzzle^20Fighter	com.combo.matcher	0.000574	1	0	0
11909	55326833-350803-0-0	news.ru	0.000008	1	0	0
11865	92093171-1249204-0-0	tinmertad.cf	0.000008	1	0	0
11865	94975327-1284554-0-0	vortexnews.ru	0.000008	1	0	0
11858	471024-17376-0-0	forum.ners.ru	0.000008	1	0	0
11865	33263340-264961-0-0	smo333.com	0.000008	1	0	0
11858	65101275-575584-0-0	www.e1.ru	0.000008	2	0	0
14056	0-187544-0-0	sonnik.expert	0.000072	4	0	0
11905	87936520-601046-0-0	www.mamba.ru	0.000008	5	0	0
14051	15740-84281038-0-My^20Singing^20Monsters	com.bigbluebubble.singingmonsters.full	0.000574	3	0	0
12507	7687782-253370-0-0	anews-com.turbopages.org	0.000008	1	0	0
11904	87276007-592219-0-0	www.mk.ru	0.000072	2	0	0
11857	1560494-225219-0-0	news-rambler-ru.turbopages.org	0.000008	2	0	0
11865	93335226-830873-0-0	www.eg.ru	0.000008	3	0	0
12507	92147898-844155-0-0	banya10-ru.turbopages.org	0.000008	1	0	0
11858	51898059-628750-0-0	glavkniga.ru	0.000008	3	0	0
11909	1251761-320820-0-0	telead.ru	0.000008	1	0	0
12176	1-0	com.openmygame.games.android.wordpizza	0.000574	4	0	0
11868	65101275-579344-0-0	doctorpiter.ru	0.000008	1	0	0
12367	0-187544-0-0	www.mk.ru	0.000072	1	0	0
11909	1011571-227717-0-0	argumenti-ru.turbopages.org	0.000008	1	0	0
14051	15745-2299633512-0-Аналоги^20лекарств	ru.watchmyph.analogilekarstv	0.000574	1	0	0
12509	73222433-496671-0-0	shapito.d3.ru	0.000008	1	0	0
11858	8176469-155098-0-0	forum.na-svyazi.ru	0.000008	1	0	0
14051	15740-2264141025-0-Word^20Pizza^20-^20Word^20Games^20Puzzles	com.openmygame.games.android.wordpizza	0.000574	15	0	0
9012	36195-472385-0-0	www.mk.ru	0.000061	1	0	0
12507	65101275-575584-0-0	www.e1.ru	0.000008	1	0	0
12509	65949452-563305-0-0	www.kp.ru	0.000008	1	0	0
11909	3598907-324656-0-0	7days-ru.turbopages.org	0.000008	1	0	0
12507	1114383-242664-0-0	avtonovostidnya-ru.turbopages.org	0.000008	1	0	0
13001	01e8712362743fe5e30d5358197295c3-843a47456fc79dfeb	ru.watchmyph.analogilekarstv	0.000574	3	0	0
11858	57197775-386896-0-0	portofranko-vl.ru	0.000008	1	0	0
12507	10018531-216742-0-0	1tulatv.ru	0.000008	1	0	0
12507	6509802-145530-0-0	autotopik-ru.turbopages.org	0.000008	1	0	0
12367	0-187544-0-0	www.astromeridian.ru	0.000072	1	0	0
11858	650894-137154-0-0	www.reviewdetector.ru	0.000008	2	0	0
12507	42813817-276165-0-0	znak-com.turbopages.org	0.000008	1	0	0
14051	15740-815029490-0-Imposter^20Smashers^20-^20Fun^20io^20games	com.casual.impostor.smasher	0.000574	1	0	0
11865	91411553-671414-0-0	intrigue.dating	0.000008	2	0	0
12507	26809064-635417-0-0	kslift.ru	0.000008	1	0	0
11858	46942132-289585-0-0	ucrazy.ru	0.000008	1	0	0
11858	2050914-751853-0-0	nauka.club	0.000008	1	0	0
11865	95235635-1301029-0-0	samelectrik.ru	0.000008	1	0	0
11909	36493473-331129-0-0	primpress.ru	0.000008	4	0	0
12507	2960135-423317-0-0	konkurent.ru	0.000008	4	0	0
12507	39077187-262482-0-0	teksty-pesenok.ru	0.000072	1	0	0
12803	0-222025-0-0	sunhome.ru	0.000574	6	0	0
11865	95025266-1281684-0-0	2022g.ru	0.000008	1	0	0
14055	0-187544-0-0	nversia.ru	0.000072	1	0	0
11909	439048-59888-0-0	gazeta.spb.ru	0.000008	1	0	0
11868	55326833-350803-0-0	news.ru	0.000008	1	0	0
11865	30570339-681432-0-0	svpressa.ru	0.000008	1	0	0
14055	0-187544-0-0	m.7days.ru	0.000072	1	0	0
9868	0-187544-0-0	www.eg.ru	0.000072	1	0	0
11864	89834739-627758-0-0	www.meteonova.ru	0.000008	1	0	0
12507	6123545-141095-0-0	empiremam.com	0.000008	1	0	0
12507	7664547-442805-0-0	m--strana-ru.turbopages.org	0.000008	2	0	0
12509	65949452-453595-0-0	rg.ru	0.000008	5	0	0
11858	302674-6561-0-0	baraholka.com.ru	0.000008	1	0	0
12507	5092869-134625-0-0	echo.msk.ru	0.000008	1	0	0
12507	25583872-544319-0-0	romangarden.ru	0.000008	1	0	0
12509	65949452-515704-0-0	teleprogramma.pro	0.000072	5	0	0
11865	897669-56459-0-0	pikabu.ru	0.000008	1	0	0
13001	a186cbb009abed20ab216cd69ec8a95b-843a47456fc79dfeb	ru.watchmyph.analogilekarstv	0.000574	4	0	0
11860	2390032-357688-0-0	www.msn.com	0.000008	4	0	0
11868	70390261-1242416-0-0	golosros.ru	0.000008	2	0	0
11909	915412-108160-0-0	1prime.ru	0.000008	1	0	0
9866	0-187544-0-0	studiohd.org	0.000072	1	0	0
11865	91778881-1241921-0-0	opttorgnsk.ru	0.000008	1	0	0
12507	7687782-448212-0-0	profile.ru	0.000072	6	0	0
11909	5550422-138437-0-0	m.tvzvezda.ru	0.000008	1	0	0
11865	2299035-440279-0-0	app-97737.games.s3.yandex.net	0.000008	1	0	0
12509	65949452-1215721-0-0	www.tourprom.ru	0.000008	2	0	0
14051	15740-988656518-0-Water^20Sort^20Puzzle^20-^20Color^20Sortin	com.gma.water.sort.puzzle	0.000574	5	0	0
12507	38661274-281904-0-0	tengrinews.kz	0.000008	1	0	0
11864	71813031-490450-0-0	www.gismeteo.ru	0.000008	1	0	0
11909	41296583-270827-0-0	pol-exp.com	0.000008	1	0	0
12507	38824859-261447-0-0	daily-motor.ru	0.000008	1	0	0
12507	91159049-655744-0-0	remanga.org	0.000008	1	0	0
12509	6746465-142629-0-0	hh.ru	0.000008	1	0	0
11905	2112549-91685-0-0	vkusno.mirtesen.ru	0.000008	1	0	0
11865	6470026-1225601-0-0	sochi24.tv	0.000008	2	0	0
11868	50521278-327084-0-0	360tv-ru.turbopages.org	0.000008	2	0	0
11909	65443695-449419-0-0	www.ok-magazine.ru	0.000008	3	0	0
14051	15737-1017125893-0-0	ru.litres.android.readfree	0.000574	2	0	0
11857	7632479-149419-0-0	riafan-ru.turbopages.org	0.000008	1	0	0
11864	7773941-267937-0-0	proavto21.ru	0.000008	1	0	0
12507	31288308-214714-0-0	magya-online.ru	0.000008	6	0	0
11857	92519834-1238377-0-0	muzonov.net	0.000008	1	0	0
9866	0-187544-0-0	www.kleo.ru	0.000072	1	0	0
11904	48084745-293947-0-0	mediametrics.ru	0.000008	1	0	0
11864	6539562-142065-0-0	barnaul.zarplata.ru	0.000008	1	0	0
11868	47032359-1231417-0-0	aliexpress-na-russkom.ru	0.000008	1	0	0
12512	71813031-490450-0-0	www.gismeteo.ru	0.000008	4	0	0
12507	3536686-170218-0-0	medaboutme-ru.turbopages.org	0.000008	1	0	0
12507	8381155-721620-0-0	bankiros-ru.turbopages.org	0.000008	3	0	0
11909	951248-48398-0-0	m.infox.ru	0.000008	1	0	0
11868	509629-29789-0-0	rg.ru	0.000008	1	0	0
14051	0c6111c48eaf1f75eb171967a3ef8f7c-776393693-0-Water	com.gma.water.sort.puzzle	0.000574	1	0	0
11857	5092531-223754-0-0	m.ura.news	0.000008	3	0	0
12176	8083-0	com.openmygame.games.android.wordpizza	0.000574	7	0	0
12507	38003043-351263-0-0	grazdano4ka.ru	0.000008	1	0	0
11909	26809064-690609-0-0	udobno77.ru	0.000008	2	0	0
12512	980566-48186-0-0	sociologicheskaya.academic.ru	0.000008	1	0	0
11909	90016086-630836-0-0	otabletkah.ru	0.000008	1	0	0
12507	6601699-142265-0-0	ilive-com-ua.turbopages.org	0.000008	3	0	0
11864	6557105-250544-0-0	www.interfax.ru	0.000072	1	0	0
11909	51452342-1209672-0-0	quiz-and-facts.com	0.000008	1	0	0
9866	0-216200-0-0	www.lentainform.com	0.000072	7	0	0
11904	8054248-216855-0-0	ir-center.ru	0.000008	2	0	0
11857	69816178-629442-0-0	kickscontest.ru	0.000008	1	0	0
11858	473106-94916-0-0	anekdotov.net	0.000008	1	0	0
11868	7131413-144524-0-0	24gadget.ru	0.000008	1	0	0
12507	53860057-339287-0-0	prufy.ru	0.000008	1	0	0
11865	3281497-136716-0-0	m.sport-express.ru	0.000072	1	0	0
11864	91122342-653694-0-0	fanat1k.ru	0.000008	1	0	0
11858	93056858-757385-0-0	synapsenet.ru	0.000008	1	0	0
11904	91864497-705190-0-0	www.domnika.ru	0.000008	1	0	0
11909	93836300-1210014-0-0	www.bolshoyvopros.ru	0.000008	3	0	0
11857	1180293-56287-0-0	www.kaluga-poisk.ru	0.000008	2	0	0
12507	51526388-237403-0-0	povarenok-ru.turbopages.org	0.000008	1	0	0
9869	0-187544-0-0	profile.ru	0.000072	11	0	0
11904	5510286-138138-0-0	razlozhi.ru	0.000008	3	0	0
11909	2383913-150207-0-0	katalogi-tovarov-ceny.ru	0.000008	1	0	0
11868	18373836-407993-0-0	www.u-mama.ru	0.000008	1	0	0
11857	42813817-276165-0-0	www.znak.com	0.000008	1	0	0
12367	0-187544-0-0	m.7days.ru	0.000072	1	0	0
14051	15737-1017125893-0-0	com.openmygame.games.android.wordsearchsea	0.000574	25	0	0
12509	65949452-548324-0-0	mel.fm	0.000008	2	0	0
11857	51468706-330066-0-0	m.vz.ru	0.000008	6	0	0
11909	36493473-331129-0-0	primpress.ru	0.000072	1	0	0
11909	52754553-334303-0-0	gazeta.a42.ru	0.000008	1	0	0
11868	1560494-485869-0-0	lenta.ru	0.000072	1	0	0
12507	45631028-284633-0-0	legkayaeda-ru.turbopages.org	0.000008	1	0	0
12507	737991-54232-0-0	moe--online-ru.turbopages.org	0.000008	1	0	0
11860	31256329-496537-0-0	ideas.homechart.ru	0.000008	1	0	0
12513	51898059-1273906-0-0	remont-book.com	0.000008	1	0	0
14051	15737-1017125893-0-0	com.games.joinblocks	0.000574	3	0	0
12509	94959568-1279348-0-0	volna-murom.ru	0.000008	6	0	0
12507	1801033-247350-0-0	mangalib.me	0.000072	3	0	0
11857	36143836-272894-0-0	car-ru.turbopages.org	0.000008	1	0	0
11865	6557105-250544-0-0	www.interfax.ru	0.000008	3	0	0
12507	90720690-643887-0-0	mir-knig.com	0.000008	4	0	0
12507	570920-38708-0-0	news.vtomske.ru	0.000008	1	0	0
10009	65bd063b3720d703fa73072dcabb277a-9c78d4358b08e3587	turkcinema.org	0.000072	1	0	0
11857	92519834-1223907-0-0	ru.drivemusic.me	0.000008	1	0	0
12509	89976696-630193-0-0	overclockers.ru	0.000072	1	0	0
11857	52754553-334303-0-0	gazeta.a42.ru	0.000008	1	0	0
12507	2076965-90081-0-0	calculator-credit.ru	0.000008	1	0	0
11905	2112549-91685-0-0	mirtesen.ru	0.000008	10	0	0
11857	7687782-448212-0-0	profile.ru	0.000072	6	0	0
11857	1255536-253752-0-0	zooportal.pro	0.000008	1	0	0
12512	51898059-1238537-0-0	ucrazy.ru	0.000008	2	0	0
11864	6438395-147024-0-0	horo.mail.ru	0.000008	2	0	0
11865	598804-110915-0-0	pervouralsk.ru	0.000008	1	0	0
12507	91624402-825518-0-0	fedpress-ru.turbopages.org	0.000008	1	0	0
11857	3049060-115805-0-0	ng-ru.turbopages.org	0.000008	1	0	0
12507	87276007-606542-0-0	mk-ru.turbopages.org	0.000008	3	0	0
11904	3281497-136716-0-0	m.sport-express.ru	0.000008	2	0	0
12507	65101275-684050-0-0	starhit-ru.turbopages.org	0.000008	1	0	0
12507	9132820-163508-0-0	vesiskitim-ru.turbopages.org	0.000008	1	0	0
12507	91864171-708690-0-0	vesti-ru.turbopages.org	0.000008	1	0	0
11865	3458247-287265-0-0	spinatitana.com	0.000008	1	0	0
11904	3597768-675205-0-0	algagroup.su	0.000008	1	0	0
14051	15740-2083222112-0-Читай^20бесплатно	ru.litres.android.readfree	0.000574	2	0	0
11865	91411553-671414-0-0	intrigue.dating	0.000072	1	0	0
12507	34915964-244880-0-0	graziamagazine-ru.turbopages.org	0.000008	1	0	0
12509	65949452-542792-0-0	radiokp.ru	0.000008	5	0	0
12507	94450274-1248247-0-0	mobilych.com.ua	0.000008	10	0	0
11858	409383-1371-0-0	www.8a.ru	0.000008	1	0	0
11858	1124250-54642-0-0	krsk.au.ru	0.000008	1	0	0
11864	86702498-588350-0-0	www.mirf.ru	0.000008	1	0	0
11865	54817670-462057-0-0	tale.su	0.000008	1	0	0
11904	3939092-126691-0-0	trud-ost.ru	0.000008	1	0	0
11904	82182983-561692-0-0	vyborexperta.ru	0.000008	2	0	0
14051	0c6111c48eaf1f75eb171967a3ef8f7c-2123127110-0-Чи	ru.litres.android.readfree	0.000574	7	0	0
12507	57585354-392072-0-0	potokmedia.ru	0.000008	1	0	0
12507	89976696-630193-0-0	overclockers.ru	0.000008	1	0	0
12509	49905584-324706-0-0	sport24.ru	0.000008	1	0	0
11860	71813031-490450-0-0	www.gismeteo.ru	0.000008	3	0	0
12507	68133542-467211-0-0	osnmedia-ru.turbopages.org	0.000008	2	0	0
8669	d02ff298d7e9598c6b823222406f7da7-4ffa511090f592d2d	101.ru	0.000072	3	0	0
11909	6438395-353896-0-0	lady.mail.ru	0.000008	2	0	0
12507	41544213-593561-0-0	coronavirus--hub-ru.turbopages.org	0.000008	1	0	0
12507	93836300-1210023-0-0	www.remotvet.ru	0.000008	2	0	0
11904	93840627-1207269-0-0	finecooking.ru	0.000008	1	0	0
12507	69891566-602765-0-0	udipedia-life.ru	0.000008	1	0	0
12509	33530085-232061-0-0	barnaul.cian.ru	0.000008	1	0	0
12507	33720538-234760-0-0	grazhdaninu.com	0.000008	1	0	0
12507	38189721-260200-0-0	esttat-ru.turbopages.org	0.000008	2	0	0
11857	7687782-448212-0-0	profile.ru	0.000008	3	0	0
11868	5314155-136380-0-0	dni.ru	0.000008	1	0	0
11857	87936520-601046-0-0	www.mamba.ru	0.000008	1	0	0
12507	39781679-720502-0-0	moreprodukt.info	0.000008	1	0	0
11909	8562776-751411-0-0	dni.ru	0.000008	5	0	0
11868	4697728-665960-0-0	azerbaycan.su	0.000008	1	0	0
13001	3c1012fa5deecb8a8145d87ad1b3854b-7484587f8f639b2c0	com.gma.ball.sort.color.water.puzzle	0.000574	1	0	0
11857	3849096-126345-0-0	www.gorodche.ru	0.000008	2	0	0
12507	93748418-985237-0-0	cook--s-ru.turbopages.org	0.000008	3	0	0
11860	2112549-91685-0-0	bazaistoria.ru	0.000008	1	0	0
11905	1150722-343724-0-0	imageban.ru	0.000008	1	0	0
12507	18373836-579316-0-0	ya-znamenit.ru	0.000008	1	0	0
11857	46153279-1232837-0-0	105-games.ru	0.000008	2	0	0
12507	91864171-708690-0-0	www.vesti.ru	0.000072	1	0	0
13251	1-0	com.dancing.smash.hop.game.tiles.circles.beat.paino	0.000162	1	0	0
11909	87276007-592219-0-0	www.mk.ru	0.000008	1	0	0
11909	33253495-284144-0-0	ooogp.ru	0.000008	3	0	0
14051	15740-4193178962-0-The^20Superhero^20League	com.onebutton.mrsuper	0.000574	1	0	0
12507	5350121-136704-0-0	football.kulichki.net	0.000008	1	0	0
12507	3046664-278919-0-0	sunhome-ru.turbopages.org	0.000008	3	0	0
12507	54975295-401710-0-0	mysekret-ru.turbopages.org	0.000008	2	0	0
12507	421377-258196-0-0	b17-ru.turbopages.org	0.000008	1	0	0
12507	45814791-726322-0-0	tokzamer.ru	0.000008	1	0	0
12507	92686662-992078-0-0	yamaha-volga.ru	0.000008	1	0	0
12507	94959568-1281606-0-0	timnews.ru	0.000008	6	0	0
11857	1560494-225212-0-0	championat-com.turbopages.org	0.000008	2	0	0
12368	0-187544-0-0	nversia.ru	0.000072	2	0	0
11857	24111355-1291364-0-0	readmanga.io	0.000008	2	0	0
11858	6539562-142065-0-0	chelyabinsk.zarplata.ru	0.000008	1	0	0
11864	37098483-256588-0-0	oktools.ru	0.000008	1	0	0
14056	0-216200-0-0	teleprogramma.pro	0.000072	14	0	0
12507	91235966-660718-0-0	lifehacker-ru.turbopages.org	0.000008	4	0	0
11858	7931868-587033-0-0	4avenue.ru	0.000008	1	0	0
11865	36882225-267966-0-0	rusvesna.su	0.000008	1	0	0
14051	3c1012fa5deecb8a8145d87ad1b3854b-3776106267-0-Gold	com.redcell.goldandgoblins	0.000574	5	0	0
8592	6d4e33980ff0d340926898fa68e2f0cf-ac0cfa0dfcc0909ac	doramy.top	0.000072	1	0	0
9012	41818-570852-0-0	360tv.ru	0.000061	1	0	0
11909	985920-49912-0-0	www.vidal.ru	0.000008	1	0	0
11909	5092869-134625-0-0	echo.msk.ru	0.000008	1	0	0
11868	2412782-419507-0-0	m.avito.ru	0.000008	19	0	0
11864	91072570-651429-0-0	kanobu.ru	0.000008	2	0	0
11909	87276007-592219-0-0	www.mk.ru	0.000072	3	0	0
9869	0-187544-0-0	www.eg.ru	0.000072	1	0	0
12509	30477641-200831-0-0	www.trud.com	0.000008	1	0	0
11909	33397807-230529-0-0	m.tsargrad.tv	0.000072	2	0	0
11909	87276007-592220-0-0	www.avtovzglyad.ru	0.000008	1	0	0
11868	71885840-490795-0-0	www.nur.kz	0.000008	1	0	0
9866	0-187544-0-0	doctorpiter.ru	0.000072	3	0	0
11868	503611-30324-0-0	nazran.blizko.ru	0.000008	1	0	0
12507	2412782-419507-0-0	m.avito.ru	0.000008	38	0	0
11864	65101275-575584-0-0	www.e1.ru	0.000008	3	0	0
11865	897669-460527-0-0	pikabu.ru	0.000008	3	0	0
12507	94959568-1279348-0-0	volna-murom.ru	0.000008	3	0	0
12507	36143836-272894-0-0	car-ru.turbopages.org	0.000008	1	0	0
11857	8381155-721620-0-0	bankiros-ru.turbopages.org	0.000008	1	0	0
12507	65101275-576002-0-0	ngs42.ru	0.000008	1	0	0
11857	41024324-269005-0-0	hibinform.ru	0.000008	1	0	0
12507	7687782-448212-0-0	profile.ru	0.000008	11	0	0
11857	67926444-465660-0-0	np-mag.ru	0.000008	1	0	0
11904	51452342-452088-0-0	abnews.ru	0.000008	1	0	0
12509	33530085-232061-0-0	spb.cian.ru	0.000008	1	0	0
12507	4360456-149156-0-0	www.kremlinrus.ru	0.000008	1	0	0
11868	965566-175007-0-0	nplus1.ru	0.000008	1	0	0
11864	3420410-122989-0-0	ufa.regmarkets.ru	0.000008	1	0	0
11865	54770757-1313018-0-0	trewq.ru	0.000008	1	0	0
13683	42666-622170-0-0	profile.ru	0.000061	4	0	0
9866	0-187544-0-0	stalker.fandom.com	0.000072	1	0	0
11868	51898059-577766-0-0	autosport.com.ru	0.000008	1	0	0
12507	91083793-1238392-0-0	jobeka.com	0.000008	1	0	0
11857	71191770-486682-0-0	mainstyles.ru	0.000008	1	0	0
11857	728568-69138-0-0	pozdravok.ru	0.000008	1	0	0
12509	65949452-453151-0-0	echo.msk.ru	0.000008	1	0	0
12803	0-215091-0-0	amedia.online	0.000574	4	0	0
11857	1710420-559721-0-0	sudba-cheloveka.ru	0.000072	1	0	0
11909	7773941-495526-0-0	votistoriya.ru	0.000008	1	0	0
12512	4624495-130614-0-0	www.vazhno.ru	0.000008	1	0	0
11904	498578-26254-0-0	www.kp.ru	0.000008	2	0	0
11857	1943371-83032-0-0	psy--magic-org.turbopages.org	0.000008	1	0	0
8669	b2ebca6eba370ba3ec81c0c930b1fa58-d3bde000fb296fb5a	1progs.ru	0.000072	1	0	0
11909	6438395-457268-0-0	youla.ru	0.000008	1	0	0
11858	5332802-136546-0-0	saratov.kupiprodai.ru	0.000008	1	0	0
11858	1718328-141569-0-0	cont.ws	0.000008	3	0	0
11865	91356535-1279482-0-0	consmed.ru	0.000008	1	0	0
14055	0-187544-0-0	www.om1.ru	0.000072	2	0	0
11909	59910739-411277-0-0	medikforum-ru.turbopages.org	0.000008	1	0	0
11909	571882-179756-0-0	az.sputniknews.ru	0.000008	1	0	0
12507	1801033-247350-0-0	mangalib.me	0.000008	2	0	0
11865	2412782-419506-0-0	www.avito.ru	0.000008	87	0	0
12507	2412782-419506-0-0	www.avito.ru	0.000008	4	0	0
9012	33827-604478-0-0	www.film.ru	0.000061	1	0	0
12509	65949452-515704-0-0	teleprogramma.pro	0.000008	5	0	0
11791	8d0aaacfbe818c2738616522fb056826-e8a44c1b1fad74dec	www.myshared.ru	0.000072	2	0	0
12509	73222433-496671-0-0	baraholka.d3.ru	0.000008	1	0	0
11909	3598907-341096-0-0	auth.wi-fi.ru	0.000008	1	0	0
13001	ba445a848a4f48539a14d3bcb2b3ec28-958e255d322386e6b	tsargrad.tv	0.000897	22	22	0
11791	65bd063b3720d703fa73072dcabb277a-9c78d4358b08e3587	i-znatok.ru	0.000008	1	0	0
11909	4100839-54830-0-0	www.newsler.ru	0.000008	5	0	0
12507	3022185-115191-0-0	www.russiapost.su	0.000008	1	0	0
11865	91517824-736212-0-0	boxkarton.ml	0.000008	1	0	0
11864	6438395-147025-0-0	my.mail.ru	0.000072	2	0	0
12507	1600226-68252-0-0	ulanude.bezformata.com	0.000008	1	0	0
12507	89976696-630193-0-0	overclockers-ru.turbopages.org	0.000008	1	0	0
11904	30477641-200831-0-0	www.trud.com	0.000008	2	0	0
11909	65101275-579334-0-0	www.vokrugsveta.ru	0.000008	1	0	0
11868	7234779-162377-0-0	www.kommersant.ru	0.000072	1	0	0
10717	26694-78050-0-0	www.popcornnews.ru	0.000142	1	0	0
12507	504193-28011-0-0	zr-ru.turbopages.org	0.000008	2	0	0
12507	26809064-675583-0-0	avtika.ru	0.000008	1	0	0
14055	0-187544-0-0	deita.ru	0.000072	3	0	0
11868	51898059-1273905-0-0	avtozakony.ru	0.000008	1	0	0
11857	1560494-348664-0-0	lenta-ru.turbopages.org	0.000008	11	0	0
11909	6734741-142545-0-0	www.drive2.ru	0.000008	3	0	0
12507	1095170-279398-0-0	www.gtavicecity.ru	0.000008	1	0	0
11909	31446184-387162-0-0	www.business.ru	0.000072	1	0	0
11858	87936520-601046-0-0	www.mamba.ru	0.000008	2	0	0
14056	0-216200-0-0	360tv.ru	0.000072	1	0	0
11858	471383-17418-0-0	www.bmwclub.ru	0.000008	1	0	0
11858	9486813-188518-0-0	stykrf.ru	0.000008	1	0	0
11868	50521278-468259-0-0	360tv.ru	0.000008	1	0	0
12507	59910739-411277-0-0	medikforum-ru.turbopages.org	0.000008	1	0	0
12507	985920-49912-0-0	www.vidal.ru	0.000008	1	0	0
11865	91774418-709498-0-0	toyota-chr2.ru	0.000008	2	0	0
13001	ba445a848a4f48539a14d3bcb2b3ec28-958e255d322386e6b	tsargrad.tv	0.000574	505	0	0
12507	1412746-1242280-0-0	routes.votpusk.ru	0.000008	1	0	0
11857	7295714-153743-0-0	russian.rt.com	0.000072	1	0	0
11865	5472396-149551-0-0	zooeco.com	0.000008	1	0	0
12507	93836300-1210014-0-0	www.bolshoyvopros.ru	0.000008	1	0	0
11858	65101275-575586-0-0	ngs.ru	0.000008	4	0	0
11909	61657907-412959-0-0	m.spletnik.ru	0.000008	2	0	0
11868	93016036-755726-0-0	lafoy.ru	0.000008	1	0	0
11868	18373836-582153-0-0	designwiki.ru	0.000008	2	0	0
11909	86314102-586150-0-0	seyminfo-ru.turbopages.org	0.000008	1	0	0
9866	0-187544-0-0	m.7days.ru	0.000072	5	0	0
12507	59767463-727863-0-0	book-online.com.ua	0.000008	1	0	0
11858	1386626-1294341-0-0	readmanga.io	0.000008	1	0	0
12507	6734741-154950-0-0	drive2-ru.turbopages.org	0.000008	4	0	0
11864	2412782-189903-0-0	www.avito.ru	0.000008	3	0	0
11909	463520-288821-0-0	russo-travel.ru	0.000008	2	0	0
11868	51898059-1263934-0-0	podborkino.com	0.000008	1	0	0
12507	42813817-276165-0-0	www.znak.com	0.000008	4	0	0
12507	2396519-143601-0-0	vashipitomcy.ru	0.000008	1	0	0
9866	0-216200-0-0	nversia.ru	0.000072	1	0	0
12507	1124250-54642-0-0	krsk.au.ru	0.000008	3	0	0
12507	31446184-387162-0-0	www.business.ru	0.000008	1	0	0
11905	2112549-91685-0-0	kvartira.mirtesen.ru	0.000008	1	0	0
13156	20368-132738-Mintegral-Water^20Sort^20Puzzle^20-^20Color^20S	com.gma.water.sort.puzzle	0.000574	1	0	0
12367	0-187544-0-0	www.eg.ru	0.000072	1	0	0
12507	498578-196262-0-0	kp-ru.turbopages.org	0.000008	2	0	0
9866	0-216200-0-0	m.7days.ru	0.000072	2	0	0
9013	42917-616717-0-0	turkcinema.org	0.000061	1	0	0
11909	1180293-56287-0-0	www.kaluga-poisk.ru	0.000008	3	0	0
13686	40517-489803-0-0	yap.ru	0.000007	2	0	0
11857	31734734-354099-0-0	m.tabor.ru	0.000008	7	0	0
11858	5057911-135142-0-0	www.lytkarino.su	0.000008	1	0	0
11868	27064358-192495-0-0	pravoved.ru	0.000008	4	0	0
13680	40621-605301-0-0	addicted2success.ml	0.000007	1	0	0
12507	3293020-129405-0-0	cosmo-ru.turbopages.org	0.000008	1	0	0
11858	73147933-495963-0-0	makeword.ru	0.000008	1	0	0
11857	65101275-446888-0-0	www.ellegirl.ru	0.000008	2	0	0
11791	8d0aaacfbe818c2738616522fb056826-dcdd9656b2ab85c5a	www.hobobo.ru	0.000072	1	0	0
11868	1412746-1207820-0-0	m.iamcook.ru	0.000008	1	0	0
12509	33530085-232061-0-0	belgorod.cian.ru	0.000008	1	0	0
11904	92386429-1241104-0-0	tvrf.city	0.000008	1	0	0
12507	494474-102843-0-0	otzovik.com	0.000008	4	0	0
11865	2064639-164017-0-0	classinform.ru	0.000008	1	0	0
11868	3090793-147280-0-0	pravoved.ru	0.000008	9	0	0
10006	ca654b374f13c0db6bf49b3216be57be-1271477a5e0e83af9	mt.360tv.ru	0.000072	1	0	0
11909	83384515-567219-0-0	orenday.ru	0.000008	1	0	0
13686	40517-489803-0-0	www.yaplakal.com	0.000007	1	0	0
11858	6746465-142629-0-0	chita.hh.ru	0.000008	1	0	0
9866	0-187544-0-0	360tv.ru	0.000072	1	0	0
12513	18373836-575903-0-0	royallib.com	0.000008	1	0	0
11865	6438395-248298-0-0	youla.ru	0.000008	1	0	0
9012	41316-586119-0-0	m.7days.ru	0.000061	3	0	0
12507	82182983-561692-0-0	vyborexperta.ru	0.000008	1	0	0
8669	3938cf97ea84e2a9485f979e908bda87-6dd7f7a279120d51b	www.playground.ru	0.000008	3	0	0
11865	93547635-1282300-0-0	rnbee.ru	0.000008	1	0	0
11864	65101275-447164-0-0	love.e1.ru	0.000008	1	0	0
11864	50521278-327084-0-0	360tv.ru	0.000072	1	0	0
12507	61554-32340-0-0	novate-ru.turbopages.org	0.000008	1	0	0
9012	36392-475082-0-0	teleprogramma.pro	0.000061	4	0	0
11909	3293020-129405-0-0	www.cosmo.ru	0.000008	1	0	0
11909	36472703-407939-0-0	cameralabs.org	0.000008	1	0	0
11865	54817670-1313192-0-0	wisely.su	0.000008	1	0	0
11909	56663774-602227-0-0	m.7days.ru	0.000072	1	0	0
11868	86690274-1205217-0-0	www.cyberforum.ru	0.000008	1	0	0
11868	65101275-447131-0-0	e1-ru.turbopages.org	0.000008	1	0	0
11868	71813031-545728-0-0	www.gismeteo.ru	0.000008	7	0	0
12507	1322075-70350-0-0	fb-ru.turbopages.org	0.000008	2	0	0
12507	65101275-577872-0-0	74.ru	0.000008	1	0	0
11909	1628328-148720-0-0	textiletrend.ru	0.000008	1	0	0
11865	464925-287931-0-0	24review.ru	0.000008	1	0	0
11858	34776665-725258-0-0	chelyabinsk.svetofors.ru	0.000008	2	0	0
11857	56336832-381479-0-0	m.tabor.ru	0.000008	3	0	0
11865	30570339-716270-0-0	moevideo.biz	0.000008	1	0	0
12507	504193-28011-0-0	www.zr.ru	0.000008	10	0	0
12507	8562776-751411-0-0	dni.ru	0.000008	2	0	0
11858	8240866-155688-0-0	www.belnovosti.by	0.000008	1	0	0
12507	36493473-331129-0-0	primpress.ru	0.000008	2	0	0
12509	6054515-275371-0-0	translatedlyrics.ru	0.000008	1	0	0
12507	2890052-981250-0-0	joobz.ru	0.000008	1	0	0
12507	87276007-592219-0-0	vologda.mk.ru	0.000072	1	0	0
11868	1974615-260019-0-0	m.pg21.ru	0.000008	1	0	0
11865	94208401-1312628-0-0	jokeru.ru	0.000008	2	0	0
12507	8381155-722011-0-0	apteka-103-by.turbopages.org	0.000008	4	0	0
11865	89459135-727958-0-0	promkomrostov.ru	0.000008	2	0	0
12509	7226200-387097-0-0	doska.plus	0.000008	1	0	0
11865	87936520-601046-0-0	www.mamba.ru	0.000008	1	0	0
12507	7295714-153743-0-0	russian-rt-com.turbopages.org	0.000008	2	0	0
11858	9848988-169283-0-0	kladraz.ru	0.000008	1	0	0
11868	93683367-979907-0-0	aktnews.ru	0.000008	3	0	0
12507	6637323-142353-0-0	cherinfo-ru.turbopages.org	0.000008	2	0	0
11909	33397807-242671-0-0	tsargrad-tv.turbopages.org	0.000008	1	0	0
12507	83311569-574490-0-0	medportal-ru.turbopages.org	0.000008	1	0	0
11857	500274-97839-0-0	uraloved-ru.turbopages.org	0.000008	1	0	0
11865	8067423-154427-0-0	oblast45.ru	0.000008	1	0	0
11860	92686662-743984-0-0	ford-sun.ru	0.000008	1	0	0
11909	5584162-138578-0-0	pda.anekdot.ru	0.000008	1	0	0
11857	68133542-467211-0-0	osnmedia-ru.turbopages.org	0.000008	1	0	0
11858	6416478-143619-0-0	kudamoscow.ru	0.000008	1	0	0
11865	91774418-699282-0-0	gudi1991.ru	0.000008	1	0	0
9866	0-187544-0-0	www.tourprom.ru	0.000072	1	0	0
12507	51020038-328213-0-0	tvsamara-ru.turbopages.org	0.000008	1	0	0
12507	61554-46902-0-0	kulturologia-ru.turbopages.org	0.000008	3	0	0
11865	7975544-153745-0-0	tass.ru	0.000008	1	0	0
11858	1055963-816214-0-0	spaces.im	0.000008	1	0	0
9869	0-187544-0-0	deita.ru	0.000072	2	0	0
11858	51898059-564676-0-0	tayga.info	0.000008	1	0	0
14051	15740-3601073374-0-Gold^20and^20Goblins:^20Idle^20Miner	com.redcell.goldandgoblins	0.000574	7	0	0
11904	3309915-185703-0-0	sovetexpert.ru	0.000008	1	0	0
11904	67572452-463347-0-0	track24.ru	0.000008	1	0	0
11865	9225262-163878-0-0	ndn.info	0.000008	1	0	0
12507	8459955-159174-0-0	rutxt.ru	0.000008	2	0	0
11868	14477514-740793-0-0	sib-fm.turbopages.org	0.000008	1	0	0
11858	91122342-653694-0-0	fanat1k.ru	0.000008	1	0	0
11858	38748038-260973-0-0	www.bashinform.ru	0.000008	1	0	0
9864	0-216200-0-0	m.7days.ru	0.000072	4	0	0
12367	0-216200-0-0	m.7days.ru	0.000072	3	0	0
12507	1591201-108029-0-0	fighttime.ru	0.000008	1	0	0
11858	95171232-1293139-0-0	leboard.ru	0.000008	2	0	0
12507	20304389-188499-0-0	cosmetic--oil-com.turbopages.org	0.000008	1	0	0
11865	30570339-692376-0-0	www.business.ru	0.000008	1	0	0
11868	49608361-418964-0-0	1000.menu	0.000008	1	0	0
11909	548057-52397-0-0	astromeridian-ru.turbopages.org	0.000008	1	0	0
11864	6438395-149027-0-0	tv.mail.ru	0.000008	2	0	0
12507	50363257-327452-0-0	m.beboo.ru	0.000008	2	0	0
11857	91841474-703076-0-0	nevnov-ru.turbopages.org	0.000008	1	0	0
13156	1-com.MadOut.BIG-Appodeal^20SSP-MadOut2^20BCO	com.madout.big	0.000574	2	0	0
12507	46942132-289585-0-0	ucrazy.ru	0.000008	1	0	0
12507	36493473-331129-0-0	primpress.ru	0.000072	1	0	0
11868	51898059-1210844-0-0	m.bombardir.ru	0.000008	1	0	0
12507	91083793-1238391-0-0	ru.jobsora.com	0.000008	3	0	0
11904	56376470-381911-0-0	www.volga-tv.ru	0.000008	1	0	0
11865	91778881-1242277-0-0	ru-shkola.ru	0.000008	1	0	0
11905	6722348-219126-0-0	employment-center.ru	0.000008	1	0	0
14051	15740-3820482807-0-Tile^20Blast^20-^20Matching^20Puzzle^20Ga	com.glorygame.tileblast	0.000574	1	0	0
9866	0-187544-0-0	profile.ru	0.000072	1	0	0
11865	7963130-285152-0-0	lgotywiki.ru	0.000008	1	0	0
11857	11393977-175920-0-0	newslab.ru	0.000008	1	0	0
11858	407197-158840-0-0	lisa.ru	0.000008	1	0	0
11865	1718328-141569-0-0	cont.ws	0.000008	1	0	0
11865	54770757-1313230-0-0	xn----btbkutdbneel0i.xn--p1ai	0.000008	1	0	0
11858	2050914-751853-0-0	nauka.club	0.000072	2	0	0
11865	2890052-600577-0-0	joobis.ru	0.000008	1	0	0
12507	36859922-255561-0-0	medside-ru.turbopages.org	0.000008	1	0	0
11868	897669-56459-0-0	pikabu.ru	0.000008	6	0	0
12507	50363257-326567-0-0	m.loloo.ru	0.000008	1	0	0
14051	15740-4225823591-0-Ball^20Sort^20Color^20Water^20Puzzle^20(E	com.gma.ball.sort.color.water.puzzle	0.000574	1	0	0
11857	49657268-323488-0-0	mastergrad.com	0.000008	1	0	0
12507	7378703-147144-0-0	eadaily.com	0.000008	1	0	0
14051	15745-3857447846-0-Word^20Search^20Sea:^20Unscramble^20wor	com.openmygame.games.android.wordsearchsea	0.000574	1	0	0
12507	50264598-326188-0-0	www.radioc.ru	0.000008	2	0	0
12512	61657907-412959-0-0	www.spletnik.ru	0.000008	1	0	0
12367	0-187544-0-0	deita.ru	0.000072	3	0	0
11868	49905584-324706-0-0	sport24.ru	0.000008	4	0	0
12507	56291972-380221-0-0	moskvichmag-ru.turbopages.org	0.000008	1	0	0
11905	2112549-91685-0-0	handf.mirtesen.ru	0.000008	1	0	0
11909	1381191-61633-0-0	www.predskazanie.ru	0.000008	1	0	0
11865	3293020-125354-0-0	www.goodhouse.ru	0.000008	1	0	0
11857	7664547-442805-0-0	m--strana-ru.turbopages.org	0.000008	1	0	0
11865	76147860-696296-0-0	dosuga.net	0.000008	1	0	0
12513	56953682-478194-0-0	www.inmyroom.ru	0.000008	1	0	0
12509	6746465-148945-0-0	hhcdn.ru	0.000008	3	0	0
11865	35316052-486921-0-0	tstmoskva.ru	0.000008	1	0	0
12507	78925847-636653-0-0	list-vk.com	0.000008	1	0	0
11865	3281497-136716-0-0	m.sport-express.ru	0.000008	2	0	0
12513	1913064-81259-0-0	rusradio.ru	0.000072	1	0	0
12507	87658317-628159-0-0	iia-rf.ru	0.000008	1	0	0
11857	3090793-147280-0-0	pravoved.ru	0.000008	1	0	0
13156	1-ru.litres.android.readfree-Appodeal^20SSP-Чита	ru.litres.android.readfree	0.000574	1	0	0
11864	6812856-142783-0-0	xn---35-6cdk1dnenygj.xn--p1ai	0.000008	1	0	0
11865	6734741-142545-0-0	www.drive2.ru	0.000008	1	0	0
12803	0-222025-0-0	sunhome.ru	0.000854	3	3	1
11865	4100839-54830-0-0	www.newsler.ru	0.000008	1	0	0
12507	3030129-115169-0-0	novokuzneck.unibo.ru	0.000008	1	0	0
9866	0-187544-0-0	skam.online	0.000072	1	0	0
8669	9cac61ff16df285023c6cfe9bf4c9dfe-273528bfa6d28aa1d	www.hobobo.ru	0.000072	1	0	0
11909	2101315-247301-0-0	lifeo.ru	0.000008	1	0	0
12507	39315718-263889-0-0	bimru-ru.turbopages.org	0.000008	1	0	0
11857	1560494-344753-0-0	gazeta-ru.turbopages.org	0.000008	2	0	0
11860	1728009-162266-0-0	www.1tv.ru	0.000008	1	0	0
11904	36494725-252049-0-0	zab.ru	0.000008	1	0	0
11857	2412782-419507-0-0	m.avito.ru	0.000008	20	0	0
14055	0-187544-0-0	turkcinema.org	0.000072	1	0	0
11868	91864171-705182-0-0	smotrim.ru	0.000008	2	0	0
11858	3861955-132680-0-0	forum.cxem.net	0.000008	1	0	0
11909	4718782-280846-0-0	ryfma.com	0.000008	1	0	0
11857	2047853-448511-0-0	tekst-pesni.online	0.000008	1	0	0
12512	5903944-295042-0-0	xpcom.ru	0.000008	1	0	0
11909	74526880-541957-0-0	fishki-net.turbopages.org	0.000008	2	0	0
12507	82862297-564442-0-0	orchardo.ru	0.000008	1	0	0
11909	53807906-383041-0-0	proglazki.ru	0.000008	1	0	0
11864	6438395-147023-0-0	news.mail.ru	0.000008	4	0	0
11868	6557105-490701-0-0	m24-ru.turbopages.org	0.000008	1	0	0
12507	70381402-480827-0-0	tverigrad.ru	0.000008	1	0	0
12507	2201084-424608-0-0	voennoedelo-com.turbopages.org	0.000008	1	0	0
11905	2112549-91685-0-0	ramzianetwork.mirtesen.ru	0.000008	1	0	0
11865	3293020-129405-0-0	www.cosmo.ru	0.000008	1	0	0
11909	93261812-810117-0-0	doramalive.ru	0.000008	4	0	0
11865	54817670-382757-0-0	jokeru.ru	0.000008	1	0	0
11864	498578-732386-0-0	www.kp.ru	0.000008	1	0	0
11857	2983481-409927-0-0	vklist.ru	0.000008	1	0	0
12507	1448522-80672-0-0	medside.ru	0.000008	1	0	0
11909	548057-52397-0-0	www.astromeridian.ru	0.000008	1	0	0
11864	369305-1038-0-0	3dnews.ru	0.000008	1	0	0
12507	897808-247369-0-0	aif-ru.turbopages.org	0.000008	2	0	0
14056	0-187544-0-0	7days.ru	0.000072	1	0	0
12507	1756154-113576-0-0	m.sibkray.ru	0.000008	1	0	0
11865	91281551-663752-0-0	mebeloptovik.ru	0.000008	1	0	0
11857	93335226-830873-0-0	eg-ru.turbopages.org	0.000008	1	0	0
11864	6490011-512550-0-0	www.energiaqi.ru	0.000008	2	0	0
12507	7773941-451031-0-0	vtop21.ru	0.000008	1	0	0
11857	2103170-497885-0-0	dni24-com.turbopages.org	0.000008	1	0	0
12513	65443695-449419-0-0	www.ok-magazine.ru	0.000008	2	0	0
12507	64173066-444849-0-0	radiokp-ru.turbopages.org	0.000008	1	0	0
9866	0-187544-0-0	www.lentainform.com	0.000072	1	0	0
11865	91774534-699275-0-0	avtosotka.ru	0.000008	1	0	0
11865	32815881-248951-0-0	womans.ws	0.000008	2	0	0
11904	1171005-51736-0-0	quote-spy.com	0.000008	1	0	0
12367	0-216200-0-0	tass.ru	0.000072	1	0	0
14055	0-187544-0-0	primpress.ru	0.000072	2	0	0
11909	9462373-184187-0-0	www.greatpicture.ru	0.000072	1	0	0
11864	65101275-575586-0-0	ngs.ru	0.000008	6	0	0
12507	9132820-163510-0-0	vesiskitim-ru.turbopages.org	0.000008	1	0	0
11865	84512616-585914-0-0	francelex.ru	0.000008	1	0	0
10049	3938cf97ea84e2a9485f979e908bda87-be42ed724014c720b	www.yaplakal.com	0.000008	1	0	0
11864	90735060-644220-0-0	otzyv.ru	0.000008	1	0	0
12507	8381155-721631-0-0	lek-103-ua.turbopages.org	0.000008	1	0	0
11865	10526369-256976-0-0	sousec.ru	0.000008	1	0	0
11909	47153782-290659-0-0	expertology.ru	0.000008	1	0	0
11868	1412746-989956-0-0	www.litmir.me	0.000008	1	0	0
11864	7773941-513278-0-0	funnew.ru	0.000008	1	0	0
12507	30936129-264008-0-0	tur--ray-ru.turbopages.org	0.000008	2	0	0
9012	43209-604671-0-0	www.lentainform.com	0.000061	1	0	0
12507	51452342-582170-0-0	news-evi.net	0.000008	1	0	0
12176	1-0	com.games.joinblocks	0.000574	2	0	0
11857	3046664-115800-0-0	sunhome-ru.turbopages.org	0.000008	1	0	0
11858	46431776-287922-0-0	joyreactor.cc	0.000008	1	0	0
14051	0c6111c48eaf1f75eb171967a3ef8f7c-2870763123-0-Word	com.openmygame.games.android.wordpizza	0.000574	22	0	0
11858	5092869-134625-0-0	echo.msk.ru	0.000008	1	0	0
14056	0-216200-0-0	tass.ru	0.000072	1	0	0
12507	8118706-246994-0-0	antennadaily.ru	0.000008	1	0	0
11904	388665-162561-0-0	www.servicebox.ru	0.000008	1	0	0
11857	92519834-734980-0-0	hotplayer.ru	0.000008	1	0	0
12507	62513698-669227-0-0	clinica--opora-ru.turbopages.org	0.000008	2	0	0
11865	7358598-185491-0-0	o-dveryah.ru	0.000008	1	0	0
12507	33530085-232061-0-0	ulan-ude.cian.ru	0.000008	1	0	0
11864	6438395-152034-0-0	hi-tech.mail.ru	0.000008	2	0	0
13677	36195-472385-0-0	www.mk.ru	0.000061	2	0	0
12509	33530085-232061-0-0	irkutsk.cian.ru	0.000008	1	0	0
11857	41021040-590628-0-0	citatko.com	0.000008	1	0	0
12507	45746419-284959-0-0	schlock.ru	0.000072	2	0	0
11857	1710420-559721-0-0	sudba-cheloveka.ru	0.000008	1	0	0
12507	8240866-155688-0-0	www.belnovosti.by	0.000008	3	0	0
11864	31423431-207731-0-0	www.oper.ru	0.000008	2	0	0
11865	7936806-408880-0-0	avtomancar.com	0.000008	1	0	0
12507	36493473-331594-0-0	konkurent.ru	0.000008	10	0	0
11857	2317911-204727-0-0	sci-fi-news.ru	0.000008	1	0	0
12507	29673229-634186-0-0	fix-house.ru	0.000008	1	0	0
9869	0-216200-0-0	nversia.ru	0.000072	1	0	0
12513	6557105-490701-0-0	www.m24.ru	0.000008	1	0	0
11860	51898059-1273905-0-0	avtozakony.ru	0.000008	1	0	0
11858	407197-91828-0-0	burdastyle.ru	0.000008	1	0	0
12507	31446184-207678-0-0	glavbukh-ru.turbopages.org	0.000008	1	0	0
11868	52970779-335320-0-0	www.graycell.ru	0.000008	1	0	0
11865	69816178-587108-0-0	etnoperm.ru	0.000008	2	0	0
11858	87936520-601046-0-0	love.mail.ru	0.000008	1	0	0
11865	494474-102843-0-0	otzovik.com	0.000008	2	0	0
11909	57648680-392466-0-0	onrealt.ru	0.000008	1	0	0
11865	2412782-189903-0-0	www.avito.ru	0.000008	1	0	0
13685	40621-605301-0-0	zetserial.online	0.000007	1	0	0
9011	40517-489803-0-0	www.yaplakal.com	0.000007	1	0	0
11868	523900-231491-0-0	teleprogramma-pro.turbopages.org	0.000008	2	0	0
11865	91778881-710414-0-0	baikalhangkai.ru	0.000008	1	0	0
11909	90720690-643887-0-0	mir-knig.com	0.000008	1	0	0
11858	82182983-561692-0-0	vyborexperta.ru	0.000008	1	0	0
9866	0-187544-0-0	www.film.ru	0.000072	1	0	0
12507	34920327-1204384-0-0	finansopyt.ru	0.000008	1	0	0
11865	3160678-117540-0-0	city-n.ru	0.000072	1	0	0
11909	43061655-276631-0-0	m.vz.ru	0.000008	2	0	0
12507	1728009-162266-0-0	1tv-ru.turbopages.org	0.000008	1	0	0
11857	16951930-184419-0-0	kitchendecorium.ru	0.000072	1	0	0
11909	1306050-98331-0-0	print-post.com	0.000008	1	0	0
11909	2918101-163843-0-0	www.u-mama.ru	0.000008	1	0	0
11868	90735060-647136-0-0	ftour.otzyv.ru	0.000008	1	0	0
11857	38661274-637001-0-0	knigkindom.ru	0.000008	1	0	0
12507	64787259-444503-0-0	domekonom.su	0.000008	1	0	0
12509	91623033-683453-0-0	ekaterinburg.irr.ru	0.000008	1	0	0
11909	897808-247369-0-0	dag-aif-ru.turbopages.org	0.000008	1	0	0
11865	19379947-701880-0-0	genshinpedia.ru	0.000008	1	0	0
11868	71069997-486109-0-0	radioprog.ru	0.000008	1	0	0
12176	8083-0	com.openmygame.games.android.wordsearchsea	0.000574	1	0	0
11865	91329837-666788-0-0	datavyhoda.net	0.000008	1	0	0
11857	7632479-295653-0-0	slovodel.com	0.000008	1	0	0
12507	45324596-283885-0-0	bugaga-ru.turbopages.org	0.000008	1	0	0
12507	87338212-592799-0-0	banyaspec.com	0.000008	2	0	0
11864	6438395-152036-0-0	sportmail.ru	0.000008	2	0	0
11909	1718328-141569-0-0	cont.ws	0.000008	1	0	0
12507	65101275-578603-0-0	www.fontanka.ru	0.000008	1	0	0
11864	49905584-324706-0-0	sport24.ru	0.000008	1	0	0
11909	6557105-250544-0-0	interfax-ru.turbopages.org	0.000008	1	0	0
11858	2412782-189903-0-0	www.avito.ru	0.000008	1	0	0
12507	64173066-443007-0-0	radiokp.ru	0.000008	4	0	0
12507	7340444-146764-0-0	studfile.net	0.000008	1	0	0
12507	70693224-599999-0-0	dachnyuchastok.ru	0.000008	1	0	0
12507	70028346-490244-0-0	offshoreview.eu	0.000072	1	0	0
12507	1237508-57912-0-0	ksonline.ru	0.000008	1	0	0
12507	9848988-169280-0-0	alegri.ru	0.000008	1	0	0
12367	0-216200-0-0	www.eg.ru	0.000072	1	0	0
11864	3849096-126345-0-0	www.gorodche.ru	0.000008	1	0	0
11868	3003711-114821-0-0	russian7.ru	0.000008	1	0	0
12507	435667-56699-0-0	domodedovod.ru	0.000008	1	0	0
12507	1072605-202772-0-0	stroychik-ru.turbopages.org	0.000008	2	0	0
11857	94346353-1289203-0-0	pokupkigoda.com	0.000008	1	0	0
11858	2412782-419506-0-0	www.avito.ru	0.000008	39	0	0
11909	91235966-660718-0-0	lifehacker-ru.turbopages.org	0.000008	1	0	0
11865	92442305-731887-0-0	fan-news.org	0.000008	1	0	0
12507	41519228-343288-0-0	sonnik.expert	0.000008	1	0	0
12507	7738799-150510-0-0	n4k-ru.turbopages.org	0.000008	1	0	0
9864	0-187544-0-0	7days.ru	0.000072	1	0	0
11858	4652173-239821-0-0	www.afanasy.biz	0.000008	1	0	0
11865	3097034-259311-0-0	kakpishem.ru	0.000008	1	0	0
12507	3293020-129367-0-0	popmech-ru.turbopages.org	0.000008	1	0	0
11905	503611-30324-0-0	nsk.blizko.ru	0.000008	2	0	0
12507	2364206-165246-0-0	m.bk55.ru	0.000008	1	0	0
11864	1124250-54642-0-0	krsk.au.ru	0.000008	2	0	0
11865	70028346-490244-0-0	offshoreview.eu	0.000008	1	0	0
14051	15740-3700026058-0-Word^20Search^20Sea:^20Unscramble^20wor	com.openmygame.games.android.wordsearchsea	0.000574	6	0	0
12512	87810737-598884-0-0	acat.online	0.000008	1	0	0
12507	38959772-261795-0-0	pasmi-ru.turbopages.org	0.000008	1	0	0
14051	15740-3006329106-0-Beat^20Racing	com.dancing.smash.hop.game.tiles.circles.beat.piano.beatracing	0.000574	1	0	0
11858	57648680-392466-0-0	onrealt.ru	0.000008	1	0	0
13001	29f7a3f66ea2e082577b3bb5d5126115-843a47456fc79dfeb	ru.watchmyph.analogilekarstv	0.000574	1	0	0
12507	32557352-219549-0-0	remont--avtovaz-ru.turbopages.org	0.000008	1	0	0
12509	24109265-241001-0-0	dekoriko.ru	0.000072	1	0	0
11909	65101275-576825-0-0	ngs24.ru	0.000008	1	0	0
11858	2201084-424608-0-0	voennoedelo.com	0.000008	1	0	0
12368	0-187544-0-0	video.sibnet.ru	0.000072	1	0	0
12507	51898059-1290934-0-0	playmaker24.ru	0.000008	1	0	0
11864	475686-728766-0-0	amedia.online	0.000008	1	0	0
11908	64618363-562341-0-0	www.autoparus.by	0.000008	1	0	0
11904	73222433-496671-0-0	shapito.d3.ru	0.000008	1	0	0
12513	3293020-125354-0-0	www.goodhouse.ru	0.000008	1	0	0
12507	91624402-706089-0-0	blitz.plus	0.000008	1	0	0
11909	91235966-660717-0-0	burninghut-ru.turbopages.org	0.000008	1	0	0
11858	36882225-268047-0-0	cont.ws	0.000008	1	0	0
12507	7295714-153743-0-0	russian.rt.com	0.000072	3	0	0
11909	11648129-176547-0-0	iklife.ru	0.000008	1	0	0
11909	502769-139701-0-0	vashgorod-ru.turbopages.org	0.000008	1	0	0
11857	91864171-708690-0-0	vesti-ru.turbopages.org	0.000008	1	0	0
12507	94072061-1210691-0-0	novostivl-ru.turbopages.org	0.000008	2	0	0
12507	9225262-163878-0-0	ndn-info.turbopages.org	0.000008	1	0	0
11858	2918101-113121-0-0	www.uralweb.ru	0.000072	1	0	0
14051	652f7bf4c8994f0bd9e5dd51b2763ec2-302803945-0-Чи	ru.litres.android.readfree	0.000574	2	0	0
11904	91624402-821997-0-0	fedpress.ru	0.000008	1	0	0
11864	42813817-276165-0-0	www.znak.com	0.000008	1	0	0
11909	1504203-203305-0-0	sarnovosti.ru	0.000008	1	0	0
12507	498578-196262-0-0	crimea-kp-ru.turbopages.org	0.000008	1	0	0
12507	7139667-144398-0-0	astv.ru	0.000008	1	0	0
11864	6539562-142065-0-0	prokopevsk.zarplata.ru	0.000008	1	0	0
12507	73147933-495963-0-0	makeword.ru	0.000008	1	0	0
11865	91864171-708690-0-0	www.vesti.ru	0.000072	1	0	0
11858	24109265-190795-0-0	wlooks.ru	0.000072	1	0	0
11909	824402-44182-0-0	www.koolinar.ru	0.000008	1	0	0
11865	7236874-245014-0-0	privetpeople.ru	0.000008	1	0	0
11865	455101-11704-0-0	www.buhgalteria.ru	0.000008	1	0	0
12513	1913064-81259-0-0	rusradio.ru	0.000008	1	0	0
12507	433984-52194-0-0	dm--st-ru.turbopages.org	0.000008	1	0	0
11909	3849512-125905-0-0	www.liveinternet.ru	0.000008	1	0	0
14051	0c6111c48eaf1f75eb171967a3ef8f7c-4140741343-0-Word	com.openmygame.games.android.wordsearchsea	0.000574	2	0	0
12507	2950439-560624-0-0	novosibirsk.ratingfirmporemontu.ru	0.000008	1	0	0
11868	1412746-754061-0-0	www.litmir.me	0.000008	1	0	0
11865	1124250-54642-0-0	krsk.au.ru	0.000008	2	0	0
11868	1412746-700425-0-0	www.litmir.me	0.000008	1	0	0
12507	86373518-642635-0-0	avtoshark.com	0.000008	1	0	0
11857	1280510-143226-0-0	www.znak.com	0.000008	1	0	0
12513	3293020-129405-0-0	www.cosmo.ru	0.000008	1	0	0
11904	64173066-440960-0-0	radiokp.ru	0.000008	1	0	0
12507	48537776-547400-0-0	jut.su	0.000072	1	0	0
12507	40254011-934267-0-0	srisovki.com	0.000008	1	0	0
12507	8562776-755147-0-0	www.adme.ru	0.000008	1	0	0
11868	1412746-580826-0-0	www.litmir.me	0.000008	1	0	0
12507	7344752-714806-0-0	jut-su.net	0.000008	1	0	0
12507	69891566-602765-0-0	udipedia-live.ru	0.000008	1	0	0
11868	6557105-250544-0-0	m.interfax.ru	0.000072	1	0	0
12507	509629-486824-0-0	rg-ru.turbopages.org	0.000008	1	0	0
11904	51468706-330066-0-0	vz.ru	0.000008	1	0	0
11865	70693224-599999-0-0	dachnyuchastok.ru	0.000008	1	0	0
12507	91624402-735164-0-0	day.ru	0.000008	2	0	0
11865	91778783-1241164-0-0	kardiokbr.ru	0.000008	1	0	0
11865	65101275-447110-0-0	63.ru	0.000008	1	0	0
12507	1528997-89051-0-0	ladyelena.ru	0.000008	1	0	0
11858	1073961-59722-0-0	cmet4uk.ru	0.000008	1	0	0
9866	0-187544-0-0	deita.ru	0.000072	3	0	0
11857	41724942-333441-0-0	libcat.ru	0.000008	1	0	0
13680	35566-608608-0-0	primpress.ru	0.000061	1	0	0
11865	54817670-1312827-0-0	tale.su	0.000008	1	0	0
11909	5306121-710615-0-0	101hairtips.com	0.000008	1	0	0
11864	65101275-447176-0-0	www.nn.ru	0.000008	1	0	0
12507	1180293-56287-0-0	www.kaluga-poisk.ru	0.000008	1	0	0
11905	3485894-159744-0-0	perstni.com	0.000008	1	0	0
11904	3281497-136716-0-0	m.sport-express.ru	0.000072	2	0	0
11865	91329837-672479-0-0	intofilm.ru	0.000008	1	0	0
12507	5350121-136704-0-0	football.kulichki.com	0.000008	1	0	0
12507	33460637-231594-0-0	expert-dacha.pro	0.000008	1	0	0
13156	1582-73636-Роман-DManager^20Browser^20&^20Documents	1091150912	0.000574	1	0	0
11857	5092531-241790-0-0	ura-news.turbopages.org	0.000008	2	0	0
11858	94820217-1266839-0-0	m.progorod43.ru	0.000008	1	0	0
12509	91864171-708690-0-0	www.vesti.ru	0.000008	1	0	0
11858	1386626-586344-0-0	findanime.net	0.000072	1	0	0
11791	65bd063b3720d703fa73072dcabb277a-9c78d4358b08e3587	animeonline.cc	0.000072	3	0	0
11864	6438395-248298-0-0	youla.ru	0.000008	1	0	0
12512	498578-732386-0-0	www.kp.ru	0.000008	1	0	0
11909	90484702-639714-0-0	csn--tv-ru.turbopages.org	0.000008	1	0	0
11868	504193-28011-0-0	zr-ru.turbopages.org	0.000008	1	0	0
12512	7378703-147144-0-0	eadaily.com	0.000008	1	0	0
11904	7378703-147144-0-0	eadaily.com	0.000008	1	0	0
11865	7378703-147144-0-0	eadaily.com	0.000008	1	0	0
11868	24063418-190745-0-0	o-krohe.ru	0.000072	1	0	0
11857	65101275-575586-0-0	m.love.ngs.ru	0.000008	1	0	0
11865	40220325-603717-0-0	xn--80aanyip7d.xn--p1ai	0.000008	1	0	0
12507	91093013-652489-0-0	qestigra.ru	0.000008	2	0	0
12507	5092869-134625-0-0	echo-msk-ru.turbopages.org	0.000008	1	0	0
11909	1399964-1311574-0-0	pythonru.com	0.000008	1	0	0
12507	473106-94916-0-0	anekdotov.net	0.000008	2	0	0
11857	87936520-601046-0-0	love.mail.ru	0.000008	2	0	0
11865	8109637-670835-0-0	innov-invest.ru	0.000008	1	0	0
12507	92928962-752036-0-0	animego.org	0.000072	1	0	0
14051	15745-189649775-0-Word^20Pizza^20-^20Word^20Games^20Puzzles	com.openmygame.games.android.wordpizza	0.000574	1	0	0
12507	897808-247369-0-0	nsk-aif-ru.turbopages.org	0.000008	1	0	0
11904	369305-1038-0-0	3dnews.ru	0.000008	2	0	0
11857	5878455-139705-0-0	7dach.ru	0.000008	1	0	0
11904	3849096-126345-0-0	www.gorodche.ru	0.000008	1	0	0
11909	42813817-276165-0-0	www.znak.com	0.000008	1	0	0
11909	7234779-240630-0-0	kommersant-ru.turbopages.org	0.000008	1	0	0
11909	32656120-220814-0-0	benzopilok.ru	0.000008	1	0	0
12507	24063418-242868-0-0	stroy-podskazka.ru	0.000072	1	0	0
12507	9132820-163508-0-0	kurer--sreda-ru.turbopages.org	0.000008	1	0	0
12507	91624402-825024-0-0	fedpress.ru	0.000008	1	0	0
11909	37786383-259198-0-0	www.bolshoyvopros.ru	0.000008	1	0	0
12507	7970387-153680-0-0	riamo.ru	0.000008	1	0	0
11864	1124250-54642-0-0	au.ru	0.000008	1	0	0
12507	8446941-726819-0-0	rem.ninja	0.000008	1	0	0
11864	65101275-575586-0-0	love.e1.ru	0.000008	1	0	0
12507	91819184-1312000-0-0	obzorus-com.turbopages.org	0.000008	1	0	0
9866	0-187544-0-0	www.eg.ru	0.000072	1	0	0
11865	4434695-49087-0-0	www.police-russia.com	0.000008	1	0	0
10208	b2ebca6eba370ba3ec81c0c930b1fa58-f3a9ae84c0f9033cb	vdorame.ru	0.000072	1	0	0
10009	6d4e33980ff0d340926898fa68e2f0cf-ac0cfa0dfcc0909ac	animeonline.cc	0.000072	1	0	0
11864	41267630-296059-0-0	centr-zanyatosti-naseleniya.ru	0.000008	1	0	0
12509	24063418-190744-0-0	vplate.ru	0.000072	1	0	0
12378	44057-620855-0-0	demonssouls.fandom.com	0.000061	1	0	0
11865	2299740-135050-0-0	www.slamdunk.ru	0.000008	1	0	0
11865	54817670-1312064-0-0	wsesw.ru	0.000008	1	0	0
11858	94194251-1218718-0-0	gerdas.ml	0.000008	1	0	0
11909	93840568-989955-0-0	vbr-ru.turbopages.org	0.000008	1	0	0
12507	69816178-629432-0-0	my--pic-ru.turbopages.org	0.000008	3	0	0
11868	1322075-207738-0-0	fb.ru	0.000008	1	0	0
14051	15740-1762859926-0-Parking^20Jam^203D	com.lszenlamzr.parkingjam	0.000574	1	0	0
11868	92386429-746409-0-0	telik.top	0.000008	9	0	0
13156	17452-124356-Mintegral-Parking^20Jam	com.lszenlamzr.parkingjam	0.000574	1	0	0
11909	2308841-450317-0-0	mostbeautygirl.ru	0.000008	1	0	0
11857	65101275-447162-0-0	www.fontanka.ru	0.000008	1	0	0
11909	7773941-491296-0-0	naukateh.ru	0.000008	1	0	0
9864	0-187544-0-0	m.7days.ru	0.000072	1	0	0
14056	0-216200-0-0	www.lentainform.com	0.000072	1	0	0
