BidCostStat	2.5
2021-10-04
12507	5320398-147985-0-0	srostova.ru	0.000008	1	0	0
12507	65101275-576494-0-0	ufa1.ru	0.000008	1	0	0
12507	5872841-1268335-0-0	mangabook.org	0.000008	1	0	0
11909	6078256-142910-0-0	infoniac-ru.turbopages.org	0.000008	1	0	0
12513	34382785-242460-0-0	vsn.ru	0.000008	1	0	0
11865	3172380-130164-0-0	barnaul.all-gorod.ru	0.000008	1	0	0
11868	1943371-83032-0-0	psy-magic.org	0.000008	1	0	0
11868	90735060-647136-0-0	ftour.otzyv.ru	0.000008	1	0	0
12507	33530085-232061-0-0	spb.cian.ru	0.000008	1	0	0
11857	3090793-147280-0-0	pravoved.ru	0.000008	1	0	0
12507	84615388-613349-0-0	muzhyazheny.ru	0.000072	1	0	0
11865	47669093-466541-0-0	autoflit.ru	0.000008	1	0	0
12512	9598552-1285752-0-0	hbr-russia.ru	0.000008	1	0	0
11868	6557105-490701-0-0	www.m24.ru	0.000072	1	0	0
11858	4782430-502366-0-0	skr.sh	0.000008	1	0	0
11857	1386626-586344-0-0	findanime.net	0.000008	1	0	0
12507	61554-46902-0-0	kulturologia-ru.turbopages.org	0.000008	1	0	0
11857	61634776-509274-0-0	mygrind.ru	0.000008	1	0	0
11865	4360456-149156-0-0	www.kremlinrus.ru	0.000008	1	0	0
12507	82862297-564442-0-0	orchardo.ru	0.000008	1	0	0
11909	57118634-604368-0-0	gosdocs.com	0.000008	1	0	0
11865	30570339-709362-0-0	moevideo.biz	0.000008	1	0	0
11858	4574376-130537-0-0	medspecial.ru	0.000008	1	0	0
12507	1024057-50948-0-0	eva.ru	0.000008	2	0	0
11865	67065066-678646-0-0	kaktys.club	0.000008	1	0	0
11865	36472703-407939-0-0	cameralabs.org	0.000008	1	0	0
11904	73222433-496671-0-0	facts.d3.ru	0.000008	1	0	0
11864	2443167-1263714-0-0	analogist.ru	0.000008	1	0	0
12507	24063418-190745-0-0	o-krohe.ru	0.000072	1	0	0
12507	4140396-623836-0-0	m.newkaliningrad.ru	0.000008	1	0	0
11909	2918101-163843-0-0	www.u-mama.ru	0.000008	2	0	0
11868	3293020-129367-0-0	popmech-ru.turbopages.org	0.000008	1	0	0
11857	36493473-331129-0-0	primpress.ru	0.000072	1	0	0
12507	1626778-128051-0-0	runews24-ru.turbopages.org	0.000008	1	0	0
11858	8240866-155688-0-0	www.belnovosti.by	0.000008	1	0	0
11909	1381191-61633-0-0	www.predskazanie.ru	0.000008	1	0	0
12507	3945704-84705-0-0	lingust.ru	0.000008	1	0	0
11865	66196548-515567-0-0	otzovik-otzivi.ru	0.000008	1	0	0
12507	4406431-243711-0-0	otzov-mf.ru	0.000008	1	0	0
11864	8381155-721995-0-0	megapolis-real.by	0.000008	1	0	0
11857	443053-279183-0-0	tonnasamogona.ru	0.000008	1	0	0
12507	50264598-326188-0-0	www.radioc.ru	0.000008	1	0	0
12507	567231-116919-0-0	forum.sevastopol.info	0.000008	1	0	0
11909	502769-139701-0-0	vashgorod-ru.turbopages.org	0.000008	1	0	0
11904	45441959-284328-0-0	calculatori.ru	0.000008	1	0	0
11865	92449354-733241-0-0	tgorlovka.com	0.000072	1	0	0
12507	8765499-206906-0-0	stom-32top-ru.turbopages.org	0.000008	1	0	0
11909	24063418-242868-0-0	stroy-podskazka.ru	0.000072	1	0	0
12509	51898059-1212039-0-0	doramy.top	0.000008	1	0	0
12507	91404400-1214302-0-0	moy--garazh-ru.turbopages.org	0.000008	1	0	0
12507	3927936-328790-0-0	statusy.me	0.000008	1	0	0
12509	65949452-821975-0-0	add2.seo-fast.ru	0.000008	1	0	0
11909	76950600-610868-0-0	vp43.ru	0.000008	1	0	0
11864	8381155-722011-0-0	mag.103.by	0.000008	1	0	0
11909	36527037-467698-0-0	ideichtopodarit.ru	0.000008	1	0	0
11858	1041287-136866-0-0	trendymen.ru	0.000008	1	0	0
12509	1617335-530226-0-0	agro-feed.ru	0.000008	1	0	0
10208	6d4e33980ff0d340926898fa68e2f0cf-ac0cfa0dfcc0909ac	turkcinema.org	0.000072	1	0	0
11868	498578-196262-0-0	kp-ru.turbopages.org	0.000008	1	0	0
11909	897795-259376-0-0	www.ixbt.com	0.000008	1	0	0
12507	69891566-602765-0-0	udipedia-life.ru	0.000008	1	0	0
12507	7286645-580131-0-0	auto.onliner.by	0.000008	1	0	0
12509	31575695-208854-0-0	www.orgpage.ru	0.000008	1	0	0
11864	86690274-607061-0-0	ctnews.ru	0.000008	1	0	0
11868	70390261-623619-0-0	kinodomix.ru	0.000008	1	0	0
11864	863030-290501-0-0	vgae.ru	0.000008	1	0	0
12509	897669-56459-0-0	pikabu.ru	0.000008	1	0	0
12507	897669-56459-0-0	pikabu-ru.turbopages.org	0.000008	1	0	0
12509	84665160-576329-0-0	mp3party.net	0.000008	1	0	0
11868	65101275-578839-0-0	www.psychologies.ru	0.000072	1	0	0
11857	421215-2115-0-0	mikrob.ru	0.000008	1	0	0
11857	3554992-185772-0-0	doctu.ru	0.000008	1	0	0
11865	6438395-248298-0-0	youla.ru	0.000008	3	0	0
12507	2983481-409927-0-0	vklist.ru	0.000008	1	0	0
11909	1560494-250894-0-0	www.rambler.ru	0.000008	2	0	0
12507	91222519-1207245-0-0	zagranportal.ru	0.000008	1	0	0
11858	5024298-136264-0-0	spravkainform.ru	0.000008	1	0	0
11791	65bd063b3720d703fa73072dcabb277a-9c78d4358b08e3587	kostitv.ru	0.000072	1	0	0
12507	5244640-136279-0-0	forum.relicvia.ru	0.000008	1	0	0
12512	460445-136553-0-0	xn--b1algemdcsb.xn--p1ai	0.000008	1	0	0
11864	9598552-175106-0-0	www.forbes.ru	0.000072	1	0	0
10208	65bd063b3720d703fa73072dcabb277a-9c78d4358b08e3587	masters-otvet.ru	0.000008	1	0	0
12507	8381155-722011-0-0	mag.103.by	0.000008	1	0	0
11858	2050914-751853-0-0	nauka.club	0.000008	2	0	0
11858	1452917-425343-0-0	statenumber.ru	0.000008	2	0	0
12507	5839191-236527-0-0	tvrain-ru.turbopages.org	0.000008	4	0	0
11868	6557105-490701-0-0	www.m24.ru	0.000008	1	0	0
12507	92614311-741303-0-0	www.paparazzi.ru	0.000008	1	0	0
12507	1442126-78277-0-0	pitomzy.com	0.000008	1	0	0
9866	0-187544-0-0	solo-leveling.fandom.com	0.000072	1	0	0
11909	94624243-1256506-0-0	top10a.ru	0.000008	1	0	0
11864	2803962-125713-0-0	www.chaikovskie.ru	0.000008	1	0	0
11865	50266521-331775-0-0	tehnobzor.ru	0.000008	1	0	0
12507	41519228-343288-0-0	sonnik.expert	0.000072	1	0	0
12509	443053-6367-0-0	mama66.ru	0.000008	2	0	0
11857	1304364-594763-0-0	sovetmarka.ru	0.000008	1	0	0
12512	7295714-188279-0-0	russian.rt.com	0.000008	1	0	0
12507	2201084-424608-0-0	voennoedelo-com.turbopages.org	0.000008	1	0	0
11905	51898059-974103-0-0	gisher.org	0.000008	1	0	0
11909	8210969-336959-0-0	all-shoes.ru	0.000008	1	0	0
12507	59910739-411277-0-0	medikforum-ru.turbopages.org	0.000008	1	0	0
11865	2239710-246680-0-0	vyborok.com	0.000008	2	0	0
11857	414045-48539-0-0	www.car72.ru	0.000008	1	0	0
11909	6374010-186870-0-0	fasad-prosto.ru	0.000008	1	0	0
12507	1202504-756971-0-0	eldomo.ru	0.000008	1	0	0
12507	38661274-356015-0-0	bryansk.autovsalone.ru	0.000008	1	0	0
12507	64339996-508065-0-0	grib-doma.ru	0.000008	1	0	0
11868	18373836-407993-0-0	www.u-mama.ru	0.000008	1	0	0
11909	87658317-628159-0-0	iia-rf.ru	0.000008	1	0	0
12507	49862489-324101-0-0	lastmag.ru	0.000008	1	0	0
11904	5432817-398946-0-0	wallpanels.ru	0.000008	1	0	0
11909	2412782-167916-0-0	www.domofond.ru	0.000008	3	0	0
11904	437849-81358-0-0	zakon-auto.ru	0.000008	1	0	0
11857	84665160-1223854-0-0	russkiiyazyk.ru	0.000008	1	0	0
11868	915412-108160-0-0	1prime.ru	0.000008	1	0	0
12507	84014513-983580-0-0	spb-octagon-media.turbopages.org	0.000008	1	0	0
12507	4140396-127625-0-0	www.newkaliningrad.ru	0.000008	1	0	0
11909	6734741-159080-0-0	www.drive.ru	0.000008	1	0	0
13252	7579-0	com.imo.android.imoim	0.000162	1	0	0
12507	94504917-1247246-0-0	1plus1tv.ru	0.000072	1	0	0
11858	94865975-1272734-0-0	texttospeech.ru	0.000008	1	0	0
11909	2239710-246680-0-0	vyborok.com	0.000008	1	0	0
12507	38646193-1243611-0-0	lady-day.ru	0.000072	1	0	0
11865	5135495-80769-0-0	pesnipodgitaru.ru	0.000008	1	0	0
12507	5878455-139705-0-0	7dach.ru	0.000008	1	0	0
11858	82182983-561692-0-0	vyborexperta.ru	0.000008	1	0	0
11865	5315200-279118-0-0	naavtobuse.net	0.000008	1	0	0
11858	63929029-430435-0-0	snob.ru	0.000008	1	0	0
11904	870334-237014-0-0	rai77.com	0.000072	1	0	0
12507	478096-57509-0-0	www.inpearls.ru	0.000008	1	0	0
11858	37098483-256588-0-0	oktools.ru	0.000008	1	0	0
12509	51898059-1302353-0-0	readmanga.io	0.000008	1	0	0
11858	423405-145194-0-0	www.sberometer.ru	0.000008	1	0	0
12507	498578-167170-0-0	www.kp.ru	0.000008	1	0	0
11909	56953682-478194-0-0	www.inmyroom.ru	0.000008	2	0	0
14056	0-216200-0-0	101.ru	0.000072	1	0	0
12509	457363-48203-0-0	www.votpusk.ru	0.000008	1	0	0
11858	10138153-214140-0-0	gipsokart.ru	0.000008	1	0	0
11868	8562776-757348-0-0	teleprogramma.pro	0.000072	1	0	0
11868	498578-167170-0-0	www.kuban.kp.ru	0.000008	1	0	0
11864	493340-56709-0-0	www.kolmovo.ru	0.000008	1	0	0
11865	55985396-1274853-0-0	emosurff.com	0.000008	1	0	0
11865	10138153-214140-0-0	gipsokart.ru	0.000008	1	0	0
12509	33530085-232061-0-0	vologda.cian.ru	0.000008	1	0	0
11865	30570339-705032-0-0	www.buhsoft.ru	0.000008	1	0	0
12507	423405-145194-0-0	www.sberometer.ru	0.000008	1	0	0
11865	93006193-755265-0-0	domzastroika.ru	0.000072	1	0	0
12509	33530085-232061-0-0	nn.cian.ru	0.000008	1	0	0
12507	508343-49826-0-0	www.gastronom.ru	0.000008	1	0	0
11864	51898059-1238537-0-0	ucrazy.ru	0.000008	1	0	0
11868	74149893-515015-0-0	rhytmic.borda.ru	0.000008	1	0	0
12507	49533561-511257-0-0	lvrach-ru.turbopages.org	0.000008	1	0	0
11858	1164399-192501-0-0	www.textologia.ru	0.000008	2	0	0
11864	71813031-490450-0-0	www.gismeteo.ru	0.000008	1	0	0
11868	74011181-504039-0-0	postila.ru	0.000008	1	0	0
12507	31295140-456118-0-0	betonov.com	0.000008	2	0	0
11857	54242505-418679-0-0	avto-remont-toyota.ru	0.000008	1	0	0
11909	4140396-623836-0-0	m.newkaliningrad.ru	0.000008	1	0	0
12512	6746465-142629-0-0	krasnodar.hh.ru	0.000008	1	0	0
11865	61657907-412960-0-0	www.wonderzine.com	0.000008	1	0	0
11864	1124250-54642-0-0	krsk.au.ru	0.000008	1	0	0
11857	4140396-127625-0-0	www.newkaliningrad.ru	0.000008	1	0	0
12507	52946227-341532-0-0	business--gazeta-ru.turbopages.org	0.000008	1	0	0
11864	7773941-487848-0-0	realika.ru	0.000008	1	0	0
12507	1024057-50948-0-0	eva-ru.turbopages.org	0.000008	1	0	0
11864	39268175-263182-0-0	sitv.ru	0.000008	2	0	0
11858	38661274-653526-0-0	knigi-audio.org	0.000008	1	0	0
11868	31113536-204531-0-0	markakachestva.ru	0.000008	2	0	0
12513	3293020-129405-0-0	www.cosmo.ru	0.000008	1	0	0
11904	64173066-440960-0-0	radiokp.ru	0.000008	1	0	0
11865	30570339-693876-0-0	rg.ru	0.000008	2	0	0
12507	2201084-344968-0-0	tarantas-news.turbopages.org	0.000008	1	0	0
12507	65101275-447131-0-0	e1-ru.turbopages.org	0.000008	2	0	0
11909	48639729-382548-0-0	sroorgru.com	0.000008	1	0	0
11909	30570339-658609-0-0	m.7days.ru	0.000008	1	0	0
12509	33530085-232061-0-0	www.cian.ru	0.000008	1	0	0
11864	41267630-296059-0-0	centr-zanyatosti-naseleniya.ru	0.000008	1	0	0
11868	55365789-423310-0-0	stereo.ru	0.000008	1	0	0
12507	1190468-251722-0-0	omsk-nedvizhimost.ru	0.000008	1	0	0
12507	7773941-394386-0-0	avtoidei.ru	0.000008	1	0	0
11904	8157577-352414-0-0	love.ru	0.000008	3	0	0
11905	91429347-721133-0-0	termogurus.ru	0.000008	1	0	0
11864	47202456-290810-0-0	proactions.ru	0.000008	1	0	0
11857	15044768-265786-0-0	mangahub.ru	0.000072	1	0	0
11857	3053459-682836-0-0	one1szen1.ru	0.000008	1	0	0
11868	33718734-242786-0-0	proautomasla.ru	0.000008	1	0	0
12509	91864171-708690-0-0	www.vesti.ru	0.000072	1	0	0
11860	2755565-109910-0-0	serovglobus.ru	0.000008	1	0	0
11857	1466318-159402-0-0	m.translate.ru	0.000008	1	0	0
11909	47936950-293489-0-0	kikimoraki.ru	0.000008	1	0	0
11868	87276007-606542-0-0	mk-ru.turbopages.org	0.000008	1	0	0
11865	1600226-68252-0-0	irkutsk.bezformata.com	0.000008	1	0	0
12513	56953682-478194-0-0	food.inmyroom.ru	0.000008	1	0	0
12512	8176469-155098-0-0	afisha.cheb.ru	0.000008	1	0	0
11858	438943-6419-0-0	www.startfilm.ru	0.000008	1	0	0
11864	87828462-739756-0-0	blognesco.ru	0.000008	3	0	0
11864	93675111-1313962-0-0	echo.msk.ru	0.000008	1	0	0
11909	6823473-196746-0-0	www.algebraclass.ru	0.000008	1	0	0
12507	56953682-526860-0-0	food.inmyroom.ru	0.000008	1	0	0
11909	87276007-592220-0-0	www.avtovzglyad.ru	0.000008	2	0	0
11865	8984986-171723-0-0	bouw.ru	0.000008	1	0	0
11904	5432817-465703-0-0	pocvetam.ru	0.000072	1	0	0
9866	0-187544-0-0	kaspyinfo.ru	0.000072	1	0	0
11858	86708764-588376-0-0	libertycity.ru	0.000008	1	0	0
10049	817-4066-0-0	you-anime.ru	0.000113	1	1	0
11865	92093171-1249164-0-0	krasderpat.cf	0.000008	1	0	0
11858	369305-1038-0-0	3dnews.ru	0.000008	1	0	0
11864	2285717-101027-0-0	ffclub.ru	0.000008	1	0	0
12513	1212983-117130-0-0	flatinfo.ru	0.000008	1	0	0
14056	0-187544-0-0	nauka.club	0.000072	1	0	0
11909	2530420-201190-0-0	metanit.com	0.000008	1	0	0
12507	38644402-469135-0-0	anazabore.ru	0.000008	1	0	0
11865	5092531-223754-0-0	ura.news	0.000008	1	0	0
12512	6746465-142629-0-0	nn.hh.ru	0.000008	1	0	0
11905	2112549-91685-0-0	labuda.mirtesen.ru	0.000008	1	0	0
12507	897808-247369-0-0	aif-ru.turbopages.org	0.000008	1	0	0
11865	56945766-385418-0-0	worldcrisis.ru	0.000008	1	0	0
11857	3598907-329895-0-0	ntv-ru.turbopages.org	0.000008	1	0	0
11857	1446911-239988-0-0	skupkapiter.ru	0.000008	1	0	0
12512	533155-35644-0-0	forum.motolodka.ru	0.000008	2	0	0
12507	509629-29789-0-0	rg.ru	0.000008	1	0	0
11909	7132534-584636-0-0	remont-book.com	0.000008	1	0	0
9866	0-216200-0-0	clck.lentainform.com	0.000072	1	0	0
12507	48982972-532351-0-0	kaskad-tv.turbopages.org	0.000008	1	0	0
11868	61069507-1227750-0-0	1s-forum.fun	0.000008	1	0	0
12507	91083793-1238391-0-0	ru.jobsora.com	0.000008	1	0	0
11858	87790030-1261107-0-0	webcame.ru	0.000008	1	0	0
11868	1412746-1258509-0-0	www.litmir.me	0.000008	1	0	0
12507	927410-173674-0-0	bidbaits.ru	0.000008	1	0	0
12507	1591201-108029-0-0	fighttime.ru	0.000008	1	0	0
12507	39225471-262971-0-0	ginfo.ru	0.000008	1	0	0
9012	42666-624501-0-0	skam.online	0.000061	1	0	0
11909	53807906-383041-0-0	proglazki.ru	0.000008	1	0	0
11858	501177-496955-0-0	xn--b1aebcnvofmhnc4k.xn--p1ai	0.000008	1	0	0
11909	8562776-751411-0-0	dni.ru	0.000008	2	0	0
11864	16694044-184991-0-0	www.finam.ru	0.000008	1	0	0
11904	464493-111364-0-0	love.mail.ru	0.000008	1	0	0
11864	32125188-428267-0-0	bloknot-stavropol.ru	0.000008	1	0	0
12512	423405-25809-0-0	www.audit-it.ru	0.000008	1	0	0
11865	89739637-990740-0-0	mir-knigi.net	0.000008	1	0	0
11868	51898059-570304-0-0	etalongame.com	0.000008	2	0	0
12507	38661274-725731-0-0	mir-knigi.net	0.000008	1	0	0
11865	3855708-135041-0-0	smartronix.ru	0.000008	2	0	0
11857	1710264-461215-0-0	pritchi.ru	0.000008	1	0	0
11868	65101275-576144-0-0	29.ru	0.000008	1	0	0
11865	55051348-348713-0-0	portalvirtualreality.ru	0.000072	1	0	0
11858	3984262-143115-0-0	uz.bizorg.su	0.000008	1	0	0
12507	61657907-412959-0-0	www.spletnik.ru	0.000008	1	0	0
11868	69436445-474720-0-0	peopletalk-ru.turbopages.org	0.000008	1	0	0
11904	44545091-280493-0-0	nekto.me	0.000072	1	0	0
11865	3293020-125354-0-0	www.goodhouse.ru	0.000008	1	0	0
11864	65101275-451233-0-0	ngs42.ru	0.000008	1	0	0
12507	509629-486824-0-0	rg-ru.turbopages.org	0.000008	4	0	0
11857	434286-67013-0-0	astroscope.ru	0.000008	1	0	0
12512	51898059-1212039-0-0	doramy.top	0.000008	1	0	0
12507	834557-338954-0-0	bwe.su	0.000008	1	0	0
12507	63615999-591126-0-0	plita-guru.turbopages.org	0.000008	2	0	0
11858	95171232-1293139-0-0	leboard.ru	0.000008	1	0	0
11909	570920-38708-0-0	news.vtomske.ru	0.000008	1	0	0
12507	16696792-211939-0-0	vpravda-ru.turbopages.org	0.000008	1	0	0
11857	24063418-190743-0-0	o-vannoy.ru	0.000008	1	0	0
11858	7404181-192694-0-0	goroskop.temaretik.com	0.000008	1	0	0
11857	72896180-498580-0-0	www.babyplan.ru	0.000008	1	0	0
12507	65186650-447558-0-0	bez--sna-ru.turbopages.org	0.000008	1	0	0
12507	26809064-677990-0-0	allomart.ru	0.000008	1	0	0
11909	1851489-141474-0-0	www.kuponika.ru	0.000008	1	0	0
12507	18218482-186487-0-0	pogoda7.ru	0.000008	1	0	0
12507	2076965-90081-0-0	calculator-credit.ru	0.000008	1	0	0
11858	38661274-647059-0-0	cdnpdf.com	0.000008	1	0	0
12507	94100025-1212051-0-0	felomena.com	0.000008	1	0	0
11909	570920-38708-0-0	news.vtomske.ru	0.000072	1	0	0
11857	71885840-490795-0-0	www.nur.kz	0.000008	2	0	0
12507	51898059-1290934-0-0	playmaker24.ru	0.000008	1	0	0
11864	6438395-149027-0-0	tv.mail.ru	0.000008	1	0	0
12507	59227913-398465-0-0	hightech-fm.turbopages.org	0.000008	1	0	0
12507	523900-1312780-0-0	teleprogramma.pro	0.000008	1	0	0
11865	31295140-882591-0-0	oinste.com	0.000008	1	0	0
10208	10-3246-0-0	www.profinance.ru	0.000008	1	0	0
11865	95227450-1299552-0-0	kakoysegodnyaprazdnik.ru	0.000008	1	0	0
11905	2112549-91685-0-0	perepost.mirtesen.ru	0.000008	1	0	0
11857	2443167-248121-0-0	tehnopanorama.ru	0.000008	1	0	0
11864	4331537-258974-0-0	gigamass.ru	0.000008	1	0	0
11868	91864171-708690-0-0	www.vesti.ru	0.000072	3	0	0
11791	65bd063b3720d703fa73072dcabb277a-9c78d4358b08e3587	lord-filmxhd.lordfilm1.band	0.000008	1	0	0
11858	93736421-989341-0-0	kulinarenok.ru	0.000008	1	0	0
11857	6405151-141415-0-0	7info-ru.turbopages.org	0.000008	2	0	0
11858	39315718-724782-0-0	informing.ru	0.000008	1	0	0
11904	87276007-592220-0-0	www.avtovzglyad.ru	0.000008	1	0	0
11858	74149893-506326-0-0	union.4bb.ru	0.000008	1	0	0
12507	45795783-476985-0-0	m.knigavuhe.org	0.000072	2	0	0
8669	3938cf97ea84e2a9485f979e908bda87-6dd7f7a279120d51b	forums.playground.ru	0.000008	1	0	0
11868	7295714-153743-0-0	russian.rt.com	0.000072	1	0	0
12507	2745-45551-0-0	forumhouse-ru.turbopages.org	0.000008	1	0	0
11791	6f74b1d4b2ed506a17af3512d3fe8687-bd7d3463c663a2c35	skam.online	0.000072	1	0	0
11909	548057-52397-0-0	astromeridian-ru.turbopages.org	0.000008	3	0	0
12507	31295140-1220513-0-0	pronormy.ru	0.000008	1	0	0
11909	74207257-662107-0-0	vseopilah.ru	0.000008	1	0	0
12507	93736421-989340-0-0	kylinariya.ru	0.000008	1	0	0
11864	93335226-830873-0-0	www.eg.ru	0.000072	1	0	0
11909	87276007-592219-0-0	www.mk.ru	0.000072	2	0	0
11864	65101275-577872-0-0	74.ru	0.000008	1	0	0
9866	0-187544-0-0	www.myshared.ru	0.000072	1	0	0
12507	65949452-649143-0-0	www.ntv.ru	0.000008	1	0	0
11868	509629-29789-0-0	rg.ru	0.000008	4	0	0
12507	91658681-697810-0-0	fitomaniya.ru	0.000008	1	0	0
11857	498578-167170-0-0	www.kp.ru	0.000008	1	0	0
9035	41283-573827-0-0	daily-inform.ru	0.000061	1	0	0
9035	42917-620829-0-0	animedub.ru	0.000061	1	0	0
12507	8381155-721597-0-0	sb-by.turbopages.org	0.000008	1	0	0
12507	7970387-153680-0-0	riamo.ru	0.000008	1	0	0
12507	88546469-711540-0-0	pc01.ru	0.000008	1	0	0
12507	75879660-563694-0-0	kompkimi-ru.turbopages.org	0.000008	2	0	0
11909	2112549-91685-0-0	mirtesen.ru	0.000008	1	0	0
12507	407197-204429-0-0	salon.ru	0.000008	1	0	0
12509	65949452-989182-0-0	infourok.ru	0.000008	2	0	0
11864	5603548-387910-0-0	allbeton.ru	0.000008	1	0	0
11865	8562776-753210-0-0	www.spletnik.ru	0.000008	1	0	0
11857	51468706-330066-0-0	m.vz.ru	0.000008	4	0	0
11865	33946563-237573-0-0	zee-tv.ru	0.000008	1	0	0
11858	47202456-290810-0-0	proactions.ru	0.000008	1	0	0
12507	38661274-356015-0-0	volgograd.autovsalone.ru	0.000008	1	0	0
12507	68074758-466820-0-0	gt-news.ru	0.000008	1	0	0
11909	508343-153996-0-0	www.gastronom.ru	0.000008	1	0	0
12509	65949452-1215721-0-0	www.tourprom.ru	0.000008	3	0	0
12512	3849512-125905-0-0	www.liveinternet.ru	0.000008	1	0	0
11857	38661274-635651-0-0	mir-knigi.info	0.000008	1	0	0
12509	33530085-232061-0-0	spb.cian.ru	0.000008	1	0	0
11865	54770757-1311576-0-0	tale.su	0.000008	1	0	0
11865	1405310-624257-0-0	kursy-ispanskogo-yazyka.ru	0.000008	1	0	0
11908	2383913-150207-0-0	katalogi-tovarov-ceny.ru	0.000008	1	0	0
11858	18373836-455811-0-0	sims-club.com	0.000008	2	0	0
11909	24063418-190744-0-0	vplate.ru	0.000008	1	0	0
12507	36882225-1247788-0-0	ftimes.ru	0.000072	1	0	0
12507	1298404-285694-0-0	onlain-kassy.ru	0.000008	1	0	0
11857	1913078-162571-0-0	life-ru.turbopages.org	0.000008	1	0	0
12507	56495-607882-0-0	kvartirka-com.turbopages.org	0.000008	1	0	0
12512	5448391-139620-0-0	ivanovo.po-aptekam.ru	0.000008	1	0	0
10009	21fee56a7508a045067e16181bb7cc2c-e4a26f930c0db018d	animeonline.cc	0.000072	1	0	0
13680	35566-616979-0-0	ekabu.ru	0.000061	1	0	0
11865	4342450-216486-0-0	finobzor.ru	0.000008	1	0	0
11864	51898059-628917-0-0	old.myshows.me	0.000008	1	0	0
11868	87276007-592221-0-0	www.womanhit.ru	0.000008	1	0	0
12509	73222433-496671-0-0	d3.ru	0.000008	1	0	0
11864	6438395-151802-0-0	auto.mail.ru	0.000008	2	0	0
12507	1322075-479443-0-0	www.syl.ru	0.000008	1	0	0
12507	3223322-913275-0-0	fructberry-com.turbopages.org	0.000008	1	0	0
12507	6470026-1225601-0-0	sochi24.tv	0.000008	1	0	0
11908	3420410-122989-0-0	kazan.regmarkets.ru	0.000008	1	0	0
11857	87936520-601046-0-0	www.love.mail.ru	0.000008	1	0	0
11865	85584242-629170-0-0	garim-parim.ru	0.000008	1	0	0
11909	915412-108160-0-0	1prime.ru	0.000008	1	0	0
12509	16694044-184991-0-0	www.finam.ru	0.000008	1	0	0
11857	61657907-412959-0-0	m.spletnik.ru	0.000008	1	0	0
11865	8562776-1205956-0-0	smotrim.ru	0.000008	3	0	0
11904	30477641-200831-0-0	www.trud.com	0.000008	1	0	0
12507	51020038-328213-0-0	tvsamara-ru.turbopages.org	0.000008	1	0	0
11865	6470026-1225601-0-0	sochi24.tv	0.000008	2	0	0
11865	897669-460527-0-0	pikabu.ru	0.000008	2	0	0
12507	8562776-777206-0-0	rg.ru	0.000008	1	0	0
11868	8562776-757348-0-0	teleprogramma.pro	0.000008	1	0	0
9864	0-216200-0-0	m.7days.ru	0.000072	1	0	0
11904	1873567-129758-0-0	mir24.tv	0.000008	1	0	0
12507	2103170-497885-0-0	dni24-com.turbopages.org	0.000008	2	0	0
12507	49274173-447071-0-0	chips--journal-ru.turbopages.org	0.000008	1	0	0
12512	302674-6561-0-0	baraholka.com.ru	0.000008	1	0	0
12509	65949452-548324-0-0	mel.fm	0.000008	2	0	0
12507	32039088-212225-0-0	tehnika.expert	0.000008	2	0	0
12507	63057441-448148-0-0	prombez24.com	0.000008	2	0	0
11791	65bd063b3720d703fa73072dcabb277a-9c78d4358b08e3587	kino-ce.top	0.000008	1	0	0
13686	42917-621876-0-0	you-anime.ru	0.000061	2	0	0
11858	1095170-279398-0-0	www.gtavicecity.ru	0.000008	1	0	0
12507	5633386-138917-0-0	myslo.ru	0.000008	1	0	0
11864	1846658-127884-0-0	dota2.ru	0.000008	3	0	0
11858	6746465-142629-0-0	kingisepp.hh.ru	0.000008	1	0	0
12507	36003597-404832-0-0	kakoy-smysl.ru	0.000008	1	0	0
11868	488334-32874-0-0	www.medikforum.ru	0.000008	1	0	0
12509	65101275-446897-0-0	www.vokrugsveta.ru	0.000008	1	0	0
11908	450596-615627-0-0	www.profinance.ru	0.000008	1	0	0
11857	92603925-745626-0-0	m.fictionbook.ru	0.000008	1	0	0
11858	91624402-735163-0-0	day.ru	0.000008	1	0	0
11909	49905584-324706-0-0	sport24-ru.turbopages.org	0.000008	1	0	0
11857	57578151-392027-0-0	ipotekaved.ru	0.000008	2	0	0
10208	21fee56a7508a045067e16181bb7cc2c-e4a26f930c0db018d	animeonline.cc	0.000072	1	0	0
11857	36859922-255561-0-0	medside-ru.turbopages.org	0.000008	1	0	0
11868	1560494-344729-0-0	m.gazeta.ru	0.000008	1	0	0
12507	24109265-241001-0-0	dekoriko.ru	0.000008	1	0	0
11909	70381402-480827-0-0	tverigrad.ru	0.000008	1	0	0
11868	65949452-542792-0-0	radiokp.ru	0.000008	1	0	0
11909	52754553-334303-0-0	gazeta.a42.ru	0.000008	1	0	0
12509	883984-55480-0-0	tula.kinoafisha.info	0.000008	1	0	0
11909	6557105-250544-0-0	interfax-ru.turbopages.org	0.000008	1	0	0
11858	47669093-650320-0-0	vemiru.ru	0.000072	1	0	0
11909	88101756-754798-0-0	genshin-info.ru	0.000008	1	0	0
11909	2745-45551-0-0	www.forumhouse.ru	0.000008	1	0	0
11909	1756154-113576-0-0	m.sibkray.ru	0.000008	2	0	0
11858	1055963-816214-0-0	spaces.im	0.000008	2	0	0
9869	0-187544-0-0	deita.ru	0.000072	1	0	0
11858	458232-382315-0-0	elektro.jofo.me	0.000008	1	0	0
11909	33397807-230529-0-0	tsargrad.tv	0.000008	1	0	0
11865	91301353-664984-0-0	litlife.club	0.000072	2	0	0
11868	91320665-688690-0-0	yastatic.net	0.000072	3	0	0
12507	407197-196583-0-0	forum.ivd.ru	0.000008	1	0	0
9866	0-187544-0-0	www.tourprom.ru	0.000072	1	0	0
12507	71740367-974543-0-0	grib-expert.turbopages.org	0.000008	1	0	0
11909	49608361-418964-0-0	1000.menu	0.000008	1	0	0
12507	1432019-400402-0-0	www.glaz.tv	0.000072	1	0	0
11909	509780-287590-0-0	v102.ru	0.000008	1	0	0
11864	1212983-117130-0-0	flatinfo.ru	0.000008	1	0	0
11868	8562776-752685-0-0	fb.ru	0.000008	1	0	0
11858	93056858-757385-0-0	synapsenet.ru	0.000008	1	0	0
12509	2918101-163843-0-0	www.u-mama.ru	0.000008	2	0	0
11864	771002-124794-0-0	zaotdih.ru	0.000008	1	0	0
11868	1560494-485869-0-0	lenta.ru	0.000072	1	0	0
11865	90199845-636156-0-0	vashavannaya.ru	0.000008	2	0	0
11904	7970387-160623-0-0	podolskriamo.ru	0.000008	1	0	0
11857	82757547-652813-0-0	izhlife.ru	0.000008	1	0	0
11865	36984531-255942-0-0	carfrance.ru	0.000008	1	0	0
12507	3040678-281805-0-0	drevogid.com	0.000008	2	0	0
12507	907113-1271193-0-0	knigochei.org	0.000008	1	0	0
12507	3223322-191313-0-0	rcycle-net.turbopages.org	0.000008	1	0	0
11904	448817-45172-0-0	gotovim-doma.ru	0.000008	1	0	0
11857	92519834-1263861-0-0	m.mp3xa.fm	0.000008	1	0	0
11858	6539562-142065-0-0	tyumen.zarplata.ru	0.000008	1	0	0
11904	93110714-761020-0-0	www.defsmeta.com	0.000008	1	0	0
12507	59767463-727863-0-0	book-online.com.ua	0.000008	2	0	0
11864	449024-3183-0-0	soccerland.ru	0.000008	1	0	0
12507	2398375-644351-0-0	amimore.ru	0.000008	1	0	0
11865	82862297-564440-0-0	babushkinadacha.ru	0.000008	1	0	0
11864	1848013-444350-0-0	privet-rostov.ru	0.000008	1	0	0
11909	26809064-675583-0-0	avtika.ru	0.000008	1	0	0
11909	44382352-443726-0-0	multforum.ru	0.000008	1	0	0
11909	2185980-95161-0-0	spyship.ru	0.000008	1	0	0
11864	6438395-147024-0-0	horo.mail.ru	0.000008	2	0	0
11909	69891566-602765-0-0	udipedia-live.ru	0.000008	1	0	0
12509	24063418-190744-0-0	vplate.ru	0.000072	2	0	0
9866	0-187544-0-0	hollowknight.fandom.com	0.000072	1	0	0
11858	7546835-148644-0-0	chess-samara.ru	0.000008	1	0	0
11909	2214953-342128-0-0	www.ural56.ru	0.000008	1	0	0
11904	2185980-95161-0-0	spyship.ru	0.000008	1	0	0
11909	42813817-276165-0-0	www.znak.com	0.000008	6	0	0
11905	360988-146286-0-0	nepropadu.com	0.000008	1	0	0
11909	61657907-412960-0-0	www.wonderzine.com	0.000008	1	0	0
11909	7153770-144493-0-0	versia.ru	0.000008	1	0	0
12507	1818286-494149-0-0	sovet-ingenera.com	0.000008	1	0	0
11857	7632479-149420-0-0	nation--news-ru.turbopages.org	0.000008	1	0	0
11857	1560494-670776-0-0	mail.rambler.ru	0.000008	5	0	0
11868	1412746-754061-0-0	www.litmir.me	0.000008	2	0	0
11857	3345663-125727-0-0	kazanfirst.ru	0.000008	1	0	0
11857	452669-10552-0-0	bus.tutu.ru	0.000008	1	0	0
12507	52946227-335165-0-0	business--gazeta-ru.turbopages.org	0.000008	1	0	0
12507	2745-45551-0-0	www.forumhouse.ru	0.000008	1	0	0
11791	6d4e33980ff0d340926898fa68e2f0cf-ac0cfa0dfcc0909ac	animestars.org	0.000072	1	0	0
11865	66196548-454676-0-0	otzovik-top.ru	0.000008	1	0	0
11865	2136783-93002-0-0	katalogturbaz.ru	0.000008	1	0	0
12507	1624597-68828-0-0	ptzgovorit.ru	0.000008	2	0	0
11857	33263340-255619-0-0	4eva.ru	0.000008	1	0	0
12509	51898059-582605-0-0	sonnik.expert	0.000008	1	0	0
12507	1072605-202772-0-0	stroychik-ru.turbopages.org	0.000008	1	0	0
12507	46806-7196-0-0	www.native-english.ru	0.000008	1	0	0
11857	38661274-737529-0-0	knigger.com	0.000008	1	0	0
11865	30570339-692376-0-0	www.business.ru	0.000072	2	0	0
11865	1405310-457791-0-0	shuby-k.ru	0.000008	1	0	0
9869	0-187544-0-0	nversia.ru	0.000072	2	0	0
11865	49274173-447072-0-0	n-e-n.ru	0.000008	1	0	0
11904	91189267-663632-0-0	estetmedicina.ru	0.000008	1	0	0
11909	838200-453805-0-0	lanita.ru	0.000008	1	0	0
11865	1285056-112094-0-0	www.xn----7sbaby6bc7bzc.xn--p1ai	0.000008	1	0	0
11868	1412746-700425-0-0	www.litmir.me	0.000008	1	0	0
11909	3849096-126345-0-0	www.gorodche.ru	0.000008	1	0	0
12507	1041287-136866-0-0	trendymen.ru	0.000072	1	0	0
12507	7458456-253655-0-0	mirmagi.ru	0.000008	1	0	0
11865	5024298-136264-0-0	spravkainform.ru	0.000008	1	0	0
12507	36882225-663823-0-0	carexpert.ru	0.000008	1	0	0
12507	7773941-451031-0-0	vtop21.ru	0.000008	1	0	0
11905	2112549-91685-0-0	sdelaisam.mirtesen.ru	0.000008	3	0	0
11868	523900-231491-0-0	teleprogramma-pro.turbopages.org	0.000008	1	0	0
11909	4971922-132712-0-0	www.gorodskievesti.ru	0.000008	1	0	0
14055	0-187544-0-0	m.7days.ru	0.000072	1	0	0
11868	88121411-603873-0-0	4eva.ru	0.000072	1	0	0
11909	33397807-230529-0-0	m.tsargrad.tv	0.000072	1	0	0
12507	36493473-331129-0-0	primpress.ru	0.000072	3	0	0
11868	1560494-225219-0-0	news-rambler-ru.turbopages.org	0.000008	1	0	0
12507	65101275-576144-0-0	29.ru	0.000008	1	0	0
11909	93335226-830873-0-0	www.eg.ru	0.000072	2	0	0
11905	770388-64074-0-0	www.redwhite.ru	0.000008	2	0	0
12507	7632479-149420-0-0	nation--news-ru.turbopages.org	0.000008	1	0	0
11909	9255659-240691-0-0	gidpokraske.ru	0.000008	1	0	0
11858	1370690-411988-0-0	sochi24.tv	0.000008	1	0	0
11865	38597905-260646-0-0	protransport.msk.ru	0.000008	1	0	0
11858	40879015-268596-0-0	naavtotrasse.ru	0.000008	1	0	0
9865	0-187544-0-0	vdorame.ru	0.00009	0	1	0
11868	91864171-705182-0-0	smotrim.ru	0.000008	4	0	0
11858	91122342-653694-0-0	fanat1k.ru	0.000008	1	0	0
11865	8562776-1276536-0-0	www.ellegirl.ru	0.000008	1	0	0
12507	3091996-271627-0-0	muzon-muzon.ru	0.000008	1	0	0
11858	6746465-142629-0-0	kazan.hh.ru	0.000008	1	0	0
11860	71191770-486682-0-0	mainstyles.ru	0.000008	1	0	0
12513	32657900-243098-0-0	iz.ru	0.000008	3	0	0
12512	24111355-1291364-0-0	readmanga.io	0.000008	1	0	0
12509	9382999-183136-0-0	m.leboard.ru	0.000008	1	0	0
14055	0-216200-0-0	nversia.ru	0.000072	1	0	0
11904	68543924-531163-0-0	cars.av.by	0.000008	2	0	0
12507	7295714-153743-0-0	russian-rt-com.turbopages.org	0.000008	4	0	0
12507	54689608-349697-0-0	design-homes.ru	0.000008	1	0	0
12507	1801033-247350-0-0	mangalib.me	0.000008	4	0	0
12507	6535416-142126-0-0	www.aqa.ru	0.000008	1	0	0
9012	43650-609027-0-0	klops.ru	0.000061	1	0	0
11858	3984262-143115-0-0	bizorg.su	0.000008	1	0	0
11865	91778991-1212113-0-0	artsad-manko.ru	0.000008	1	0	0
12507	47713718-321488-0-0	ochg-ru.turbopages.org	0.000008	1	0	0
11857	5092531-223754-0-0	m.ura.news	0.000008	6	0	0
12507	5092531-223754-0-0	ura-news.turbopages.org	0.000008	1	0	0
13685	36195-472385-0-0	www.mk.ru	0.000061	2	0	0
11865	31920447-587666-0-0	mcc-codes.ru	0.000008	1	0	0
12507	38144672-260082-0-0	bizbi.ru	0.000008	1	0	0
11858	360988-499315-0-0	diary.ru	0.000008	1	0	0
11909	6734741-154950-0-0	www.drive2.ru	0.000008	1	0	0
11791	65bd063b3720d703fa73072dcabb277a-9c78d4358b08e3587	free-otvet.ru	0.000008	1	0	0
11857	509629-486824-0-0	rg-ru.turbopages.org	0.000008	1	0	0
12507	6601699-142265-0-0	ilive.com.ua	0.000008	1	0	0
11865	66041354-477641-0-0	vseokraske.ru	0.000008	1	0	0
11909	93056858-757385-0-0	synapsenet.ru	0.000008	1	0	0
11909	91114828-653308-0-0	cyberleninka.ru	0.000008	1	0	0
12507	36882225-529990-0-0	gamesisart.ru	0.000008	1	0	0
11857	2013471-87094-0-0	onlinetestpad.com	0.000008	2	0	0
11864	7773941-513280-0-0	storyone.ru	0.000008	1	0	0
11868	1560494-251983-0-0	finance.rambler.ru	0.000008	1	0	0
11868	27064358-192495-0-0	pravoved.ru	0.000008	14	0	0
11857	7596607-725766-0-0	protvoepravo.ru	0.000008	1	0	0
11857	39305963-263262-0-0	vse-posobia.ru	0.000008	2	0	0
12507	1532269-141463-0-0	kedem.ru	0.000008	2	0	0
11865	61657907-412959-0-0	www.spletnik.ru	0.000008	2	0	0
12507	66810155-458492-0-0	24smi-org.turbopages.org	0.000008	1	0	0
11858	24111355-1291364-0-0	readmanga.io	0.000008	3	0	0
11909	34181456-696071-0-0	market-crimea.com	0.000008	1	0	0
11864	509629-29789-0-0	rg.ru	0.000008	3	0	0
11857	42813817-276165-0-0	www.znak.com	0.000008	5	0	0
11858	5952805-140101-0-0	samara.autodmir.ru	0.000008	1	0	0
11865	95025266-1281684-0-0	2022g.ru	0.000008	1	0	0
11865	91622640-728007-0-0	xn--b1aghhugy3a.xn--p1ai	0.000008	3	0	0
12507	87276007-606542-0-0	mk-ru.turbopages.org	0.000008	1	0	0
11909	41934011-272783-0-0	thebell.io	0.000008	1	0	0
11904	4752014-510922-0-0	stroyguru.com	0.000008	1	0	0
11909	509629-196263-0-0	rg.ru	0.000008	2	0	0
11868	8562776-752105-0-0	postila.ru	0.000008	1	0	0
11865	91778881-710128-0-0	igor-somov.ru	0.000008	3	0	0
11858	20438162-563646-0-0	realnoevremya.ru	0.000008	1	0	0
12507	1412746-580826-0-0	www.litmir.me	0.000008	2	0	0
12507	8381155-722011-0-0	apteka.103.by	0.000008	1	0	0
11868	5092869-134625-0-0	echo.msk.ru	0.000008	1	0	0
12513	5706550-280918-0-0	iz.ru	0.000008	3	0	0
11865	94346353-1232639-0-0	nauka.club	0.000072	2	0	0
11868	30477641-200831-0-0	www.trud.com	0.000008	2	0	0
11868	71813031-545728-0-0	www.gismeteo.ru	0.000008	12	0	0
12507	24063418-242868-0-0	stroy-podskazka.ru	0.000072	1	0	0
11904	3779511-263655-0-0	china59.ru	0.000008	1	0	0
11905	50363257-327452-0-0	beboo.ru	0.000008	2	0	0
12507	6727102-142542-0-0	v-kosmose.com	0.000008	1	0	0
11858	951248-127611-0-0	ru.infox.sg	0.000008	1	0	0
11857	75879660-522081-0-0	legkovmeste.ru	0.000072	1	0	0
11865	92519834-734981-0-0	page.ligaudio.ru	0.000008	1	0	0
12507	7517911-148375-0-0	5--tv-ru.turbopages.org	0.000008	1	0	0
11864	6438395-147025-0-0	my.mail.ru	0.000008	18	0	0
11857	52946227-335165-0-0	business--gazeta-ru.turbopages.org	0.000008	1	0	0
11905	2112549-91685-0-0	rmnt.mirtesen.ru	0.000008	1	0	0
11857	31734734-354099-0-0	m.tabor.ru	0.000008	13	0	0
12507	775153-334670-0-0	credits.ru	0.000008	1	0	0
9865	0-187544-0-0	vdorame.ru	0.000072	1	0	0
11865	8984986-335663-0-0	mimiledi.ru	0.000008	1	0	0
11858	7499692-148265-0-0	m.soccer.ru	0.000008	1	0	0
11858	6722348-216034-0-0	jobinruregion.ru	0.000008	2	0	0
11857	2004221-94787-0-0	berkat.ru	0.000008	1	0	0
12507	65443695-449419-0-0	www.ok-magazine.ru	0.000008	1	0	0
11909	24063418-242868-0-0	stroy-podskazka.ru	0.000008	1	0	0
12507	39077187-262482-0-0	teksty-pesenok.ru	0.000008	1	0	0
12512	93836300-1210014-0-0	www.bolshoyvopros.ru	0.000008	2	0	0
11858	89339234-620181-0-0	berrycredit.ru	0.000008	2	0	0
11868	65101275-578759-0-0	www.marieclaire.ru	0.000008	3	0	0
11865	91622640-698033-0-0	www.deti34.ru	0.000008	1	0	0
11909	7454804-147884-0-0	www.rabota-ipoisk.ru	0.000008	1	0	0
12512	65101275-578374-0-0	lenok28.www.nn.ru	0.000008	1	0	0
11865	61657907-412959-0-0	m.spletnik.ru	0.000008	5	0	0
11858	7234779-162377-0-0	www.kommersant.ru	0.000072	1	0	0
12507	54497203-471364-0-0	autogear.ru	0.000008	2	0	0
12507	69436445-474720-0-0	peopletalk.ru	0.000008	1	0	0
11865	34565813-750243-0-0	ru-908.telephonebase.com	0.000008	1	0	0
11909	6438395-353890-0-0	kino.mail.ru	0.000008	1	0	0
11904	32781733-221907-0-0	turkey.move.ru	0.000008	1	0	0
12507	19379947-701880-0-0	genshinpedia.ru	0.000008	2	0	0
11858	65949452-646937-0-0	food.inmyroom.ru	0.000008	1	0	0
12507	64297897-441824-0-0	spasibovsem.ru	0.000008	1	0	0
14058	40517-489803-0-0	www.yaplakal.com	0.000008	2	0	0
9866	0-187544-0-0	bladerunner.fandom.com	0.000072	1	0	0
12507	8381155-722011-0-0	apteka-103-by.turbopages.org	0.000008	2	0	0
12507	504193-28011-0-0	zr-ru.turbopages.org	0.000008	5	0	0
9012	36392-475082-0-0	teleprogramma.pro	0.00009	0	1	0
11909	67582700-704520-0-0	mockva-ru.turbopages.org	0.000008	1	0	0
12507	8379705-159020-0-0	smart-lab.ru	0.000008	2	0	0
12507	5350121-136704-0-0	football.kulichki.net	0.000008	3	0	0
12507	2464604-536234-0-0	forum.newsroyals.ru	0.000008	1	0	0
11864	2412782-189903-0-0	www.avito.ru	0.000008	9	0	0
11868	56953682-478194-0-0	www.inmyroom.ru	0.000008	5	0	0
12507	6734741-154950-0-0	drive2-ru.turbopages.org	0.000008	7	0	0
11868	1431309-188212-0-0	fbm.ru	0.000072	2	0	0
12507	488334-32874-0-0	medikforum-ru.turbopages.org	0.000008	2	0	0
11904	3309915-347598-0-0	ferma.expert	0.000008	1	0	0
9012	36392-475082-0-0	teleprogramma.pro	0.000061	11	0	0
11909	478574-219390-0-0	roomester.ru	0.000072	1	0	0
11905	2013471-87094-0-0	onlinetestpad.com	0.000008	3	0	0
12513	7234779-162377-0-0	www.kommersant.ru	0.000008	1	0	0
11857	2827134-468294-0-0	disertiki-ru.turbopages.org	0.000008	1	0	0
12509	32125188-749065-0-0	bloknot-voronezh.ru	0.000008	1	0	0
11860	5706550-281826-0-0	ren.tv	0.000072	1	0	0
11857	57648680-392466-0-0	onrealt.ru	0.000008	1	0	0
11905	2112549-91685-0-0	mt.tagilcity.ru	0.000008	1	0	0
11865	36338709-257091-0-0	visasam.ru	0.000008	1	0	0
11864	65101275-575584-0-0	www.e1.ru	0.000008	8	0	0
11791	65bd063b3720d703fa73072dcabb277a-9c78d4358b08e3587	turkru.tv	0.000072	3	0	0
12507	94959568-1279348-0-0	volna-murom.ru	0.000008	2	0	0
11857	15911475-183515-0-0	meteoinfo.ru	0.000008	1	0	0
12507	36143836-272894-0-0	car-ru.turbopages.org	0.000008	3	0	0
11860	1560494-70467-0-0	news.rambler.ru	0.000008	1	0	0
12507	93727595-984168-0-0	vsepredohraniteli.ru	0.000008	1	0	0
11860	5657713-273192-0-0	htfi.ru	0.000008	1	0	0
12512	7295714-188279-0-0	russian.rt.com	0.000072	1	0	0
11909	93087228-768550-0-0	www.expertcen.ru	0.000008	3	0	0
11857	1560494-348687-0-0	marena99-livejournal-com.turbopages.org	0.000008	1	0	0
14080	0-187544-0-0	you-anime.ru	0.00009	0	1	0
11904	1072605-202772-0-0	stroychik.ru	0.000008	1	0	0
12509	35979498-250002-0-0	mywebpc.ru	0.000008	1	0	0
12507	5809954-243666-0-0	vgoroden-ru.turbopages.org	0.000008	3	0	0
12507	8381155-721618-0-0	tab-103-kz.turbopages.org	0.000008	1	0	0
11868	92386429-746409-0-0	telik.top	0.000008	15	0	0
12512	1800553-387481-0-0	flower.wcb.ru	0.000008	1	0	0
11864	509629-29789-0-0	adfox.ru	0.000008	1	0	0
9864	0-187544-0-0	vdorame.ru	0.000072	1	0	0
12509	2393642-489917-0-0	multi-mama.ru	0.000008	1	0	0
12507	5809954-574656-0-0	samara-domostroyrf-ru.turbopages.org	0.000008	1	0	0
11909	48821797-320410-0-0	bryansk.gde.ru	0.000008	1	0	0
14056	0-216200-0-0	www.lentainform.com	0.000072	1	0	0
12513	70390261-623619-0-0	kinodomix.ru	0.000008	2	0	0
11858	4342450-128930-0-0	topwar.ru	0.000008	2	0	0
12509	6746465-142629-0-0	hh.ru	0.000008	1	0	0
11868	7235217-255279-0-0	dachamechty.ru	0.000072	1	0	0
11858	38661274-637001-0-0	knigkindom.ru	0.000008	1	0	0
11858	46431776-287922-0-0	reactor.cc	0.000008	1	0	0
11857	70118384-1255511-0-0	gercules-fit.turbopages.org	0.000008	1	0	0
11904	19548583-189727-0-0	help-wifi.com	0.000008	1	0	0
11857	51452342-496695-0-0	daily-inform.ru	0.000008	1	0	0
11865	93998579-1205222-0-0	deal.by	0.000008	2	0	0
9864	0-187544-0-0	knigi-audio.com	0.000072	1	0	0
11857	1180293-56287-0-0	www.kaluga-poisk.ru	0.000008	5	0	0
12509	65101275-578839-0-0	www.psychologies.ru	0.000072	5	0	0
11868	1412746-580826-0-0	www.litmir.me	0.000008	5	0	0
11865	2047853-448511-0-0	tekst-pesni.online	0.000008	1	0	0
11865	74098768-1220530-0-0	elektrika.expert	0.000008	1	0	0
12507	1918592-279312-0-0	biographe-ru.turbopages.org	0.000008	2	0	0
11857	43917111-353029-0-0	goroskop365.ru	0.000008	1	0	0
11864	6374880-141239-0-0	4pda.to	0.000008	1	0	0
11858	902346-59646-0-0	prokuratura-sovetskogo-okruga.omsk24.net	0.000008	1	0	0
12507	2443167-248121-0-0	tehnopanorama.ru	0.000008	1	0	0
11864	89834739-627758-0-0	www.meteonova.ru	0.000008	1	0	0
12507	45324596-283885-0-0	bugaga.ru	0.000008	1	0	0
11858	994452-53185-0-0	www.sarbc.ru	0.000008	1	0	0
11905	10322213-277627-0-0	100realt.ru	0.000008	3	0	0
9864	0-216200-0-0	ren.tv	0.000072	1	0	0
9012	41430-596944-0-0	www.hobobo.ru	0.000061	1	0	0
11864	6438395-152034-0-0	hi-tech.mail.ru	0.000008	5	0	0
12509	30544323-216950-0-0	razviwaika.ru	0.000008	1	0	0
11865	4782430-188668-0-0	www.glaz.tv	0.000072	3	0	0
12507	1801033-247350-0-0	mangalib.me	0.000072	14	0	0
11858	1801033-247350-0-0	mangalib.me	0.000008	1	0	0
11858	88683488-643583-0-0	hd01.ru	0.000008	1	0	0
11858	5550422-138437-0-0	tvzvezda.ru	0.000008	1	0	0
11857	2281756-325988-0-0	stirkaved-ru.turbopages.org	0.000008	1	0	0
12368	0-187544-0-0	knigi-audio.com	0.000072	1	0	0
11909	31577029-208599-0-0	soberi-kubik.ru	0.000008	1	0	0
12509	10398965-338210-0-0	tnt-premierru.ru	0.000008	1	0	0
11858	1728009-162266-0-0	www.1tv.ru	0.000008	3	0	0
11905	2112549-91685-0-0	mirtesen.ru	0.000008	7	0	0
9011	40621-491126-0-0	i-znatok.ru	0.000007	1	0	0
11865	1093597-153873-0-0	alternathistory.com	0.000008	1	0	0
11909	5165396-135358-0-0	newsroom24-ru.turbopages.org	0.000008	1	0	0
12507	8153363-187978-0-0	foodandhealth-ru.turbopages.org	0.000008	1	0	0
12507	31446184-207708-0-0	26--2-ru.turbopages.org	0.000008	1	0	0
12507	19548583-189727-0-0	help-wifi.com	0.000008	1	0	0
11864	6438395-147023-0-0	news.mail.ru	0.000008	15	0	0
11857	52754553-334303-0-0	gazeta.a42.ru	0.000008	1	0	0
11865	2412782-167915-0-0	www.domofond.ru	0.000008	1	0	0
11857	1151239-249152-0-0	kupidonia.ru	0.000008	1	0	0
11905	6732883-142543-0-0	base.garant.ru	0.000008	2	0	0
12507	91531139-1287754-0-0	severdv.ru	0.000008	1	0	0
12507	42813817-276165-0-0	znak-com.turbopages.org	0.000008	1	0	0
11905	2443167-387265-0-0	ok-wifi.ru	0.000072	1	0	0
11858	92576835-1247067-0-0	sertindas.ml	0.000008	1	0	0
11864	21606270-353867-0-0	kachestvoved.ru	0.000008	1	0	0
11864	3345663-125727-0-0	kazanfirst.ru	0.000008	1	0	0
11904	5057911-135142-0-0	www.lytkarino.su	0.000008	1	0	0
12507	1425748-62899-0-0	tomall.ru	0.000008	1	0	0
12512	393320-247170-0-0	www.comboplayer.ru	0.000008	1	0	0
12507	47713718-455204-0-0	practeco-ru.turbopages.org	0.000008	1	0	0
12507	1796140-74795-0-0	damataro.ru	0.000008	2	0	0
12507	65101275-579437-0-0	www.parents.ru	0.000008	2	0	0
11858	38959772-261795-0-0	pasmi.ru	0.000008	1	0	0
11858	8041433-273047-0-0	naukatehnika.com	0.000008	1	0	0
12512	72896180-498580-0-0	www.babyplan.ru	0.000072	1	0	0
12507	41296583-479805-0-0	stroyday.ru	0.000008	1	0	0
11865	4360456-647830-0-0	regioninformburo.ru	0.000008	1	0	0
11905	482002-23934-0-0	www.volzsky.ru	0.000072	1	0	0
11865	93360914-840292-0-0	avia.pro	0.000008	2	0	0
11858	62297482-417885-0-0	tverlife.ru	0.000008	1	0	0
11868	8562776-751699-0-0	regnum.ru	0.000008	1	0	0
11865	83199702-566184-0-0	vestart.ru	0.000008	1	0	0
11858	57197775-386896-0-0	portofranko-vl.ru	0.000008	1	0	0
11909	1730802-663161-0-0	livevideos.ru	0.000008	1	0	0
12509	33530085-232061-0-0	samara.cian.ru	0.000008	1	0	0
12509	65949452-563305-0-0	www.smol.kp.ru	0.000008	1	0	0
11865	93915523-1277765-0-0	samelectrik.ru	0.000008	1	0	0
12507	65949452-542792-0-0	radiokp.ru	0.000008	1	0	0
12507	8240866-155688-0-0	www.belnovosti.by	0.000008	9	0	0
11865	65717313-718160-0-0	raspisanie-avtobusov.online	0.000008	1	0	0
12507	3193994-118466-0-0	carexpert.ru	0.000008	1	0	0
11864	65101275-578374-0-0	www.nn.ru	0.000008	7	0	0
12507	60593289-405812-0-0	parcelsapp.com	0.000008	1	0	0
14057	44057-620855-0-0	minecraft.fandom.com	0.000072	1	0	0
11865	3945704-84705-0-0	lingust.ru	0.000008	1	0	0
12507	2308841-450317-0-0	mostbeautygirl.ru	0.000008	1	0	0
11868	434286-67013-0-0	astroscope.ru	0.000008	1	0	0
12509	65949452-515704-0-0	teleprogramma.pro	0.000072	14	0	0
11904	7665380-278402-0-0	puzzleheap.ru	0.000008	1	0	0
11865	897669-56459-0-0	pikabu.ru	0.000008	1	0	0
11868	93016036-755726-0-0	lafoy.ru	0.000008	1	0	0
11904	5350121-136704-0-0	football.kulichki.net	0.000008	2	0	0
11909	61657907-412959-0-0	m.spletnik.ru	0.000008	11	0	0
11909	799371-41196-0-0	www.sport.ru	0.000072	1	0	0
11857	1560494-225212-0-0	championat-com.turbopages.org	0.000008	2	0	0
12507	523900-231491-0-0	teleprogramma-pro.turbopages.org	0.000008	6	0	0
11864	91159049-655744-0-0	remanga.org	0.000008	4	0	0
12507	4817705-131942-0-0	www.u-mama.ru	0.000008	7	0	0
11909	93836300-1210014-0-0	www.bolshoyvopros.ru	0.000008	9	0	0
9866	0-187544-0-0	nversia.ru	0.000072	5	0	0
9865	0-187544-0-0	vdorame.ru	0.000113	1	1	0
12507	2281756-325988-0-0	stirkaved-ru.turbopages.org	0.000008	1	0	0
11909	65101275-575584-0-0	www.e1.ru	0.000008	5	0	0
11909	7632479-149423-0-0	rueconomics.ru	0.000072	1	0	0
11865	1370690-411988-0-0	sochi24.tv	0.000008	1	0	0
12507	5092869-134625-0-0	echo-msk-ru.turbopages.org	0.000008	3	0	0
12507	1571962-1220442-0-0	uspehbogatstvo.ru	0.000008	1	0	0
12507	395247-2681-0-0	agroserver.ru	0.000008	3	0	0
11857	87936520-601046-0-0	m.love.mail.ru	0.000008	2	0	0
11868	5451716-137716-0-0	informing-ru.turbopages.org	0.000008	1	0	0
11858	407197-91828-0-0	burdastyle.ru	0.000008	3	0	0
12507	94624243-1256505-0-0	twizz.ru	0.000008	2	0	0
11868	509629-486824-0-0	rg-ru.turbopages.org	0.000008	1	0	0
11865	5934165-140290-0-0	spravkaru.info	0.000008	1	0	0
11905	56330162-381389-0-0	kumertau.mebel-store.com	0.000008	1	0	0
11858	475686-728766-0-0	amedia.online	0.000008	3	0	0
11909	1024057-50948-0-0	eva.ru	0.000008	1	0	0
11908	861877-5369-0-0	495ru.ru	0.000008	1	0	0
11904	92442305-731887-0-0	show-biz-news.com	0.000008	1	0	0
11868	87276007-592220-0-0	www.avtovzglyad.ru	0.000008	4	0	0
11857	75879660-522085-0-0	calcsoft.ru	0.000008	1	0	0
11865	74098768-1208477-0-0	stiralkainfo.ru	0.000008	1	0	0
11864	31446184-704553-0-0	www.buhsoft.ru	0.000008	2	0	0
11864	65101275-575586-0-0	ngs.ru	0.000008	3	0	0
11868	1380725-208191-0-0	gazetabiznes.ru	0.000008	1	0	0
11865	8562776-1216711-0-0	www.gastronom.ru	0.000008	2	0	0
9866	0-187544-0-0	7dach.ru	0.000072	1	0	0
9866	0-187544-0-0	kpop.fandom.com	0.000072	1	0	0
12507	33530085-232061-0-0	vladimir.cian.ru	0.000008	1	0	0
11864	33662969-233503-0-0	www.novgorod.ru	0.000008	1	0	0
11868	8562776-753408-0-0	pda.orsk.ru	0.000008	4	0	0
11909	4438373-129798-0-0	xn----ctbsbazhbctieai.ru-an.info	0.000008	1	0	0
11858	8625293-179817-0-0	www.ontvtime.ru	0.000008	2	0	0
12507	38661274-737529-0-0	knigger.com	0.000008	1	0	0
11865	2070206-111588-0-0	noticia.ru	0.000008	1	0	0
11865	3874619-125894-0-0	bash.im	0.000008	1	0	0
12507	4278089-440092-0-0	avtonauka-ru.turbopages.org	0.000008	1	0	0
11868	75672395-1247854-0-0	gamaverse.ru	0.000008	1	0	0
11857	7295714-153743-0-0	russian.rt.com	0.000008	3	0	0
12507	421377-258196-0-0	b17-ru.turbopages.org	0.000008	3	0	0
11909	494474-102843-0-0	otzovik.com	0.000008	5	0	0
11868	8562776-752001-0-0	aif.ru	0.000008	2	0	0
11864	9598552-175106-0-0	www.forbes.ru	0.000008	3	0	0
11904	3281497-136716-0-0	m.sport-express.ru	0.000072	3	0	0
12507	3223322-444488-0-0	yborka-online.turbopages.org	0.000008	1	0	0
11864	65101275-578374-0-0	komsomol.www.nn.ru	0.000008	1	0	0
10208	b2ebca6eba370ba3ec81c0c930b1fa58-e51f82ea9d9d1a62d	turkcinema.org	0.000072	1	0	0
12507	44995577-290507-0-0	wisegeek.ru	0.000008	2	0	0
12509	53860057-342706-0-0	prufy.ru	0.000008	1	0	0
11865	93335226-830873-0-0	www.eg.ru	0.000072	1	0	0
11857	7687782-448212-0-0	profile.ru	0.000008	7	0	0
11858	897820-132999-0-0	astraclub.ru	0.000008	1	0	0
11904	8872690-162574-0-0	www.barahla.net	0.000008	1	0	0
11791	65bd063b3720d703fa73072dcabb277a-9c78d4358b08e3587	hd-1.videobox.cx	0.000008	1	0	0
11857	1386626-1294341-0-0	readmanga.io	0.000008	1	0	0
12507	26809064-732283-0-0	stopclimax.ru	0.000008	1	0	0
12507	504193-28011-0-0	www.zr.ru	0.000008	11	0	0
10049	817-4066-0-0	you-anime.ru	0.000072	2	0	0
11868	71885840-490795-0-0	www.nur.kz	0.000008	2	0	0
12507	93868403-991120-0-0	sportkp.ru	0.000008	2	0	0
11865	40220325-603717-0-0	xn--80aanyip7d.xn--p1ai	0.000008	2	0	0
12507	93016036-755726-0-0	lafoy-ru.turbopages.org	0.000008	1	0	0
11905	2862172-213796-0-0	tvorcheskie-proekty.ru	0.000008	1	0	0
12507	3293020-125354-0-0	goodhouse-ru.turbopages.org	0.000008	3	0	0
12509	6746465-142629-0-0	novgorod.hh.ru	0.000008	1	0	0
11868	43061655-276631-0-0	vz.ru	0.000008	1	0	0
12507	3223322-746020-0-0	agronom-guru.turbopages.org	0.000008	1	0	0
11865	1730802-663161-0-0	livevideos.ru	0.000008	1	0	0
12507	48537776-547400-0-0	jut.su	0.000072	7	0	0
11857	36493473-331594-0-0	konkurent.ru	0.000008	2	0	0
11909	38661274-737529-0-0	knigger.com	0.000008	1	0	0
11868	1412746-1207820-0-0	m.iamcook.ru	0.000008	1	0	0
11857	24111355-1291364-0-0	readmanga.io	0.000008	3	0	0
11857	54497203-471364-0-0	autogear.ru	0.000008	1	0	0
11865	92149542-716935-0-0	playmaker24.ru	0.000008	1	0	0
11909	1945809-344973-0-0	touristam.com	0.000008	1	0	0
11865	89459135-727933-0-0	akki-carsh.ru	0.000008	1	0	0
11904	5599278-138742-0-0	www.atorus.ru	0.000008	1	0	0
12507	1442126-81472-0-0	domosedy.com	0.000008	1	0	0
11858	47627774-490519-0-0	vestor-ru.ru	0.000008	1	0	0
11909	575797-267611-0-0	m.newsbryansk.ru	0.000008	1	0	0
9012	35566-603693-0-0	www.kleo.ru	0.000061	1	0	0
11904	73622320-500250-0-0	ktv-ray.ru	0.000008	5	0	0
12507	66477513-1260304-0-0	whatssapps.ru	0.000008	1	0	0
12507	473106-94916-0-0	anekdotov.net	0.000008	1	0	0
12507	897795-259376-0-0	www.ixbt.com	0.000008	2	0	0
11857	87936520-601046-0-0	love.mail.ru	0.000008	7	0	0
11909	1860475-78764-0-0	cityreporter-ru.turbopages.org	0.000008	1	0	0
11904	10322213-277627-0-0	100realt.ru	0.000008	2	0	0
11865	8109637-670835-0-0	innov-invest.ru	0.000008	1	0	0
12507	985920-49912-0-0	www.vidal.ru	0.000008	5	0	0
11865	8381155-722011-0-0	apteka.103.by	0.000008	1	0	0
11865	5092869-134625-0-0	echo.msk.ru	0.000008	3	0	0
11909	91159049-655744-0-0	remanga.org	0.000008	2	0	0
12507	93736421-989340-0-0	kylinariya-ru.turbopages.org	0.000008	2	0	0
11868	50521278-327084-0-0	360tv-ru.turbopages.org	0.000008	2	0	0
12507	33530085-232061-0-0	krasnodar.cian.ru	0.000008	3	0	0
12507	68133542-467211-0-0	osnmedia-ru.turbopages.org	0.000008	2	0	0
12509	985920-49912-0-0	www.vidal.ru	0.000008	2	0	0
12507	74149893-515015-0-0	iskracats.unoforum.pro	0.000008	1	0	0
12507	4629890-334578-0-0	love-sims.ru	0.000008	1	0	0
11909	3293020-129405-0-0	cosmo-ru.turbopages.org	0.000008	1	0	0
12507	93599099-944073-0-0	deti-online.com	0.000072	4	0	0
11865	93335226-830873-0-0	www.eg.ru	0.000008	5	0	0
11791	79-1797-0-0	ads.betweendigital.com	0.000008	3	0	0
11909	45469338-382163-0-0	webcams24.online	0.000008	1	0	0
12507	34351736-270437-0-0	www.yaplakal.com	0.000008	1	0	0
11868	93683367-979907-0-0	aktnews.ru	0.000008	6	0	0
11909	35380507-474712-0-0	nozhik.online	0.000008	1	0	0
11904	48821797-320410-0-0	sovetsk.gde.ru	0.000008	1	0	0
11865	523537-187969-0-0	notdrink.ru	0.000008	2	0	0
11909	974947-49517-0-0	9111-ru.turbopages.org	0.000008	7	0	0
12507	7687782-448212-0-0	profile.ru	0.000072	20	0	0
11858	65101275-575584-0-0	www.e1.ru	0.000008	2	0	0
11865	5878455-139705-0-0	7dach.ru	0.000008	3	0	0
11860	71813031-490450-0-0	www.gismeteo.ru	0.000008	2	0	0
12507	65101275-479384-0-0	fontanka-ru.turbopages.org	0.000008	2	0	0
12507	908082-614008-0-0	beautyart-pro.turbopages.org	0.000008	1	0	0
11909	1851489-1285817-0-0	chelyabinsk.moyaspravka.ru	0.000008	1	0	0
12507	42813817-276165-0-0	www.znak.com	0.000008	11	0	0
11865	21500732-189565-0-0	www.yalta-24.ru	0.000008	1	0	0
11909	6438395-353890-0-0	tv.mail.ru	0.000008	13	0	0
11865	4438373-129798-0-0	xn----ctbbwlldibd3aei7k.ru-an.info	0.000008	1	0	0
11868	51898059-1255444-0-0	www.holtv9.ru	0.000008	1	0	0
12507	64297897-441824-0-0	spasibovsem-ru.turbopages.org	0.000008	1	0	0
12507	5480645-142080-0-0	www.babyblog.ru	0.000008	1	0	0
11905	61678927-855384-0-0	read13.w10.lovereads.ru	0.000008	4	0	0
11865	5387468-155559-0-0	zebra-tv.ru	0.000008	1	0	0
11865	69816178-609280-0-0	avtostandart-m24.ru	0.000008	2	0	0
12507	91622640-695321-0-0	vseprorebenka.ru	0.000008	1	0	0
11864	86690274-720450-0-0	iarex.ru	0.000008	1	0	0
11904	5510286-138138-0-0	razlozhi.ru	0.000008	9	0	0
11858	1799095-185182-0-0	banknotes-coins.ru	0.000008	1	0	0
11865	66477513-721920-0-0	whatsapp03.ru	0.000008	1	0	0
12507	32380414-216896-0-0	domnomore.com	0.000008	1	0	0
12507	1386626-1294341-0-0	readmanga.io	0.000008	1	0	0
9866	0-187544-0-0	knigi-audio.com	0.000072	2	0	0
11865	429405-43024-0-0	hullabaloo.ru	0.000008	1	0	0
11858	93836300-1210023-0-0	www.remotvet.ru	0.000008	1	0	0
12507	1322075-70350-0-0	fb-ru.turbopages.org	0.000008	5	0	0
11864	65101275-578374-0-0	morkovki.www.nn.ru	0.000008	1	0	0
12507	54464709-342612-0-0	korzik.net	0.000008	1	0	0
12507	94848661-1268895-0-0	povar-ru.turbopages.org	0.000008	5	0	0
12507	24063418-190744-0-0	vplate.ru	0.000072	2	0	0
11857	728568-69138-0-0	pozdravok.ru	0.000008	4	0	0
12507	2281756-276839-0-0	ogorodum-ru.turbopages.org	0.000008	1	0	0
12507	49657268-323488-0-0	mastergrad.com	0.000008	2	0	0
11857	517647-105265-0-0	xn----8sbfj5d.xn-----8kchlyhgw2ar.xn----8sbbjfegpwdxiia3as4v.xn----9sbbbpi8a9bt6f.xn--p1ai	0.000008	2	0	0
11865	47713718-455204-0-0	practeco.ru	0.000008	1	0	0
11864	91864171-708690-0-0	www.vesti.ru	0.000072	1	0	0
10049	3938cf97ea84e2a9485f979e908bda87-be42ed724014c720b	www.yaplakal.com	0.000008	1	0	0
11864	90735060-644220-0-0	otzyv.ru	0.000008	1	0	0
9012	35253-620156-0-0	doctorpiter.ru	0.000061	1	0	0
11909	37786383-259198-0-0	www.bolshoyvopros.ru	0.000008	4	0	0
11865	88351087-745818-0-0	www.amur.life	0.000008	1	0	0
12507	985313-152565-0-0	trinixy-ru.turbopages.org	0.000008	1	0	0
9866	0-187544-0-0	deita.ru	0.000072	1	0	0
11864	18373836-583013-0-0	migeek.ru	0.000008	1	0	0
12509	33530085-232061-0-0	solnechnogorsk.cian.ru	0.000008	1	0	0
12507	91556557-680021-0-0	tyulyagin-ru.turbopages.org	0.000008	1	0	0
9866	0-216200-0-0	ren.tv	0.000072	1	0	0
12507	7687782-448212-0-0	profile.ru	0.000008	27	0	0
14056	0-216200-0-0	ren.tv	0.000072	1	0	0
12513	1728009-162266-0-0	www.1tv.ru	0.000008	1	0	0
11858	2412782-189903-0-0	www.avito.ru	0.000008	8	0	0
12507	1374984-663357-0-0	obsuzhday.com	0.000008	3	0	0
12507	91429347-721133-0-0	termogurus.ru	0.000008	1	0	0
12507	73131571-1263875-0-0	tourism-interfax-ru.turbopages.org	0.000008	5	0	0
11909	6734741-142545-0-0	www.drive2.ru	0.000008	6	0	0
11909	7295714-153743-0-0	russian-rt-com.turbopages.org	0.000008	1	0	0
11909	1151239-249152-0-0	kupidonia.ru	0.000008	2	0	0
9869	0-187544-0-0	24smi.org	0.000072	1	0	0
12507	1818286-494149-0-0	sovet-ingenera.com	0.000072	1	0	0
12378	34951-104560-0-0	www.baby.ru	0.000061	1	0	0
11864	56953682-478194-0-0	www.inmyroom.ru	0.000008	1	0	0
14080	0-187544-0-0	you-anime.ru	0.000113	2	2	0
12512	457774-12709-0-0	www.min2win.ru	0.000008	1	0	0
11865	2412782-189903-0-0	www.avito.ru	0.000008	1	0	0
11909	57648680-392466-0-0	onrealt.ru	0.000008	1	0	0
11865	494474-102843-0-0	otzovik.com	0.000008	14	0	0
11857	91411553-671414-0-0	intrigue.dating	0.000072	1	0	0
11858	74149893-506326-0-0	curama.mybb.ru	0.000008	1	0	0
11857	805568-239247-0-0	cosmo-frost.ru	0.000072	1	0	0
12512	8176469-155098-0-0	forum.na-svyazi.ru	0.000008	1	0	0
11909	41718227-524145-0-0	ogoroscope.ru	0.000008	1	0	0
11858	1428778-62775-0-0	forum.littleone.ru	0.000008	3	0	0
12507	50363257-327452-0-0	beboo.ru	0.000008	1	0	0
12509	70390261-1242416-0-0	golosros.ru	0.000008	1	0	0
11904	1322075-70350-0-0	fb.ru	0.000008	1	0	0
11865	6557105-250544-0-0	www.interfax.ru	0.000008	1	0	0
12507	3223322-288741-0-0	stroim--domik-org.turbopages.org	0.000008	1	0	0
12507	90720690-643887-0-0	mir-knig.com	0.000008	30	0	0
12507	65101275-576513-0-0	v1.ru	0.000008	2	0	0
12507	479819-321227-0-0	cjbars.ru	0.000008	1	0	0
11905	2136783-93002-0-0	katalogturbaz.ru	0.000008	1	0	0
11791	10-844-0-0	otvertka.space	0.000008	1	0	0
12507	1442126-81472-0-0	sci-hit.com	0.000008	1	0	0
11909	1399964-1311574-0-0	pythonru.com	0.000008	6	0	0
12507	31288308-214714-0-0	magya-online.ru	0.000008	1	0	0
12507	36472703-407939-0-0	cameralabs-org.turbopages.org	0.000008	1	0	0
12509	65949452-646933-0-0	www.zr.ru	0.000008	2	0	0
11904	4624495-130614-0-0	www.vazhno.ru	0.000008	1	0	0
11858	94655083-1259083-0-0	livebir.ru	0.000008	1	0	0
12507	84665160-1250068-0-0	www.sberometer.ru	0.000008	1	0	0
11868	5092531-223754-0-0	ura-news.turbopages.org	0.000008	1	0	0
9012	41430-621542-0-0	www.myshared.ru	0.000061	1	0	0
11857	38661274-725920-0-0	doramiru.com	0.000008	1	0	0
12509	65949452-453595-0-0	rg.ru	0.000008	13	0	0
11857	439834-240654-0-0	xn--80ac9aeh6f.xn--p1ai	0.000008	2	0	0
11858	1312384-59770-0-0	izgr.ru	0.000008	1	0	0
11909	47153782-290659-0-0	expertology.ru	0.000008	1	0	0
11865	42813817-276165-0-0	www.znak.com	0.000008	1	0	0
11909	5092869-134625-0-0	echo.msk.ru	0.000008	1	0	0
11868	2412782-419507-0-0	m.avito.ru	0.000008	163	0	0
14056	0-216200-0-0	nauka.club	0.000072	1	0	0
12507	32577722-219842-0-0	4-foto-1-slovo-otvety.ru	0.000008	1	0	0
12507	33260058-468006-0-0	litbro-ru.turbopages.org	0.000008	2	0	0
11857	65101275-446888-0-0	www.ellegirl.ru	0.000008	4	0	0
11909	91235966-660718-0-0	lifehacker-ru.turbopages.org	0.000008	1	0	0
11858	2412782-419506-0-0	www.avito.ru	0.000008	173	0	0
12512	10311694-330015-0-0	kovka.guru	0.000008	1	0	0
9865	0-216200-0-0	m.pg11.ru	0.000072	1	0	0
11909	18769889-236109-0-0	vin01.ru	0.000008	1	0	0
11909	74526880-541957-0-0	fishki-net.turbopages.org	0.000008	2	0	0
9866	0-187544-0-0	www.lentainform.com	0.000072	2	0	0
11865	1804028-77961-0-0	delo-vcusa.ru	0.000008	1	0	0
11864	6438395-142108-0-0	e.mail.ru	0.000008	187	0	0
12507	74526880-541957-0-0	fishki-net.turbopages.org	0.000008	1	0	0
11864	6557105-250544-0-0	www.interfax.ru	0.000072	2	0	0
12507	38661274-268952-0-0	shymkent.newauto.kz	0.000008	1	0	0
11909	25224713-191065-0-0	spektr.press	0.000008	1	0	0
11865	30789424-200811-0-0	sankt-peterburg.naydidom.com	0.000008	1	0	0
12507	2412782-419507-0-0	m.avito.ru	0.000008	618	0	0
11909	34181456-696079-0-0	excellent-moto.ru	0.000008	2	0	0
11904	32837946-260807-0-0	tehno-rating.ru	0.000072	1	0	0
11865	91778881-710357-0-0	solerno.ru	0.000008	1	0	0
12507	53860057-339287-0-0	prufy-ru.turbopages.org	0.000008	1	0	0
11858	87936520-601046-0-0	love.mail.ru	0.000008	2	0	0
11865	8381155-721605-0-0	bobsoccer.ru	0.000008	1	0	0
11909	39315718-670927-0-0	volga--day-ru.turbopages.org	0.000008	2	0	0
11909	43061655-276631-0-0	m.vz.ru	0.000008	4	0	0
12507	94959568-1281606-0-0	timnews.ru	0.000008	6	0	0
12512	65101275-578374-0-0	komsomol.www.nn.ru	0.000008	1	0	0
12367	0-187544-0-0	www.mk.ru	0.000072	1	0	0
12507	51898059-569211-0-0	4ege.ru	0.000008	1	0	0
11868	1435993-595993-0-0	edimdoma-ru.turbopages.org	0.000008	1	0	0
11858	1432019-400402-0-0	www.glaz.tv	0.000072	2	0	0
11857	7687782-448212-0-0	profile.ru	0.000072	6	0	0
12512	67927110-465670-0-0	panoramapro.ru	0.000008	1	0	0
11868	897808-138129-0-0	aif.ru	0.000008	2	0	0
12507	84095089-571613-0-0	news-obozrevatel-com.turbopages.org	0.000008	10	0	0
11858	38965063-262928-0-0	bankstoday.net	0.000008	1	0	0
11868	371996-604547-0-0	lapkins.ru	0.000008	1	0	0
12507	65101275-579434-0-0	www.elledecoration.ru	0.000008	1	0	0
11860	2390032-357688-0-0	www.msn.com	0.000008	5	0	0
12507	24111355-1291364-0-0	readmanga.io	0.000008	9	0	0
12512	51898059-1238537-0-0	ucrazy.ru	0.000008	4	0	0
11904	47693966-748252-0-0	prosto-top.com	0.000008	2	0	0
11904	32629291-322023-0-0	addons-wow.ru	0.000072	1	0	0
12507	3293020-129405-0-0	www.cosmo.ru	0.000008	5	0	0
11864	36882225-268239-0-0	www.newkaliningrad.ru	0.000008	1	0	0
12509	73222433-496671-0-0	trollitota.d3.ru	0.000008	1	0	0
11857	1560494-350937-0-0	moslenta-ru.turbopages.org	0.000008	1	0	0
12509	4817705-131942-0-0	www.u-mama.ru	0.000008	6	0	0
11909	7867970-208469-0-0	sinonim.org	0.000008	2	0	0
11860	94346353-1290933-0-0	www.hobobo.ru	0.000008	1	0	0
11909	33245886-249016-0-0	promindex.ru	0.000008	1	0	0
11909	73147933-495963-0-0	makeword.ru	0.000008	1	0	0
12507	65101275-575586-0-0	ngs.ru	0.000008	2	0	0
11905	460445-136553-0-0	xn--b1algemdcsb.xn--p1ai	0.000008	1	0	0
12507	36446828-280139-0-0	www.13idei.ru	0.000008	1	0	0
12507	5807085-481830-0-0	rus--songs-ru.turbopages.org	0.000008	1	0	0
12507	36859922-255561-0-0	medside-ru.turbopages.org	0.000008	4	0	0
12507	48537776-547400-0-0	jut.su	0.000008	1	0	0
12507	3293020-129405-0-0	cosmo-ru.turbopages.org	0.000008	3	0	0
12509	95171232-1293139-0-0	m.leboard.ru	0.000008	1	0	0
12512	4624495-130614-0-0	www.vazhno.ru	0.000008	3	0	0
11858	526810-50894-0-0	www.ds64.ru	0.000008	1	0	0
12507	523143-1235481-0-0	handmade--garden-ru.turbopages.org	0.000008	1	0	0
12509	65949452-1215721-0-0	www.tourprom.ru	0.000072	3	0	0
12367	0-187544-0-0	deita.ru	0.000072	1	0	0
11904	87276007-592219-0-0	www.mk.ru	0.000008	2	0	0
11864	444832-78383-0-0	tragos.ru	0.000008	1	0	0
9012	35566-569446-0-0	deita.ru	0.000061	1	0	0
11909	32039088-212225-0-0	tehnika.expert	0.000008	1	0	0
11904	8380341-664713-0-0	sotoguide.ru	0.000008	1	0	0
12507	8562776-755200-0-0	onedio.ru	0.000008	1	0	0
11909	32511802-224647-0-0	balkon4life.ru	0.000008	1	0	0
11904	1082674-191812-0-0	pirogeevo.ru	0.000008	1	0	0
12507	32657900-220340-0-0	iz-ru.turbopages.org	0.000008	13	0	0
12512	42813817-276165-0-0	www.znak.com	0.000008	1	0	0
11909	7234779-240630-0-0	kommersant-ru.turbopages.org	0.000008	1	0	0
12513	84665160-613734-0-0	www.zaycev.fm	0.000008	1	0	0
11909	4684670-155160-0-0	www.ogorod.ru	0.000008	1	0	0
12507	36493473-331129-0-0	primpress.ru	0.000008	1	0	0
11858	65101275-578374-0-0	www.nn.ru	0.000008	3	0	0
12507	89739637-974075-0-0	bwe.su	0.000008	1	0	0
9866	0-187544-0-0	klops.ru	0.000072	2	0	0
9866	0-187544-0-0	phasmophobia.fandom.com	0.000072	1	0	0
11857	92092887-971493-0-0	forum.mista.ru	0.000008	1	0	0
11865	5339948-223247-0-0	bodybuilding-and-fitness.ru	0.000008	1	0	0
11865	8535048-159183-0-0	www.moyareklama.ru	0.000008	1	0	0
12507	39315718-263889-0-0	bimru-ru.turbopages.org	0.000008	1	0	0
11857	1560494-344753-0-0	gazeta-ru.turbopages.org	0.000008	10	0	0
12509	883984-55588-0-0	www.popcornnews.ru	0.000008	5	0	0
12512	3849096-126345-0-0	www.gorodche.ru	0.000008	3	0	0
11865	92863166-750476-0-0	www.litlib.net	0.000008	1	0	0
12507	544535-187065-0-0	rusfermer.net	0.000008	1	0	0
11905	4482117-129967-0-0	aftershock.news	0.000008	4	0	0
12507	91159049-655744-0-0	remanga.org	0.000008	2	0	0
12507	2268602-102464-0-0	hi--news-ru.turbopages.org	0.000008	1	0	0
12507	51898059-1268592-0-0	fclmnews.ru	0.000008	1	0	0
9866	0-216200-0-0	www.lentainform.com	0.000072	6	0	0
11904	8054248-216855-0-0	ir-center.ru	0.000008	1	0	0
14055	0-187544-0-0	deita.ru	0.000072	1	0	0
11868	39315718-724782-0-0	informing-ru.turbopages.org	0.000008	3	0	0
11909	2029124-87589-0-0	www.vzsar.ru	0.000008	1	0	0
11791	65bd063b3720d703fa73072dcabb277a-9c78d4358b08e3587	gdz24.com	0.000008	1	0	0
12507	352391-11417-0-0	otherreferats.allbest.ru	0.000008	1	0	0
12507	8381155-721620-0-0	bankiros-ru.turbopages.org	0.000008	1	0	0
12507	64251064-441513-0-0	kamin--expert-ru.turbopages.org	0.000008	1	0	0
12507	32629291-322023-0-0	addons-wow.ru	0.000072	1	0	0
12507	36882225-351721-0-0	tulskaya-obl.irr.ru	0.000008	1	0	0
11904	2424319-224668-0-0	fermers.ru	0.000008	1	0	0
11904	455101-11704-0-0	www.buhgalteria.ru	0.000008	1	0	0
12507	73147933-495963-0-0	makeword.ru	0.000008	1	0	0
11909	8304812-158946-0-0	msk.wikiotzyv.org	0.000008	1	0	0
11857	509780-626550-0-0	v102-ru.turbopages.org	0.000008	1	0	0
12507	88522591-609547-0-0	sadsezon-com.turbopages.org	0.000008	1	0	0
12507	974947-49517-0-0	9111-ru.turbopages.org	0.000008	3	0	0
11857	87936520-601046-0-0	www.mamba.ru	0.000008	9	0	0
11868	91469472-675432-0-0	online812.ru	0.000008	1	0	0
11868	897669-56459-0-0	pikabu.ru	0.000008	12	0	0
11865	4342450-128930-0-0	topwar.ru	0.000008	2	0	0
9866	0-187544-0-0	www.sport-express.ru	0.000072	1	0	0
11904	47627774-490519-0-0	vestor-ru.ru	0.000008	1	0	0
13580	1dede33b-462b-4625-af5b-3988653b2088-3A6B7EC5-AA3B	ren.tv	0.000142	1	0	0
11865	2112549-91685-0-0	rupslt.mirtesen.ru	0.000008	1	0	0
11857	56336832-381479-0-0	m.tabor.ru	0.000008	6	0	0
9864	0-187544-0-0	rossaprimavera.ru	0.000072	1	0	0
12507	30952014-579430-0-0	punkt--a-info.turbopages.org	0.000008	2	0	0
12509	65949452-732355-0-0	v-kosmose.com	0.000008	1	0	0
12507	91491167-675978-0-0	art-dot.ru	0.000008	1	0	0
11858	5878455-139705-0-0	7dach.ru	0.000008	2	0	0
14055	0-187544-0-0	www.hobobo.ru	0.000072	2	0	0
11904	88690383-611984-0-0	jaomix.ru	0.000072	1	0	0
11858	92159136-717302-0-0	minnow.ru	0.000008	2	0	0
11868	3090793-147280-0-0	pravoved.ru	0.000008	8	0	0
11909	2295193-381840-0-0	folkmir.ru	0.000008	1	0	0
11865	89459135-727977-0-0	profservice24.ru	0.000008	1	0	0
11858	92519834-1268160-0-0	mp3uks.ru	0.000008	2	0	0
11909	90720690-643887-0-0	mir-knig.com	0.000008	9	0	0
11909	41531702-829641-0-0	re.kufar.by	0.000008	1	0	0
11868	92928962-752036-0-0	animego.org	0.000072	1	0	0
11864	532164-35333-0-0	forum.mfd.ru	0.000008	1	0	0
11858	5310835-54239-0-0	autobuy.ru	0.000008	1	0	0
13683	36195-472385-0-0	www.mk.ru	0.000061	1	0	0
11904	87276007-592219-0-0	www.mk.ru	0.000072	2	0	0
12513	56953682-478194-0-0	www.inmyroom.ru	0.000008	1	0	0
11858	65101275-575586-0-0	ngs.ru	0.000008	1	0	0
12507	65949452-563305-0-0	www.tambov.kp.ru	0.000008	1	0	0
12507	6706937-586581-0-0	wtftime-ru.turbopages.org	0.000008	1	0	0
9869	0-187544-0-0	profile.ru	0.000072	1	0	0
11860	5706550-281826-0-0	ren.tv	0.000008	3	0	0
12507	51526388-237403-0-0	povarenok-ru.turbopages.org	0.000008	2	0	0
11857	8381155-721610-0-0	lentachel.ru	0.000008	1	0	0
11865	93584132-938732-0-0	wer.ru	0.000008	1	0	0
11864	2960135-423317-0-0	konkurent.ru	0.000008	1	0	0
11909	595659-124391-0-0	calendar.yoip.ru	0.000008	1	0	0
13677	43650-609027-0-0	klops.ru	0.000061	2	0	0
11905	503611-30324-0-0	tyumen.blizko.ru	0.000008	1	0	0
12509	33530085-232061-0-0	omsk.cian.ru	0.000008	1	0	0
11858	49657268-323488-0-0	mastergrad.com	0.000008	2	0	0
11865	7975544-153745-0-0	tass.ru	0.000008	4	0	0
11858	93599099-944073-0-0	deti-online.com	0.000072	1	0	0
12507	65101275-684050-0-0	starhit-ru.turbopages.org	0.000008	1	0	0
11791	65bd063b3720d703fa73072dcabb277a-9c78d4358b08e3587	b.1ordfilm.art	0.000008	1	0	0
11864	37098483-256588-0-0	oktools.ru	0.000008	2	0	0
11865	420776-1993-0-0	www.exler.ru	0.000008	1	0	0
11868	65101275-578603-0-0	www.fontanka.ru	0.000008	1	0	0
11857	2251717-441025-0-0	karaosha.ru	0.000008	2	0	0
11865	8562776-854242-0-0	forum.littleone.ru	0.000008	1	0	0
11909	24063418-483483-0-0	manrule.ru	0.000008	1	0	0
12507	65101275-575584-0-0	www.e1.ru	0.000008	1	0	0
12509	6746465-142629-0-0	belgorod.hh.ru	0.000008	1	0	0
9012	36195-472385-0-0	www.mk.ru	0.000061	2	0	0
11864	51898059-1289595-0-0	www.goha.ru	0.000008	1	0	0
11864	30770958-200791-0-0	master-forum.ru	0.000008	1	0	0
11865	2412782-419506-0-0	www.avito.ru	0.000008	344	0	0
11864	4482117-129967-0-0	aftershock.news	0.000008	1	0	0
9012	36195-472385-0-0	ulan.mk.ru	0.000061	1	0	0
12507	9612769-387214-0-0	bioros.net	0.000008	1	0	0
11868	91864171-708690-0-0	www.vesti.ru	0.000008	1	0	0
12507	2412782-419506-0-0	www.avito.ru	0.000008	31	0	0
9012	33827-604478-0-0	www.film.ru	0.000061	1	0	0
11865	5527307-138240-0-0	govoritmoskva.ru	0.000008	1	0	0
12507	494474-102843-0-0	otzovik.com	0.000008	23	0	0
11791	65bd063b3720d703fa73072dcabb277a-9c78d4358b08e3587	zetserial.online	0.000008	2	0	0
9866	0-187544-0-0	24smi.org	0.000072	1	0	0
11909	1572504-122301-0-0	app-time.ru	0.000008	1	0	0
12512	65101275-447176-0-0	www.nn.ru	0.000008	3	0	0
12507	36493473-331594-0-0	konkurent.ru	0.000008	12	0	0
11865	92147898-728471-0-0	eskulap-plus.ru	0.000008	1	0	0
11791	6d4e33980ff0d340926898fa68e2f0cf-ac0cfa0dfcc0909ac	www.animeonline.cc	0.000072	1	0	0
12509	65949452-552207-0-0	www.edimdoma.ru	0.000008	1	0	0
11868	8562776-753104-0-0	www.inmyroom.ru	0.000008	4	0	0
12507	1728009-162266-0-0	1tv-ru.turbopages.org	0.000008	1	0	0
11868	93335226-830873-0-0	eg-ru.turbopages.org	0.000008	1	0	0
12367	0-187544-0-0	24smi.org	0.000072	1	0	0
11857	4682439-130997-0-0	sevastopol.su	0.000008	1	0	0
12507	92453275-732287-0-0	11novosti.ru	0.000008	4	0	0
12507	7295714-153743-0-0	russian.rt.com	0.000072	5	0	0
11857	31023497-255643-0-0	zachestnyibiznes.ru	0.000008	1	0	0
11857	3293020-129405-0-0	www.cosmo.ru	0.000008	1	0	0
11858	1560494-660797-0-0	mail.rambler.ru	0.000008	9	0	0
11865	24111355-1291364-0-0	readmanga.io	0.000008	1	0	0
12507	1133796-430869-0-0	www.rulit.me	0.000008	2	0	0
12507	94346353-1290933-0-0	www.hobobo.ru	0.000008	1	0	0
12507	58308943-394914-0-0	parmanews.ru	0.000008	2	0	0
11909	5387468-155559-0-0	zebra-tv.ru	0.000008	1	0	0
12507	61701008-441696-0-0	mebel--designing-ru.turbopages.org	0.000008	1	0	0
11857	8236148-168743-0-0	baby-ru.turbopages.org	0.000008	1	0	0
11904	82182983-561692-0-0	vyborexperta.ru	0.000008	3	0	0
11857	1560494-348649-0-0	eda-ru.turbopages.org	0.000008	1	0	0
11909	5206409-119972-0-0	moreidey.ru	0.000008	1	0	0
12367	0-187544-0-0	www.hobobo.ru	0.000072	1	0	0
11909	40649553-473364-0-0	vbokna.ru	0.000008	1	0	0
11909	8939681-255564-0-0	puls-msk.ru	0.000008	1	0	0
11864	6557105-250544-0-0	www.interfax.ru	0.000008	1	0	0
11909	770388-64074-0-0	www.redwhite.ru	0.000008	1	0	0
11868	6557105-250544-0-0	interfax-ru.turbopages.org	0.000008	3	0	0
11857	92519834-734980-0-0	hotplayer.ru	0.000008	2	0	0
11909	65101275-579344-0-0	doctorpiter.ru	0.000072	1	0	0
11865	69816178-629408-0-0	xn--80abdgjyd4ar2a.xn--p1ai	0.000008	1	0	0
11904	1190468-251722-0-0	krasnogorsk-nedvizhimost.ru	0.000008	1	0	0
11868	66475862-459160-0-0	mkset-ru.turbopages.org	0.000008	1	0	0
11904	509629-29789-0-0	rg.ru	0.000008	2	0	0
12507	2383718-105230-0-0	astro-online.ru	0.000008	2	0	0
11857	452669-10552-0-0	www.tutu.ru	0.000008	2	0	0
12507	1036431-330571-0-0	marathonec.ru	0.000008	1	0	0
11904	553431-243324-0-0	topspiski.com	0.000008	1	0	0
11865	498578-26254-0-0	www.kp.ru	0.000008	1	0	0
11905	64173066-440960-0-0	radiokp.ru	0.000008	1	0	0
13677	36195-472385-0-0	www.mk.ru	0.000061	1	0	0
11864	18373836-576995-0-0	online.anidub.com	0.000008	2	0	0
11858	93836300-1210042-0-0	www.microstock.ru	0.000008	1	0	0
11864	5350121-136704-0-0	football.kulichki.net	0.000008	3	0	0
10009	6d4e33980ff0d340926898fa68e2f0cf-ac0cfa0dfcc0909ac	animeonline.cc	0.000072	1	0	0
11858	66194383-454376-0-0	idei-interera.ru	0.000008	1	0	0
11865	51898059-1263934-0-0	podborkino.com	0.000008	3	0	0
12507	571882-179755-0-0	ru.armeniasputnik.am	0.000008	2	0	0
11865	3849096-126345-0-0	www.gorodche.ru	0.000008	1	0	0
11857	36493473-331129-0-0	primpress.ru	0.000008	5	0	0
11868	2390032-357688-0-0	www.msn.com	0.000008	1	0	0
11858	2047853-448511-0-0	tekst-pesni.online	0.000008	1	0	0
11904	93915523-1293596-0-0	vibormasla.ru	0.000008	1	0	0
11909	2412782-419507-0-0	m.avito.ru	0.000008	23	0	0
11868	64173066-444849-0-0	radiokp-ru.turbopages.org	0.000008	1	0	0
11868	1560494-327099-0-0	travel.rambler.ru	0.000008	1	0	0
12509	65949452-453151-0-0	echo.msk.ru	0.000008	3	0	0
12507	2268602-268597-0-0	androidinsider-ru.turbopages.org	0.000008	1	0	0
11858	3389060-419282-0-0	www.cmlt.ru	0.000008	1	0	0
11857	65101275-447162-0-0	www.fontanka.ru	0.000008	20	0	0
11868	6557105-250544-0-0	www.interfax.ru	0.000072	5	0	0
11865	8562776-752596-0-0	m.sport-express.ru	0.000008	1	0	0
12507	36984531-255992-0-0	frukti--yagodi-ru.turbopages.org	0.000008	1	0	0
12509	65949452-515704-0-0	teleprogramma.pro	0.000008	10	0	0
11865	92869524-750730-0-0	nissan-modus.ru	0.000008	1	0	0
12507	407197-99551-0-0	playboyrussia.com	0.000008	1	0	0
11864	32125188-427920-0-0	bloknot-krasnodar.ru	0.000008	1	0	0
12512	56953682-526860-0-0	food.inmyroom.ru	0.000008	1	0	0
12507	7632479-149423-0-0	rueconomics.ru	0.000072	1	0	0
11857	91411553-671414-0-0	intrigue.dating	0.000008	2	0	0
11864	32125188-428028-0-0	bloknot-taganrog.ru	0.000008	1	0	0
10209	817-3736-0-0	kinodomix.ru	0.00009	0	1	0
9866	0-216200-0-0	www.tourprom.ru	0.000072	4	0	0
11864	51898059-487857-0-0	fiamma.kg-portal.ru	0.000008	1	0	0
11865	30414588-284610-0-0	magija-vkusa.ru	0.000008	1	0	0
11909	3293020-125354-0-0	www.goodhouse.ru	0.000008	3	0	0
11858	52914098-334991-0-0	conf.7ya.ru	0.000008	1	0	0
12509	18513640-185863-0-0	ucthat-v-skole.ru	0.000008	1	0	0
11909	93335226-830873-0-0	www.eg.ru	0.000008	2	0	0
11909	6438395-353887-0-0	otvet.mail.ru	0.000008	10	0	0
11864	62283798-551004-0-0	smarttelik.ru	0.000008	1	0	0
12507	92651734-741400-0-0	forums.kuban.ru	0.000008	1	0	0
12507	38661274-669705-0-0	audio-kniga.com.ua	0.000008	1	0	0
12513	65443695-449419-0-0	www.ok-magazine.ru	0.000008	1	0	0
11858	2201084-398232-0-0	www.mybryansk.ru	0.000008	1	0	0
11857	91841474-703076-0-0	nevnov-ru.turbopages.org	0.000008	1	0	0
11864	3090793-147280-0-0	pravoved.ru	0.000008	1	0	0
12509	65949452-552089-0-0	www.penzainform.ru	0.000008	1	0	0
11909	52914098-334991-0-0	conf.7ya.ru	0.000008	1	0	0
9012	33854-593382-0-0	ussurmedia.ru	0.000061	1	0	0
11909	56663774-602227-0-0	m.7days.ru	0.000008	2	0	0
9865	0-187544-0-0	serial-start.ru	0.000072	1	0	0
11858	91281576-663753-0-0	www.noob-club.ru	0.000008	1	0	0
11905	93683367-979907-0-0	aktnews.ru	0.000008	6	0	0
11865	88121411-603873-0-0	4eva.ru	0.000072	1	0	0
12507	2198230-95748-0-0	hondavodam.ru	0.000008	1	0	0
12507	37934116-630251-0-0	moika78-ru.turbopages.org	0.000008	1	0	0
9865	0-187544-0-0	minecraft.fandom.com	0.000072	1	0	0
11908	1011571-50615-0-0	argumenti.ru	0.000008	1	0	0
11858	92453275-732287-0-0	11novosti.ru	0.000008	1	0	0
12513	70390261-1242416-0-0	golosros.ru	0.000008	1	0	0
14056	0-216200-0-0	teleprogramma.pro	0.000072	7	0	0
12507	91235966-660718-0-0	lifehacker-ru.turbopages.org	0.000008	4	0	0
12507	37098483-256588-0-0	oktools.ru	0.000008	2	0	0
11857	5878455-139705-0-0	recepty.7dach.ru	0.000008	1	0	0
11864	65101275-578603-0-0	www.fontanka.ru	0.000008	3	0	0
12507	4782430-188668-0-0	www.glaz.tv	0.000072	1	0	0
11909	65101275-578759-0-0	www.marieclaire.ru	0.000008	3	0	0
11909	6557105-250544-0-0	www.interfax.ru	0.000008	1	0	0
12507	2443167-1263714-0-0	analogist.ru	0.000008	2	0	0
11865	91778783-1241164-0-0	kardiokbr.ru	0.000008	2	0	0
11905	503611-30324-0-0	spb.blizko.ru	0.000008	1	0	0
12507	91624402-735164-0-0	day.ru	0.000008	2	0	0
11909	2814265-341850-0-0	osemenah.ru	0.000008	2	0	0
11909	985920-49912-0-0	www.vidal.ru	0.000008	2	0	0
12512	71813031-490450-0-0	www.gismeteo.ru	0.000008	8	0	0
11858	7490678-322588-0-0	ontvtime.tv	0.000008	1	0	0
11909	974947-49517-0-0	www.9111.ru	0.000008	1	0	0
11857	85121344-597553-0-0	grilim.online	0.000008	1	0	0
11864	49657268-323488-0-0	mastergrad.com	0.000008	1	0	0
12507	3893355-1282135-0-0	nikatv-ru.turbopages.org	0.000008	1	0	0
11868	86690274-1228596-0-0	nauka.club	0.000072	1	0	0
11905	36882225-1243602-0-0	ru.abcdef.wiki	0.000008	2	0	0
11857	5092869-134625-0-0	echo-msk-ru.turbopages.org	0.000008	1	0	0
11857	33263340-264961-0-0	smo333.com	0.000008	1	0	0
11858	5905298-139817-0-0	glav.su	0.000008	4	0	0
12507	407197-91828-0-0	burdastyle.ru	0.000008	4	0	0
12507	9725529-168387-0-0	kaspyinfo.ru	0.000008	1	0	0
11865	87658317-603170-0-0	helpsophia.ru	0.000008	1	0	0
11865	93905134-1247191-0-0	vytrund.ml	0.000008	1	0	0
11858	92386429-1241104-0-0	tvrf.city	0.000008	1	0	0
9864	0-187544-0-0	m.7days.ru	0.000072	1	0	0
11904	73545808-1237954-0-0	bizneslion.ru	0.000008	1	0	0
11868	35650980-513061-0-0	ktv-ray.ru	0.000008	4	0	0
11864	65101275-447159-0-0	www.e1.ru	0.000008	1	0	0
11905	2112549-91685-0-0	prikolisti.mirtesen.ru	0.000008	1	0	0
12507	805568-239247-0-0	cosmo--frost-ru.turbopages.org	0.000008	1	0	0
11908	1041287-141365-0-0	steaklovers.menu	0.000072	1	0	0
12507	93599099-944073-0-0	deti--online-com.turbopages.org	0.000008	1	0	0
12509	89976696-630193-0-0	overclockers.ru	0.000008	1	0	0
11865	54464709-342612-0-0	korzik.net	0.000008	1	0	0
11865	92093171-1247033-0-0	afirturn.ml	0.000008	1	0	0
11857	915412-108160-0-0	1prime.ru	0.000008	1	0	0
11909	1560494-348677-0-0	colonelcassad.livejournal.com	0.000072	1	0	0
11868	1054260-72839-0-0	myrouble.ru	0.000008	1	0	0
11857	20438162-563646-0-0	m.realnoevremya.ru	0.000008	2	0	0
11904	8547153-159362-0-0	rusnext.ru	0.000008	1	0	0
12509	3090793-147280-0-0	pravoved.ru	0.000008	1	0	0
11858	5092869-134625-0-0	echo.msk.ru	0.000008	4	0	0
12507	65101275-578603-0-0	www.fontanka.ru	0.000008	21	0	0
9864	0-216200-0-0	m.pg21.ru	0.000072	3	0	0
11909	51020038-328213-0-0	tvsamara.ru	0.000008	3	0	0
11865	1557222-76801-0-0	basetop.ru	0.000008	1	0	0
12512	33530085-232061-0-0	kurgan.cian.ru	0.000008	1	0	0
12507	450077-12828-0-0	susanin.news	0.000008	1	0	0
12513	498578-26254-0-0	www.kp.ru	0.000008	1	0	0
11909	1918592-279312-0-0	biographe-ru.turbopages.org	0.000008	1	0	0
11868	897808-138129-0-0	klg.aif.ru	0.000008	1	0	0
11909	56663774-1206396-0-0	www.koolinar.ru	0.000008	1	0	0
11905	92386429-872461-0-0	cxem.net	0.000008	2	0	0
12512	448817-45172-0-0	gotovim-doma.ru	0.000008	1	0	0
12507	407197-158840-0-0	lisa-ru.turbopages.org	0.000008	5	0	0
11865	1985182-337607-0-0	kakoperator.ru	0.000008	1	0	0
11909	474272-104724-0-0	perevozka24.ru	0.000008	1	0	0
11868	7234779-162377-0-0	www.kommersant.ru	0.000072	1	0	0
11868	55738947-354291-0-0	online.zakon.kz	0.000008	1	0	0
11857	38661274-637001-0-0	knigkindom.ru	0.000008	2	0	0
11904	46431776-287922-0-0	joyreactor.cc	0.000008	1	0	0
12507	7891451-611991-0-0	pstationblog.ru	0.000008	1	0	0
12512	6746465-142629-0-0	hh.ru	0.000008	1	0	0
11904	67572452-463347-0-0	track24.ru	0.000008	2	0	0
11865	6734741-142545-0-0	www.drive2.ru	0.000008	5	0	0
11909	1054260-72839-0-0	myrouble.ru	0.000008	1	0	0
11909	36882225-456345-0-0	deita-ru.turbopages.org	0.000008	2	0	0
11858	418502-22191-0-0	forum.azlk-team.ru	0.000008	1	0	0
11909	1848013-444350-0-0	privet-rostov.ru	0.000008	2	0	0
11864	75907078-916410-0-0	fotostrana.ru	0.000008	1	0	0
11868	3003711-227354-0-0	cyrillitsa.ru	0.000008	1	0	0
12507	46632524-542541-0-0	coronavirus-monitorus.ru	0.000008	1	0	0
12507	78419176-594351-0-0	samgtu-lk.ru	0.000008	1	0	0
12509	67632165-464019-0-0	kartaslov.ru	0.000008	1	0	0
11909	94655083-1259083-0-0	livebir.ru	0.000008	1	0	0
11865	87842303-599966-0-0	kakpravilno.ru	0.000008	1	0	0
11909	33337629-229707-0-0	domikelectrica.ru	0.000008	1	0	0
12507	65101275-578374-0-0	m.nn.ru	0.000008	1	0	0
12507	39315718-670927-0-0	volga--day-ru.turbopages.org	0.000008	5	0	0
11864	51898059-487857-0-0	kg-portal.ru	0.000008	3	0	0
9866	0-187544-0-0	turkru.tv	0.000072	1	0	0
12507	1151239-249152-0-0	kupidonia.ru	0.000008	2	0	0
11909	9184396-261332-0-0	ocomp-info.turbopages.org	0.000008	1	0	0
11858	36882225-267966-0-0	rusvesna.su	0.000008	2	0	0
11857	1560494-348664-0-0	lenta-ru.turbopages.org	0.000008	2	0	0
12507	498578-196262-0-0	kp-ru.turbopages.org	0.000008	5	0	0
12367	0-187544-0-0	www.eg.ru	0.000072	2	0	0
11904	30544323-214422-0-0	volzsky-klass.ru	0.000008	1	0	0
11857	55738947-354291-0-0	www.zakon.kz	0.000008	1	0	0
11909	6438395-457268-0-0	youla.ru	0.000008	8	0	0
12507	68788106-609760-0-0	kakpostroit.su	0.000008	1	0	0
12507	954339-48668-0-0	metronews-ru.turbopages.org	0.000008	1	0	0
11865	38661274-635651-0-0	mir-knigi.info	0.000008	2	0	0
12507	54367139-341551-0-0	live24.ru	0.000072	1	0	0
11868	92386429-978316-0-0	tvrf.online	0.000008	2	0	0
11865	9464280-992718-0-0	genshin.ru	0.000008	2	0	0
11864	2029124-87589-0-0	www.vzsar.ru	0.000008	3	0	0
12507	49657268-323488-0-0	mastergrad-com.turbopages.org	0.000008	1	0	0
12507	1650869-235105-0-0	novayagazeta-ru.turbopages.org	0.000008	1	0	0
11860	53838711-339155-0-0	gameguru.ru	0.000008	1	0	0
11909	65101275-577826-0-0	59.ru	0.000008	2	0	0
12507	31023497-255643-0-0	zachestnyibiznes-ru.turbopages.org	0.000008	2	0	0
12507	2103170-226960-0-0	actualnews-org.turbopages.org	0.000008	1	0	0
11865	88690383-611984-0-0	jaomix.ru	0.000008	3	0	0
12367	0-191256-0-0	www.mk.ru	0.000072	1	0	0
11904	504193-28011-0-0	www.zr.ru	0.000008	1	0	0
12507	91437683-775204-0-0	tkaner-com.turbopages.org	0.000008	2	0	0
11864	475686-728766-0-0	amedia.online	0.000008	1	0	0
14056	0-187544-0-0	nauka.club	0.000113	1	1	0
11857	941157-244057-0-0	ussurmedia.ru	0.000008	1	0	0
12507	51468706-330066-0-0	vz-ru.turbopages.org	0.000008	1	0	0
11864	3340748-128064-0-0	realtystreet.ru	0.000008	1	0	0
11865	67725083-464524-0-0	rustars.tv	0.000008	1	0	0
11909	3598907-324656-0-0	7days-ru.turbopages.org	0.000008	1	0	0
11865	805568-239247-0-0	cosmo-frost.ru	0.000008	2	0	0
12367	0-187544-0-0	m.7days.ru	0.000072	1	0	0
11868	8562776-752096-0-0	www.vesti.ru	0.000072	1	0	0
12509	6746465-148945-0-0	hhcdn.ru	0.000008	5	0	0
12507	318248-213091-0-0	heaclub.ru	0.000008	1	0	0
12509	66475862-456128-0-0	bel.ru	0.000008	1	0	0
12513	32060332-216808-0-0	java-online.ru	0.000008	1	0	0
11909	7773941-487848-0-0	realika.ru	0.000008	2	0	0
11905	1390322-415877-0-0	upn.ru	0.000008	2	0	0
11868	1974615-260019-0-0	m.pg21.ru	0.000072	1	0	0
11904	3281497-136716-0-0	m.sport-express.ru	0.000008	3	0	0
11865	489104-59468-0-0	irecommend.ru	0.000008	1	0	0
11857	7546835-148644-0-0	chess-samara.ru	0.000008	2	0	0
12507	38661274-635651-0-0	mir-knigi.info	0.000008	1	0	0
11909	932583-57178-0-0	monchegorsk.nuipogoda.ru	0.000008	1	0	0
12507	2050914-567266-0-0	www.tourprom.ru	0.000072	1	0	0
11904	32781733-221907-0-0	novosibirsk.move.ru	0.000008	1	0	0
12507	70693224-599999-0-0	dachnyuchastok.ru	0.000008	1	0	0
11904	8241282-271439-0-0	siniy-ekran.ru	0.000008	1	0	0
11858	7490678-257823-0-0	dozatv.org	0.000008	1	0	0
11791	65bd063b3720d703fa73072dcabb277a-9c78d4358b08e3587	zetflix.top	0.000008	1	0	0
11865	30025181-246104-0-0	discover24.ru	0.000072	1	0	0
11904	2412782-419506-0-0	www.avito.ru	0.000008	2	0	0
12507	48272767-989426-0-0	gb21perm-ru.turbopages.org	0.000008	2	0	0
11909	36867070-255603-0-0	proshoper.ru	0.000008	1	0	0
11865	92147898-844188-0-0	odeon-group.ru	0.000008	1	0	0
11865	3977605-126662-0-0	medi.ru	0.000008	1	0	0
11858	1024057-50948-0-0	eva.ru	0.000008	1	0	0
11860	56953682-478194-0-0	www.inmyroom.ru	0.000008	3	0	0
11868	2390032-357673-0-0	www.msn.com	0.000008	1	0	0
11865	54770757-1311560-0-0	cam-stone.ru	0.000008	1	0	0
11858	58383-176792-0-0	www.beatles.ru	0.000008	1	0	0
12509	89976696-630193-0-0	overclockers.ru	0.000072	1	0	0
11858	4438373-129798-0-0	ru-an.info	0.000008	1	0	0
11857	92519834-1223907-0-0	ru.drivemusic.me	0.000008	2	0	0
11791	65bd063b3720d703fa73072dcabb277a-9c78d4358b08e3587	rick-i-morty.online	0.000072	1	0	0
12507	5006086-168176-0-0	www.frequentflyers.ru	0.000008	1	0	0
11909	88830169-613977-0-0	kvartelia.ru	0.000008	4	0	0
11858	471024-17376-0-0	forum.ners.ru	0.000008	1	0	0
11864	18373836-455813-0-0	top-mods.ru	0.000008	2	0	0
11865	92519834-734980-0-0	stand.hitplayer.ru	0.000008	1	0	0
11909	7310105-146524-0-0	mashmaster.ru	0.000072	1	0	0
14056	0-216200-0-0	tass.ru	0.000072	2	0	0
12507	78925847-636653-0-0	list-vk.com	0.000008	3	0	0
11864	32125188-427913-0-0	bloknot-voronezh.ru	0.000008	1	0	0
11904	61554-32340-0-0	novate.ru	0.000008	1	0	0
11865	3281497-136716-0-0	m.sport-express.ru	0.000008	3	0	0
11865	88101756-754798-0-0	genshin-info.ru	0.000008	1	0	0
11909	5306121-710613-0-0	mrhvost-com.turbopages.org	0.000008	1	0	0
11909	87276007-592219-0-0	www.mk.ru	0.000008	4	0	0
11858	5764493-278531-0-0	kineshemec.ru	0.000008	1	0	0
12512	49623587-700970-0-0	www.antik-forum.ru	0.000008	1	0	0
12507	94072061-1210691-0-0	novostivl-ru.turbopages.org	0.000008	3	0	0
11864	65101275-578759-0-0	www.marieclaire.ru	0.000008	1	0	0
11909	1754751-202333-0-0	kartofan.org	0.000008	1	0	0
11857	3849096-126345-0-0	www.gorodche.ru	0.000008	4	0	0
12513	2390032-356910-0-0	www.msn.com	0.000008	1	0	0
12367	0-216200-0-0	tass.ru	0.000072	2	0	0
12513	65101275-447121-0-0	dom.ngs.ru	0.000008	1	0	0
9866	0-187544-0-0	rossaprimavera.ru	0.000072	1	0	0
12367	0-216200-0-0	www.eg.ru	0.000072	1	0	0
11864	3849096-126345-0-0	www.gorodche.ru	0.000008	3	0	0
11857	56364423-381774-0-0	rifey-ru.turbopages.org	0.000008	1	0	0
11868	509780-660426-0-0	v102.ru	0.000008	2	0	0
11909	91437683-992150-0-0	setafi.com	0.000008	1	0	0
12509	6746465-142629-0-0	novouralsk.hh.ru	0.000008	1	0	0
11865	34382785-242460-0-0	vsn.ru	0.000008	1	0	0
12507	38661274-288840-0-0	tengritravel.kz	0.000008	1	0	0
11857	7632479-149419-0-0	riafan-ru.turbopages.org	0.000008	2	0	0
11858	2918101-113120-0-0	www.u-mama.ru	0.000008	1	0	0
11858	371996-604547-0-0	lapkins.ru	0.000008	1	0	0
11865	46431776-287922-0-0	joyreactor.cc	0.000008	1	0	0
12509	5092869-134625-0-0	echo.msk.ru	0.000008	1	0	0
11857	9154466-611888-0-0	abnews-ru.turbopages.org	0.000008	3	0	0
11909	95323677-1308726-0-0	72.letsgetiton.ru	0.000008	1	0	0
12507	82757547-564359-0-0	izhlife.ru	0.000008	1	0	0
11865	1456218-429950-0-0	botsman.org	0.000008	1	0	0
11865	32172696-496782-0-0	vseobzorko.ru	0.000008	1	0	0
12507	33536307-232125-0-0	riaderbent-ru.turbopages.org	0.000008	2	0	0
12512	92928962-752036-0-0	animego.org	0.000072	6	0	0
9866	0-187544-0-0	www.myshared.ru	0.000113	1	1	0
11909	73994280-503789-0-0	shutok.ru	0.000008	1	0	0
12507	1085061-547807-0-0	be5.biz	0.000008	1	0	0
11860	2112549-91685-0-0	vkusno.mirtesen.ru	0.000008	1	0	0
11858	92386429-978316-0-0	tvrf.online	0.000008	1	0	0
11909	25702679-191501-0-0	mos.proshoper.ru	0.000008	1	0	0
13683	42666-622170-0-0	profile.ru	0.000061	6	0	0
11865	2112549-91685-0-0	prikolisti.mirtesen.ru	0.000008	1	0	0
12507	55365789-423310-0-0	stereo.ru	0.000008	2	0	0
11860	77469582-542301-0-0	domovod.guru	0.000008	1	0	0
12507	92614311-741303-0-0	www.paparazzi.ru	0.000072	1	0	0
11857	51452342-443163-0-0	moika78.ru	0.000008	2	0	0
12507	60710551-406870-0-0	avtomonitor.ru	0.000008	1	0	0
12507	91122342-653694-0-0	fanat1k.ru	0.000008	1	0	0
11865	91411553-671414-0-0	intrigue.dating	0.000008	3	0	0
12507	63057441-424098-0-0	prombez24.com	0.000008	1	0	0
9012	42617-614939-0-0	24smi.org	0.000061	2	0	0
11857	2047853-448511-0-0	tekst-pesni.online	0.000008	1	0	0
12512	52301325-333179-0-0	geodesist.ru	0.000008	1	0	0
11909	26809064-692601-0-0	lanos-volgograd.ru	0.000008	1	0	0
12507	91778783-844094-0-0	uteplitel--minol-ru.turbopages.org	0.000008	2	0	0
11905	426064-26708-0-0	www.gotovim.ru	0.000008	1	0	0
11858	92519834-734981-0-0	page.ligaudio.ru	0.000008	1	0	0
12507	64173066-443007-0-0	radiokp.ru	0.000008	6	0	0
11858	42813817-276165-0-0	www.znak.com	0.000008	2	0	0
11857	34351736-242216-0-0	www.khl.ru	0.000008	1	0	0
11904	92386429-1241104-0-0	tvrf.city	0.000008	4	0	0
11864	6746465-142629-0-0	hh.ru	0.000008	2	0	0
11858	30472968-196885-0-0	board.german242.com	0.000008	1	0	0
11868	503611-30324-0-0	belgorod.blizko.ru	0.000008	1	0	0
11857	16694044-184991-0-0	www.finam.ru	0.000008	2	0	0
11864	65101275-447176-0-0	www.nn.ru	0.000008	2	0	0
11864	6438395-147025-0-0	my.mail.ru	0.000072	10	0	0
11864	51898059-530470-0-0	gallerix.ru	0.000008	1	0	0
12507	33162632-226336-0-0	newizv-ru.turbopages.org	0.000008	1	0	0
11909	1718328-141569-0-0	cont.ws	0.000008	1	0	0
11864	6438395-152036-0-0	sportmail.ru	0.000008	3	0	0
11909	1114383-967865-0-0	gdeichto-ru.turbopages.org	0.000008	1	0	0
11865	1456218-735128-0-0	botsman.org	0.000008	1	0	0
11909	25583872-543103-0-0	assz.ru	0.000008	1	0	0
12507	49608361-418964-0-0	1000.menu	0.000008	6	0	0
11860	65101275-579431-0-0	www.elle.ru	0.000008	2	0	0
12507	6378935-212581-0-0	inoved.ru	0.000008	1	0	0
11865	35792046-249118-0-0	womanadvice.ru	0.000008	1	0	0
14080	0-187544-0-0	you-anime.ru	0.000072	2	0	0
12512	87276007-592219-0-0	www.mk.ru	0.000072	2	0	0
12507	407197-141296-0-0	ichip.ru	0.000008	1	0	0
11865	94208401-1313934-0-0	jokeru.ru	0.000008	2	0	0
12507	441536-99196-0-0	fapl.ru	0.000008	2	0	0
11909	93261812-810117-0-0	doramalive.ru	0.000072	1	0	0
11791	65bd063b3720d703fa73072dcabb277a-9c78d4358b08e3587	ae-online.lordfilms-s.biz	0.000008	1	0	0
12509	3293020-129405-0-0	cosmo-ru.turbopages.org	0.000008	1	0	0
11909	93178036-774550-0-0	knijky.ru	0.000008	1	0	0
12507	10018531-216742-0-0	1tulatv.ru	0.000008	1	0	0
11865	36444689-252701-0-0	online-buhuchet.ru	0.000008	1	0	0
11865	30570339-693881-0-0	moevideo.biz	0.000008	1	0	0
11791	6f74b1d4b2ed506a17af3512d3fe8687-7a4768dd42d5d74b9	turkru.tv	0.000072	1	0	0
11865	39315718-724782-0-0	informing.ru	0.000008	1	0	0
12509	1945809-344973-0-0	touristam.com	0.000008	1	0	0
10009	65bd063b3720d703fa73072dcabb277a-9c78d4358b08e3587	animeonline.cc	0.000072	1	0	0
12509	503611-30324-0-0	ivanovo.blizko.ru	0.000008	1	0	0
12512	2411802-554098-0-0	desu.me	0.000008	2	0	0
11909	33946563-713947-0-0	jv-ru.turbopages.org	0.000008	1	0	0
11909	31776142-209463-0-0	stapravda.ru	0.000008	1	0	0
11909	2112549-91685-0-0	vkusno.mirtesen.ru	0.000008	1	0	0
11909	5809954-243666-0-0	vgoroden-ru.turbopages.org	0.000008	2	0	0
11905	47029973-694123-0-0	oko-planet.su	0.000072	1	0	0
12509	65949452-563305-0-0	www.ufa.kp.ru	0.000008	1	0	0
12509	94975327-1284554-0-0	vortexnews.ru	0.000008	2	0	0
11865	92093171-1268381-0-0	lesstroy.net	0.000008	2	0	0
9866	0-216200-0-0	www.m24.ru	0.000072	1	0	0
11858	89976696-630193-0-0	overclockers.ru	0.000008	1	0	0
9869	0-187544-0-0	klops.ru	0.000072	2	0	0
11858	4287260-244614-0-0	avercheva.ru	0.000008	1	0	0
11868	1560494-244130-0-0	www.rambler.ru	0.000008	1	0	0
12507	1756154-113576-0-0	m.sibkray.ru	0.000008	2	0	0
11909	36493473-331129-0-0	primpress.ru	0.000072	5	0	0
14055	0-187544-0-0	24smi.org	0.000072	1	0	0
11860	18373836-590335-0-0	jeparle.ru	0.000008	1	0	0
11909	61657907-412959-0-0	spletnik-ru.turbopages.org	0.000008	2	0	0
9012	34951-104560-0-0	www.baby.ru	0.000061	1	0	0
11857	38661274-696305-0-0	fplib.ru	0.000008	1	0	0
11865	91483064-675473-0-0	www.tomat-pomidor.com	0.000008	2	0	0
12512	31266300-205913-0-0	riavrn.ru	0.000008	1	0	0
11865	30570339-681440-0-0	moevideo.biz	0.000008	1	0	0
11860	2112549-91685-0-0	poleznosti.mirtesen.ru	0.000008	1	0	0
11860	1380725-208191-0-0	gazetabiznes.ru	0.000008	3	0	0
11905	1085061-547807-0-0	be5.biz	0.000008	1	0	0
11904	5135495-80769-0-0	pesnipodgitaru.ru	0.000008	2	0	0
12509	65949452-542792-0-0	radiokp.ru	0.000008	4	0	0
11909	14912667-1249224-0-0	med-ram.ru	0.000008	1	0	0
11865	16906968-209742-0-0	housechief.ru	0.000008	1	0	0
12507	55879175-355102-0-0	wiki--dacha-ru.turbopages.org	0.000008	2	0	0
12507	7295714-153743-0-0	russian.rt.com	0.000008	2	0	0
11909	1133796-430869-0-0	www.rulit.me	0.000008	1	0	0
12507	2117351-224717-0-0	tverigrad-ru.turbopages.org	0.000008	1	0	0
11865	388132-180306-0-0	webferma.com	0.000008	1	0	0
11858	2383718-105230-0-0	astro-online.ru	0.000008	1	0	0
11909	1571962-1220442-0-0	uspehbogatstvo.ru	0.000008	1	0	0
12507	2983481-409927-0-0	vklist.ru	0.000072	1	0	0
12507	52072804-1270936-0-0	dom--i--remont-info.turbopages.org	0.000008	1	0	0
11858	61554-32340-0-0	novate.ru	0.000008	1	0	0
11864	42813817-276165-0-0	www.znak.com	0.000008	1	0	0
11865	9577719-990556-0-0	vk-look.com	0.000008	1	0	0
11904	94975327-1284554-0-0	vortexnews.ru	0.000008	1	0	0
12507	1180293-56287-0-0	www.kaluga-poisk.ru	0.000008	3	0	0
11864	6438395-147024-0-0	lady.mail.ru	0.000008	2	0	0
12507	980566-48186-0-0	universal_en_ru.academic.ru	0.000008	1	0	0
11868	34382785-242460-0-0	vsn.ru	0.000008	2	0	0
11905	1167633-53619-0-0	calorizator.ru	0.000008	2	0	0
11868	1322075-207738-0-0	fb.ru	0.000008	1	0	0
11865	24142277-191235-0-0	vyatka-grad.ru	0.000008	1	0	0
12507	30544323-216950-0-0	razviwaika.ru	0.000008	1	0	0
12507	38243664-260292-0-0	domstrousam-ru.turbopages.org	0.000008	2	0	0
12507	3962685-126917-0-0	edaplus-info.turbopages.org	0.000008	1	0	0
11864	874982-46249-0-0	svpressa.ru	0.000008	2	0	0
11909	64173066-444849-0-0	radiokp-ru.turbopages.org	0.000008	1	0	0
12507	38661274-637001-0-0	knigkindom.ru	0.000008	3	0	0
11865	6557105-250544-0-0	www.interfax.ru	0.000072	1	0	0
11909	52378882-387744-0-0	postroju-dom.ru	0.000008	1	0	0
11909	34527282-243296-0-0	www.alpha-ag.ru	0.000072	1	0	0
11865	89339234-620181-0-0	berrycredit.ru	0.000008	1	0	0
11858	8176469-155098-0-0	forum.na-svyazi.ru	0.000008	2	0	0
11868	84665160-683313-0-0	zaycev.net	0.000008	1	0	0
11909	20446927-188577-0-0	sdelaicomp.ru	0.000008	1	0	0
12507	2731523-132720-0-0	popgun.ru	0.000008	1	0	0
12509	6746465-142629-0-0	spb.hh.ru	0.000008	1	0	0
11858	77920991-674480-0-0	knizhkin.org	0.000008	1	0	0
12507	6477779-284177-0-0	sims4pack.ru	0.000008	1	0	0
12507	6601699-142265-0-0	ilive-com-ua.turbopages.org	0.000008	1	0	0
12507	974947-49517-0-0	www.9111.ru	0.000008	2	0	0
12507	3323513-121030-0-0	www.chinamobil.ru	0.000008	1	0	0
12507	82862297-568515-0-0	dacha.help	0.000008	1	0	0
11868	1180293-56287-0-0	www.kaluga-poisk.ru	0.000008	1	0	0
11905	24111355-1291364-0-0	readmanga.io	0.000008	1	0	0
11909	79428861-545653-0-0	ranobes.com	0.000008	1	0	0
11905	2112549-91685-0-0	glagol.mirtesen.ru	0.000008	1	0	0
12507	407197-196583-0-0	www.ivd.ru	0.000008	2	0	0
12507	94450274-1248247-0-0	mobilych.com.ua	0.000008	2	0	0
11857	1591201-108029-0-0	fighttime.ru	0.000008	1	0	0
11904	6438461-709396-0-0	ok.ru	0.000072	1	0	0
11865	1718328-141569-0-0	cont.ws	0.000008	2	0	0
12507	51526388-614055-0-0	stranamam-ru.turbopages.org	0.000008	3	0	0
11909	65101275-576079-0-0	161.ru	0.000008	1	0	0
8662	6f74b1d4b2ed506a17af3512d3fe8687-23461f89c2c102937	profile.ru	0.000072	1	0	0
11857	35802274-345755-0-0	sochinimka.ru	0.000008	1	0	0
12368	0-187544-0-0	minecraft.fandom.com	0.000072	1	0	0
11858	65101275-577844-0-0	76.ru	0.000008	1	0	0
12507	32184494-651046-0-0	vashcvetok.ru	0.000008	1	0	0
12509	65949452-1262662-0-0	www.9111.ru	0.000008	1	0	0
12507	40879015-268596-0-0	naavtotrasse.ru	0.000008	1	0	0
11864	86690274-711814-0-0	www.yaplakal.com	0.000008	1	0	0
11865	3293020-129405-0-0	www.cosmo.ru	0.000008	2	0	0
11865	91778881-1242464-0-0	trickme.ru	0.000008	1	0	0
12507	7417642-189039-0-0	gadalkindom.ru	0.000008	1	0	0
11909	3880103-1213385-0-0	toprating.in.ua	0.000008	1	0	0
11865	4228666-128337-0-0	pravogolosa.net	0.000008	1	0	0
11865	7286645-580131-0-0	tech.onliner.by	0.000008	2	0	0
12507	3984262-263139-0-0	technical.city	0.000008	1	0	0
11857	6379468-141277-0-0	www.gruzovik.ru	0.000008	2	0	0
11865	54770757-1312709-0-0	cam-stone.ru	0.000008	1	0	0
11791	65bd063b3720d703fa73072dcabb277a-9c78d4358b08e3587	animeonline.cc	0.000072	1	0	0
11864	92614311-739883-0-0	newsland.com	0.000008	1	0	0
11858	93836300-1210014-0-0	www.bolshoyvopros.ru	0.000008	1	0	0
11864	6438395-248298-0-0	youla.ru	0.000008	5	0	0
12507	1718328-141569-0-0	cont.ws	0.000008	2	0	0
12507	33263340-255619-0-0	4eva.ru	0.000072	1	0	0
11860	18373836-455813-0-0	top-mods.ru	0.000008	4	0	0
11904	571882-179755-0-0	ru.armeniasputnik.am	0.000008	1	0	0
11909	5584162-138578-0-0	www.anekdot.ru	0.000008	1	0	0
11864	6438395-143097-0-0	otvet.mail.ru	0.000008	8	0	0
11904	369305-1038-0-0	3dnews.ru	0.000008	2	0	0
12507	915668-233935-0-0	terrnews-com.turbopages.org	0.000008	1	0	0
12509	18373836-799367-0-0	nesiditsa.ru	0.000008	2	0	0
11904	88690383-611984-0-0	jaomix.ru	0.000008	1	0	0
11858	87936520-601046-0-0	www.mamba.ru	0.000008	5	0	0
9864	0-187544-0-0	filmplace.ru	0.00009	0	1	0
11857	88101756-754798-0-0	genshin-info.ru	0.000008	1	0	0
11909	498578-284388-0-0	www.kp.ru	0.000008	3	0	0
12507	39077187-262482-0-0	teksty-pesenok.ru	0.000072	1	0	0
11909	36493473-331129-0-0	primpress.ru	0.000008	11	0	0
12509	6746465-142629-0-0	saratov.hh.ru	0.000008	1	0	0
11904	34640754-322173-0-0	pickimage.ru	0.000008	1	0	0
12512	7378703-147144-0-0	eadaily.com	0.000008	1	0	0
12507	1412746-1207820-0-0	m.iamcook.ru	0.000008	1	0	0
11904	388132-180306-0-0	webferma.com	0.000008	1	0	0
11909	83384515-567219-0-0	orenday.ru	0.000008	1	0	0
11908	850341-45493-0-0	www.cqham.ru	0.000008	1	0	0
11865	46431776-287922-0-0	reactor.cc	0.000008	1	0	0
11858	5350121-136704-0-0	football.kulichki.net	0.000008	2	0	0
9864	0-216200-0-0	www.eg.ru	0.000072	1	0	0
11865	7619909-149291-0-0	other.avtotochki.ru	0.000008	1	0	0
11868	87276007-592219-0-0	www.mk.ru	0.000072	1	0	0
12507	71195898-486717-0-0	mbib.ru	0.000008	1	0	0
11904	91427065-672095-0-0	aroundpet.ru	0.000008	1	0	0
9866	0-187544-0-0	xn----7sbahrplyfdaxfotk.xn--p1ai	0.000072	1	0	0
11858	770388-64074-0-0	www.redwhite.ru	0.000008	2	0	0
12507	8562776-751411-0-0	dni.ru	0.000008	1	0	0
11864	5206409-119972-0-0	moreidey.ru	0.000008	1	0	0
